5.002106099189082 5.002106099189082
5.040804087005046 5.040804087005046
5.010199212408685 5.006895465615355
4.859584324796435 4.919677366693336
4.901836062700321 4.901836062700321
4.909086556270204 4.911940971430201
4.90373771421371 4.908294321498055
4.880123228945974 4.880123228945974
5.001904136256168 5.001904136256168
5.118390632398201 5.0207838270399305
4.891283240685096 4.891283240685096
5.028285980224609 5.036077162798713
5.156041925603693 5.156041925603693
4.689735744310462 4.689735744310462
5.058379382621951 5.043139533817488
5.171175003051758 5.128755724107897
4.868097641888787 4.868097641888787
5.091189840565557 5.091189840565557
5.015933452836619 5.011717154309641
5.277139663696289 5.313992204337285
5.150343758719308 5.115077059033891
5.113515413724459 4.892212838837595
5.533199310302734 5.533199310302734
4.82915330969769 4.82915330969769
4.941705239785684 5.044596491633235
5.1383336684283085 5.163664076063368
5.024887520926339 4.896217241679152
5.093591184032206 5.078770291978034
5.019509451729911 4.93236820281498
5.153126766807155 5.153126766807155
4.80166998969184 4.80166998969184
4.809758366765203 4.8780538807744565
4.655147976345486 4.655147976345486
5.196141803075397 5.180253462357954
5.564875089205229 5.4244158063616075
4.870008433948864 4.870008433948864
5.158720016479492 4.798354678683811
5.430782402886285 5.430782402886285
4.789728937922297 4.737456177636016
4.896432954971105 4.879787518901209
4.809360504150391 4.809360504150391
4.760227427763097 4.760227427763097
5.224120669894749 5.2101737879499606
4.813648930302373 4.813648930302373
4.962281799316406 4.962281799316406
5.394275774274553 5.186212610315393
5.099569660343536 5.099569660343536
4.992632184709821 4.898653815774357
5.3397345909705525 5.3397345909705525
5.062648703835228 5.038674926757812
4.902454494201031 4.886521842611495
4.843559606751399 4.929488118489584
5.18437431227993 5.152253327546297
5.0177857933974845 5.0177857933974845
5.295470481695131 5.214892640405772
4.774337235030594 4.779862467447916
4.996953473772321 4.806282980400219
5.0617514217601105 4.955122514204546
4.850515987096208 4.863767700195313
4.885881095096983 4.885881095096983
4.906632333431604 4.906632333431604
5.102583986853585 5.073082865683685
4.723736897531348 4.715549375952744
4.723307508103391 4.743109976891244
4.70177143376048 4.785300864829673
4.789123947555955 4.789123947555955
4.976290644431601 4.976290644431601
5.008187430245536 5.008168713799838
5.093179182572798 5.093179182572798
4.7213789416897685 4.7213789416897685
4.945634264823718 4.945634264823718
5.334040832519531 5.334040832519531
4.913952287946429 4.9409891220337565
4.980294504473286 4.904853372012868
4.976290644431601 4.976290644431601
4.963869841202445 4.963869841202445
4.84796142578125 4.84796142578125
4.635690767471105 4.635690767471105
4.658162636331992 4.658162636331992
5.219026264391448 5.219026264391448
4.899255471151383 4.899255471151383
5.129160563151042 5.080333482896959
5.0522906963641825 5.055940158704188
5.000128467010098 5.000128467010098
5.062895744077621 5.103615274234694
4.884999593098958 4.844427020733173
4.973131452287946 4.973131452287946
5.214356558663504 5.214356558663504
5.22072172164917 5.22072172164917
5.0939089596926515 5.040902137756348
5.259363753072331 5.259363753072331
4.957324053790118 4.933630901834239
4.892834027608235 4.849577390230619
5.03204345703125 5.05948486328125
4.942975599988759 4.951241179435484
4.785391530682964 4.817783521569294
5.040692195714077 5.054012639735772
5.194156769783266 5.082959803139291
4.976290644431601 4.976290644431601
4.940072421369882 4.983882059577767
5.147109600676208 5.110382299629046
5.137586321149554 5.137586321149554
5.134596325102306 5.134596325102306
5.3136138916015625 5.2801904012990555
4.936371979890047 4.971028473417638
5.384505878795277 5.375521095850134
4.759529903017241 4.737086350355691
4.849902094626914 4.839669478567023
4.807467990451389 4.832933743794759
4.663600612331081 4.663600612331081
5.194156769783266 5.082959803139291
4.854510257118626 4.854510257118626
4.885831257943331 4.899776280483353
4.80075300500748 4.899152912077357
5.113614807128906 5.113614807128906
5.550635842715993 5.550635842715993
5.229963030133929 5.229963030133929
5.283181762695312 5.283181762695312
5.2403582948626894 5.214666457403274
4.866073885830966 4.866073885830966
4.737601209042677 4.720452249461207
5.457031581712806 5.3192566902406755
5.114167770536819 5.101209727995986
4.62015697337963 4.639732947716346
5.08038558959961 5.08038558959961
5.044091060243804 5.00742078807256
4.99294169967723 5.020670572916667
4.821201221362965 4.829126130110063
4.732151466079905 4.779349293428309
5.0028266221463324 5.005274618825605
4.901179220824115 4.901179220824115
5.069262401167169 5.069262401167169
5.120148398659446 5.120148398659446
5.0361822219122026 5.0361822219122026
4.883474985758464 4.883474985758464
4.772935994466146 4.778585260564631
5.184853363037109 5.111107624752421
5.178530410981514 5.150411643729305
4.922520791330645 4.922520791330645
4.874300956726074 4.867744759337543
4.9894030171055945 4.9894030171055945
4.763786109718117 4.718659442404042
4.7387169471153845 4.747740322485902
4.9671780861030195 4.9671780861030195
4.982509566326531 4.985915895492312
4.7630870730377906 4.7630870730377906
5.2699746524586395 5.2699746524586395
5.283558238636363 5.283558238636363
4.8736748222832205 4.860875075425559
4.847151692708334 4.847151692708334
4.289853761522032 4.2939613079202585
5.026029093881672 4.982206662495931
5.180167156717052 5.160333251953125
4.712600935750933 4.752602483993186
4.827472555226293 4.827472555226293
4.861098225911459 4.799852797564339
4.779953956604004 4.787223815917969
4.9631840905477835 5.054447383671016
4.999871008174935 4.947306315104167
5.506642659505208 5.506642659505208
5.089365980360243 5.089365980360243
5.300870361328125 5.172168254852295
4.91103392608406 4.898280731619221
4.841168984599497 4.8375891585376385
5.040824142156863 5.040824142156863
4.592772856212798 4.57847176610896
4.863973345075335 4.88626708984375
5.115605436413493 5.118708990757762
4.951871948242188 4.928748497596154
4.873949272688045 4.873949272688045
4.99524145727759 4.90229296875
4.995093605735085 4.908282078734231
4.948032138583897 4.954891778726493
4.872740906554383 4.872740906554383
5.063833149636929 5.0488483059790825
4.987032039436752 4.992242824264437
4.786628115493639 4.792302724477407
4.817492739692408 4.816141147806187
4.968625371327657 4.968625371327657
5.0456707294170675 5.0456707294170675
5.2646962041440215 5.045706472089214
4.907247092507102 4.874116294404381
5.025426179459951 4.9487513636683556
4.8439993829083585 4.8439993829083585
5.181261036494007 5.225341415405273
5.378823696038662 5.3386529886497645
4.796048845563616 4.95732367793216
4.919798638410629 4.856935928428108
4.95772817183514 4.827124584680316
4.798137664794922 4.872308028371711
5.23049072265625 5.282675224438048
4.936848285769628 4.936848285769628
5.051067645733173 4.933750499378551
4.754095006872107 4.754095006872107
4.9908294677734375 5.083434041341146
4.8305741743607955 4.8110326951549895
4.999994718111479 5.18404962598663
5.039859613515265 5.039859613515265
4.5749257405598955 4.404044015066964
4.871624992889108 4.857230213200935
4.928137666435652 4.8780416786123855
5.102261352539062 5.1440532124125875
5.324050454532399 5.324050454532399
5.201764634076286 5.201764634076286
5.03161267732319 4.994961340450546
4.76372790727459 4.7663984298706055
4.731152012337387 4.731152012337387
5.028645134790772 5.028645134790772
4.8914248046875 4.8914248046875
4.932684873923277 4.923391666052477
5.120130615234375 5.120130615234375
4.920248031616211 4.832947132199309
4.865766846578181 4.865766846578181
4.891848246256511 4.974979073660714
4.842408151337595 4.785742295526825
5.140817057291667 4.981755986943975
4.964784170728211 4.965300902208561
5.376021846648185 5.376021846648185
5.093655493951613 5.093655493951613
5.173744603207237 4.995277496705572
4.950352861376231 4.933435293344351
4.918321178805444 5.057170370350713
5.397053527832031 5.409688568115234
5.225649537158613 5.183680545241208
5.380776977539062 5.315689314657183
4.817763207663952 4.828614206025095
5.090279541015625 5.069620646402507
4.862713730126097 4.828840217334312
5.001664123535156 5.004023533241422
4.863883124457465 4.863883124457465
4.982767314811028 4.972495503944926
4.844958844866071 4.885571088947233
4.824929891788828 4.824929891788828
5.094479278433476 5.094479278433476
4.872200520833333 4.872200520833333
5.26761316370081 5.109917584587546
4.957972439852628 4.957972439852628
5.6346435546875 5.520654042561849
4.930976733826754 4.930976733826754
5.0617341815300705 5.050195744607301
5.023183739703635 5.023183739703635
5.172316028225806 5.042239782945165
4.976753821739783 4.939936204390093
5.12110768193784 5.120508438501602
4.884452937199519 4.842705751076723
5.264494733112614 5.210719181941106
5.466641108194987 5.466641108194987
4.908530053795415 4.879063366305443
4.7825541435917724 4.785108184814453
5.173837184906006 5.08342030284169
5.19968459185432 5.19968459185432
5.059823031038851 5.066213657201263
5.142083615672831 5.129598843849312
4.940814404723943 4.928049954501065
4.909948657372754 4.909948657372754
4.854006262819739 4.854006262819739
5.18273199172247 5.18273199172247
5.033352283949263 4.997994192023026
5.246184539794922 5.195886721556214
5.075821098239943 5.166114566200658
5.147807111643782 5.119763032889661
5.000921277032382 4.777495374177631
5.302757956764915 5.20316557042739
5.131230073816636 4.977541901344477
4.934998430524554 4.9587275807450455
5.098932223849826 5.098932223849826
4.7730736479091185 4.8064541597978785
5.163606969321647 5.163606969321647
5.245901007401316 5.28368640336834
5.283956473214285 5.275800046667588
4.943053742596633 4.940299539005055
5.111861228942871 5.111861228942871
5.064678839917453 5.064678839917453
4.860413582094254 4.935210594764123
4.942230224609375 4.779247618558114
5.055369583601804 5.055369583601804
4.968970558860085 4.919482062844669
4.8229469766422195 4.8107674734933035
4.913619210379465 4.909450921779726
4.994762244591346 4.988976076075333
5.448136158478566 5.448136158478566
5.005032009548611 4.9777821627530185
4.989748263888889 4.995185149558351
4.947187676487199 4.947187676487199
5.542260005556304 5.466977169639186
5.020290411086309 5.020121085543592
5.032731970962213 4.926510416666667
5.263293132129277 5.269397834862918
5.195767916165865 5.113883336385091
5.007250279017857 5.007250279017857
4.852740478515625 4.772543923896656
4.976750887357271 4.967080662393163
4.869407653808594 4.898004972017729
4.955179883128029 4.963806640625
4.733521029480502 4.733521029480502
4.861109619140625 4.823192797209087
4.6223307908183395 4.6223307908183395
5.030118815104166 5.001434159409153
4.983937596631372 4.983822604668954
5.0961639846580615 5.098941158938717
5.12829063086304 5.1183829782633765
5.085403215991283 5.072059368265086
4.60981920030382 4.701363985655738
5.194994184705946 5.375290263782848
4.970110966609075 4.96006840110844
5.193078887596559 5.193078887596559
5.373009466355847 5.193435883857835
4.834078520731209 4.844075260832668
4.690003338982077 4.717469740078936
4.9083662008438305 4.9083662008438305
5.110156614388993 5.115960400177402
5.0906787740773165 5.0906787740773165
5.0849609375 5.078393951664126
4.6068585089917455 4.595843328945879
4.921635885799632 4.86634022702453
4.9802446365356445 4.9718898650138605
5.132212611607143 5.130139009452161
4.784839477539062 4.787085056304932
5.039754231770833 5.0514810447868665
4.803333021190069 4.803333021190069
4.951450422698376 4.98824727760171
4.957482845225233 4.969862023178412
5.064458268412044 5.027762186895941
5.212701416015625 5.212701416015625
4.86049425279772 4.8463580791766825
5.002903653547097 4.980379971590909
5.1365543780940595 5.139342768704564
5.117073299789952 5.118127589270693
5.043132816979645 5.043132816979645
5.482031429515166 5.22757410120081
5.126677116461559 5.172458771736391
5.205749974106297 5.205749974106297
5.155280660595414 5.174822126116071
4.997836408943965 4.965897560119629
4.798984866170488 4.798984866170488
5.23576731496043 5.23576731496043
4.797501102570565 4.877905764172425
4.726217001353791 4.726217001353791
4.856939259460707 4.856931087172741
4.90848388671875 4.875016495988175
4.938483101981027 4.939382076263428
4.724807518115942 4.721978128367457
5.031566130809295 4.973907829733456
5.147970420435855 5.119330752212389
4.750823974609375 4.782300415039063
5.075991722845262 4.863881805796682
5.070261174982244 5.081307738366788
5.0064565692833085 5.010331815831801
5.2139138614430145 5.1085936531188
5.160520717075893 5.1542114805213
5.06888427734375 5.054097295964806
5.487993963833513 5.487993963833513
4.811048529121313 4.79601421552835
5.229647827148438 5.1163135397023165
5.086945404877534 4.9486236572265625
4.953371234968597 4.974972256747159
4.756912563158118 4.756912563158118
4.918498992919922 4.81808320975598
4.883029223763369 4.883029223763369
4.941124993401605 4.941124993401605
4.978284152048938 4.857063947405134
4.843534342447916 4.918385957416735
5.073651500583924 5.034505798044988
5.110880837511661 5.110880837511661
5.027011498472745 4.996698869977679
4.782892343949299 4.76970715792674
4.93048095703125 4.93048095703125
5.23607005243716 5.186983380998884
4.794314644553444 4.733284158909575
5.092497278432377 5.045131398670709
4.849364049226335 4.901435067720502
4.901337494721284 4.901337494721284
4.852763221377418 5.02207797911109
4.802165638316762 4.802932315402561
4.931816783377795 4.931816783377795
4.716639448956745 4.767233904670267
5.05702527364095 5.05702527364095
4.970240638369606 4.970240638369606
5.202989922195185 5.211053636338976
5.038721636996243 5.050072794809392
5.03840092250279 5.03840092250279
4.839691944611379 4.839691944611379
4.865512945713141 4.865512945713141
5.129049355027366 5.13461211233428
5.0077841016981335 5.022405225177144
4.839152483258928 4.839152483258928
5.150117353959517 5.152110173152043
5.034626231474035 5.034626231474035
6.1738230387369795 6.045769282749721
4.999286358173077 4.999286358173077
5.342803261496804 5.564234553156672
4.905026343560988 5.010919744318182
4.81164980606294 4.704404518821023
4.8128805950189095 4.769748750971167
4.947249535503223 4.986110606092088
5.358185238308376 5.358185238308376
5.165750885009766 5.063475545247396
4.773772063078703 4.792821639623398
5.033002322947485 5.033002322947485
5.021427296936395 5.06138837191863
5.002658456404579 4.993214768629808
5.363042897191541 5.405163389263731
5.1872350622106485 5.196618157464105
4.872072347005209 4.835328087439904
5.139592950994318 5.146770804268973
5.0882158203125 5.074637006419573
4.967796630859375 4.964875174040841
4.924317463135822 4.924317463135822
5.352349962506976 5.352349962506976
5.351723225911458 5.218474014945652
4.935807778801717 4.875459719926883
5.126725682672465 5.030820534446023
4.840238336931195 4.758566129005562
5.005002473530016 4.93433308151533
4.967638436010328 4.985228491611168
4.988119942801339 4.949146446814904
4.878139532180059 4.86738182516659
4.96584421180817 4.932773799686641
4.9319784230199355 4.903425979614258
4.7844568589154415 4.7844568589154415
5.231680593182964 4.932178144695378
4.752845710050975 4.752845710050975
5.445270466354658 5.445270466354658
5.101544092571925 5.1049798459422835
4.870418467420213 4.8323196271143924
4.999366101879759 5.00107854143937
5.567776271275112 5.1823410987854
5.016026423527644 5.011930184994104
5.148185306125217 5.087029351128472
4.748140462239584 4.748140462239584
4.819718985721983 4.819718985721983
5.077148127676872 5.07457594096367
5.418506145477295 5.4725799560546875
4.997478959898069 4.997478959898069
4.808328745316486 4.808328745316486
5.980873616536458 5.615839341107537
5.018779754638672 4.968820232234589
4.863253833138369 4.863253833138369
5.13360595703125 5.1768445466694075
4.939280192057292 4.956277144582648
5.261209106445312 5.161298651444285
4.870714823404948 4.747491171193677
4.881701218938253 4.902321658388921
4.927404833405386 4.970892810467007
5.08474156996783 5.08474156996783
4.733853149414062 4.773214111328125
5.156361897786458 5.127420654296875
5.058130096970943 5.058130096970943
5.267212785993304 5.2174296318730224
4.9564319555310234 4.958154900756405
4.829687741723391 4.8194146557389015
5.0204315185546875 5.019125691525222
4.70246947281004 4.693797019675926
5.213742574055989 5.183564666133599
5.004805217417636 4.981100509415811
5.268492635091146 5.069910386029412
5.382824897766113 5.5408994501287285
5.128914604622148 5.116741473858173
4.852868046320922 4.852464485781752
4.8255358830978885 4.8189898899623325
5.722484915597098 5.3026266659007355
5.1634447651524695 5.132012151902722
4.916940004770993 4.94418020809398
5.039834741602607 5.063026258680556
5.183486328125 5.144799913678851
5.160056736158288 5.062961377595601
4.898985047271286 4.840565004559346
4.918444181743421 4.918444181743421
4.808739658959386 4.834511078381148
4.902938679403105 4.915298786569149
4.910838734019887 4.910838734019887
4.900661669279399 4.973880816109573
5.33575671652089 5.220506147904829
5.121712317833533 5.023449300130208
4.922881444295247 4.922881444295247
5.112913784915453 5.148085209361294
5.026973430926983 5.075969827586207
5.109935316928597 5.016030649038462
5.213753136405109 5.213753136405109
5.039140065511067 5.023756173940805
4.9984459771050345 4.953745365142822
5.027643377130682 5.003315645105698
5.080142859256629 4.966724596525493
5.238241872479839 5.015325209673713
4.762471330275229 4.750026950588474
5.022169325086805 5.022120496961805
4.852987515724312 4.92494379087936
5.054540297564338 5.076775981104651
5.048213564116379 5.067103638242713
5.08240174410636 5.057525165264423
5.141265492380401 5.141265492380401
5.334232330322266 5.318530512791054
5.019418635838468 4.977221366686699
4.968026123046875 4.950098722883799
4.735491071428571 4.832322140957447
4.654260932074653 4.654260932074653
5.048648071289063 5.07887445494186
5.089364271897536 5.095658641750529
4.729684540719697 4.599226694258433
5.139557687859786 5.18408667522928
4.7421883192638425 4.793413539132672
4.963937486921038 5.104546490837546
5.0787942526223775 5.0787942526223775
4.98496102928219 5.028249821192782
5.201089570016572 5.201089570016572
5.0438091571514425 5.009760881335007
5.1425732421875 5.089283571404926
4.982630187860325 4.9780649424088805
5.548820877075196 5.548820877075196
5.35982161301833 5.303125
5.032846563889575 5.032846563889575
4.924222884639617 4.889419206226145
5.077437877655029 5.043559354894302
4.958849357836174 4.972919432233635
5.334589104903372 5.04616647743317
5.000156853788642 4.936229412372295
4.894143175722948 4.855764535757212
5.036696079799107 4.60071029663086
5.1646650834517045 5.075359679104989
4.7022412109375 4.638276473335598
4.9158403025377515 4.968147593842455
4.920311129823023 4.845550537109375
5.150244077046712 5.128897530691964
4.965634229706555 4.985565185546875
5.01954337045656 5.021187918526786
5.320351114078444 5.282477707159324
5.112758270681721 5.1188022275514244
5.0190242351871905 4.9969482421875
5.046861941315407 5.059239452241233
5.078285145173677 5.092326597094096
4.986208981030608 4.958872985839844
4.988730797400842 4.9486896145728325
5.055421206825658 5.036816592143877
5.0382749310661765 5.0382749310661765
4.663274783899288 4.690140335648148
5.036683889535757 5.050082571138211
4.99836662046371 4.971135066105769
5.086786299789508 5.086786299789508
5.10022596879439 5.156749378551137
5.184369574652778 5.072200890743371
4.8148540686507255 4.893029106987847
4.719571033156062 4.67223295323989
5.218289933114682 5.238315582275391
4.787131387679303 4.770422128530649
5.071952387971698 5.112681653531112
4.981382416515816 5.027084638487618
4.959960543724798 4.959960543724798
4.965243021647136 4.9438410858932365
4.646119859483507 4.779850193711578
5.382235013521635 5.396090478012242
5.0978942615716525 5.03233642578125
5.059912581470131 5.059912581470131
5.036837436185024 5.036837436185024
5.411223380796371 5.411223380796371
5.10584716796875 4.962650532625159
4.8964600622406635 4.893513849431818
4.955237437102754 4.955237437102754
5.134669964130108 4.9802296956380205
4.830335828993055 4.765784630408654
4.88010218003217 4.88010218003217
4.937908313279555 4.944279355552575
5.008285690139938 5.012395883031171
4.994783944457117 4.863378454137732
4.918069155956698 4.922071463331229
4.979443073272705 4.979443073272705
4.988697149814704 4.988697149814704
5.018042653652247 5.0298025148724195
5.051444080388435 5.014389713253595
4.920129917011187 4.920129917011187
4.998454906322338 5.0081900319745465
5.040914986879771 5.005674585802802
4.59999254014757 4.59999254014757
5.252925931490385 5.109333325457829
5.077700173802313 5.062376364683494
5.038705353689666 5.038705353689666
4.696837870279948 4.960155885611007
4.877210828993055 4.843673986891296
5.13067126664959 5.014762770961708
4.990000131967905 4.964640808105469
5.079864830099126 5.042102589326746
4.88325309753418 4.941741566599151
4.973765528479288 5.0410288684773
5.164276123046875 5.103996344372234
4.809671421243687 4.889942037648168
4.846226917613636 4.846226917613636
4.742266754605877 4.807088006403029
4.888238927820226 4.907228194456049
4.87856741512523 4.877156722416516
4.902406238374256 4.893298809344952
5.087684044471154 5.094333336001537
4.883469488681891 4.883469488681891
5.178455450595954 5.178455450595954
5.000800297178071 5.0181087777634295
5.089861308058647 5.053557389937107
4.6879140095538405 4.685977935791016
5.144323391384549 5.144323391384549
4.893800366826418 4.893800366826418
4.81845263176158 4.81845263176158
5.232660390264977 5.232660390264977
5.005436441172725 4.941777229309082
4.9021376572646105 4.9021376572646105
4.988085259331597 4.848363539751838
5.087220184562742 5.087220184562742
5.0912424723307295 5.0912424723307295
4.838807987987547 4.838807987987547
4.756073993185292 4.8252949714660645
4.947585902263209 4.903232337688578
4.912797679071841 4.894913330078125
4.8744510014851885 4.913366302242124
5.228360857282366 5.2067863367780856
5.059376307896206 5.059376307896206
4.824559705010776 4.862299900428922
4.8968011765252974 4.8968011765252974
4.899139822345891 4.911199469315378
5.045442708333334 5.045442708333334
5.323158851036658 5.323158851036658
4.536341707471391 4.536341707471391
4.318301930147059 4.370121723896748
5.0170238406159156 5.0170238406159156
4.910307312011719 4.910307312011719
5.206176418728298 5.087955407929003
5.064594813755581 4.998026899857955
4.910755208333334 4.927715514350858
5.04860998083044 5.080721768465909
4.920828827156508 4.901198863983154
5.145877935947516 5.145877935947516
5.1377410888671875 5.1377410888671875
4.944359005905512 4.932451453575721
5.051069293105812 5.095222921932445
5.223399571010044 5.156908069957386
4.735922276288614 4.792689959208171
4.986691682235055 4.900092934662441
4.857532239940069 4.819096827245021
4.955827192826704 4.955827192826704
4.906962733114919 4.906962733114919
5.072903719815341 5.072903719815341
4.778569693517203 4.778569693517203
5.250689106602823 5.250689106602823
4.983224051339286 5.085903803507487
4.93246332804362 4.962509881882441
5.2663287208193825 5.046466169686153
4.787825448172433 4.782509496656515
5.059365408761161 4.942541599273682
4.633249282836914 4.6661310479192455
4.880119680851064 4.880119680851064
4.930156526111421 4.925680409307065
4.8916104173413215 4.8916104173413215
4.6988190615854935 4.6898118056260145
5.10250762014678 5.071321375229779
4.987051334021227 4.863742283412388
4.849269478620883 4.89032988852643
5.055069313909774 5.048059774628768
4.973532040913899 5.001414029792165
4.813650662781762 4.826327853732639
4.915701620233883 4.915701620233883
5.321039373224432 5.341403537326389
4.992164611816406 4.992164611816406
5.064112494973576 5.063359474649235
4.991348616803279 4.991348616803279
4.8975629806518555 4.929447750393435
5.160430908203125 5.013649615119485
4.961385419291835 4.961385419291835
4.927187059746414 4.963975628602852
5.196758205607786 5.196758205607786
4.89625 4.881873821390086
4.8479228223490916 4.911038258036629
5.355577611211521 5.317721662850215
4.895145436232003 4.897846895105698
4.982757568359375 4.952187758225661
4.812909675366951 4.812909675366951
4.890670340401786 4.896111142318861
4.95774899996244 4.95774899996244
5.461831410725911 4.978664051402699
5.217064801384421 5.182435501453488
5.084417978922526 4.992916681070243
4.734003420229311 4.748927327842194
4.820899279364224 4.820899279364224
4.91934560139974 4.953949376156456
4.616035910213695 4.616035910213695
4.912381998697916 4.923593422801225
5.078570997858622 4.969699792694628
5.1049752962791315 4.948001950286155
5.159541203425481 5.1924283302436445
4.853959219796317 4.9188415005675745
4.618161223655523 4.621175846583407
5.085089847959321 5.085089847959321
4.891275045755026 4.900747837164463
4.8358935187844665 4.8358935187844665
5.096733580244348 5.067218572443182
4.688702392578125 4.693361600240071
5.149933845766129 5.148536359760123
5.029156878277972 5.047674115919909
4.990847008250584 5.011582759388706
5.053810009057971 5.053810009057971
4.9653871497329405 4.979634602864583
5.000041636385659 4.942006920123922
4.853680297032299 4.853680297032299
