5.05103941221495 4.934967734596946
5.039313045548804 5.039313045548804
5.033733540196573 5.033733540196573
4.947624528911752 4.8831787109375
4.923595227693257 4.91971677208915
5.007723816439637 5.008330345153809
4.905375898123745 4.859280672940341
4.876901575036951 4.876901575036951
5.09510754000756 4.982319816214139
5.199946617012594 5.040155922494283
4.910849955544543 4.886694249972491
5.03463243458369 4.875172825863487
5.200496419270833 5.126500407541831
4.852439216945482 4.380572579123757
5.039268123293386 5.039268123293386
5.1663360595703125 4.928186831266983
4.879212951660156 4.88868153889974
5.013896348741319 4.94266980759641
5.025712296769425 5.032473783763801
5.178574271824049 4.905447097051711
5.192492254849138 5.015073488084532
5.16315678187779 5.135195440995066
5.406961139879729 5.227693684895834
4.847112279738823 4.870402150339895
4.981711578369141 4.813467531788106
5.202261935459094 5.202261935459094
5.046558648767606 4.959663673683449
5.151138604856005 5.135271583098532
5.004011119495739 4.996045028954222
5.009470346811655 4.981762455958946
4.672725330699574 4.968769953801082
4.865567680027174 4.837390345385951
4.650232279075767 4.5870009765625
5.1641942425503755 5.168264978219077
5.564875089205229 5.476898193359375
4.841789975373641 4.84790185546875
5.20703125 4.873686846564798
5.507308233351934 4.9561117152975065
4.728285283627717 4.772128726011955
4.898459298270089 4.896942138671875
4.879822761781754 4.869715881347656
4.798079338626585 4.784819838579963
5.293074544270834 5.146312773539758
4.94075927734375 4.94075927734375
5.024598160410315 5.036474074760493
5.269136810302735 5.070906205610796
5.094255839308647 5.0689697265625
4.8695601029829545 4.8695601029829545
5.372575348498774 5.275281285947086
5.1299278129965575 4.957884046766493
4.917961438496907 4.898371233258929
4.871493041060353 4.914934124862938
5.193210274832589 5.246973485122492
5.033016138683164 5.033016138683164
5.170251326127485 5.170251326127485
4.792208353678386 4.819917149697581
5.011736128065321 5.082823587120126
5.039833816827512 4.9523687493311215
4.786634996202257 4.716120155112257
4.892724181058114 4.89149169921875
4.8598410866477275 4.849131351759453
5.114322603665865 5.079795063405797
4.735421424278846 4.724072917632604
4.735603776558366 4.727598170230263
4.8528492062590844 4.631316246345029
4.84079345703125 4.835636683872768
4.945894761518999 5.1095151548032405
4.931475438109231 4.926903879540598
4.795552792756454 4.795552792756454
4.75556591796875 4.835917824193051
4.872136924472557 4.871070971329247
5.589581889490927 5.088586877893518
4.943345535633176 5.0343997500358375
5.007524144931103 4.95534847093665
4.945894761518999 5.1095151548032405
4.9818125492384455 4.948854942021407
4.743585419236568 4.742723253038195
4.703601734058277 4.766108613855699
4.756070331462379 4.752906729321961
5.028851052989131 4.8186168055380545
4.960826171875 4.969483758411268
5.090897696358817 5.096462943337181
5.062080758516906 4.977208917791193
4.993016516644022 4.993016516644022
5.028904412382392 5.039921061197917
4.8196868896484375 4.838909815228175
4.977088030646829 5.010866437639509
5.328955160604941 5.2029619216918945
4.971982002258301 5.0826999993971835
5.114603570167055 4.971097210260827
5.264451300960848 5.269886303973454
5.056133045869715 5.048408508300781
4.922721183736911 4.898738791725853
5.183043125697544 4.8541969361344
4.935426536181295 5.010765792256561
4.806668189264113 4.797981315559441
5.014875879827535 5.016499837239583
5.231895446777344 5.275872529442631
4.945894761518999 5.104885646275112
4.95269775390625 5.04892946639151
5.106917714684959 5.106917714684959
5.113158179111168 5.079296381786616
5.190029765284339 5.190029765284339
5.242591010199653 5.242591010199653
5.059439522879464 5.036897609544837
5.506835605787194 5.480382658305921
4.726111460540254 4.792199621667395
4.898367862573406 4.955184648621757
4.797629547119141 4.751598192297894
4.7969826146175985 4.867572749426605
5.231895446777344 5.275872529442631
4.88178150073902 4.876729329427083
4.840721830653684 4.850188654119318
4.831354314630682 4.9027685546875
4.872580846150716 4.9693914449439855
5.192984188304228 4.924783880060369
5.205271503712871 5.0814064155190675
5.2715913471422695 5.223660767533397
5.161179896763393 5.161179896763393
4.890201784529776 4.917270071138211
4.747245616482613 4.826202731662327
5.123799641927083 5.13743160932492
5.159908001239483 5.0496105325633085
4.620247335994945 4.620247335994945
5.084459171738735 4.878284580660182
4.9427241955773304 4.8165730177754105
4.974672965116279 4.967494340376421
4.8030317677747485 4.8030317677747485
4.740838506419188 4.740838506419188
4.991836825284091 4.991073162235015
4.887296006944444 4.893059315028527
5.00548832590987 5.0461728515625
5.166734917219295 5.102953774588449
5.110518715598366 5.055815825591216
4.916820882161458 4.879126230875651
4.739538767981151 4.739538767981151
5.139913940429688 4.968957063193633
5.166051120622783 5.164892899362664
4.9733568128648695 4.936800096855789
4.915507654989919 4.896354753946521
4.998169921875 5.068292270049206
4.7354849538495465 5.045225597563244
4.623602803548177 4.624599322150735
4.987156835095636 5.002069460465604
4.977253227076903 4.972160673711405
4.776813462201287 4.870560980902778
5.096237584164268 4.921187691066576
5.091078659583783 5.049351432106712
4.861077962969451 4.864321779475983
4.919417041843221 4.919378138950893
4.32692669106902 4.605693220527251
5.162876822731712 5.14623445209704
5.078199199601715 5.031522115071614
4.805057466947115 4.915339543269231
4.825062112247243 4.807269009676847
4.885318501790365 4.866003728975915
4.808205960976957 4.866541399274554
4.932332593341206 4.974414784421203
5.042483929506282 5.046605252671516
5.506824340820312 5.407256297576121
5.058313784391983 4.99623779296875
5.32522700383113 4.973618594082919
4.989825299677958 4.989825299677958
4.856895577566965 4.872343725087691
5.015736130048644 5.023955955933989
4.588925201113861 4.578450348417638
4.7525482177734375 5.038518365823998
5.110384521484375 5.101680554841694
4.933687603054334 4.933687603054334
4.857789891711353 4.8491782924107145
4.995506785740362 4.995313540909642
4.828759765625 4.912720911711165
4.969629560198102 4.983122590300325
5.009892985026042 5.135662959172175
5.0722300211588545 5.061369068427773
4.995610983974962 4.983923410404624
4.715721336570946 4.814365931919643
4.843247803999352 4.882032541128305
4.989098097749813 4.987207222983475
4.975669206891741 5.1079048022889255
5.153442947952835 5.009218620531486
4.926088105647936 4.936794347930372
5.093669816559436 5.056572159476902
4.814180551848796 4.839336714931041
5.2052518717447915 5.2052518717447915
5.214363829730308 5.213756043233989
4.7429656982421875 4.89406774184283
4.912166050502232 4.95311948086353
4.8527099609375 5.033699641152034
4.7843125563401445 4.7259204660663165
4.983389634352464 4.949169806714328
4.9800964859891526 5.020719013516865
5.15154976680361 4.889468952760858
4.809306317065135 4.735927170973557
5.143120859183517 5.155820719401041
4.864650053136489 4.814339907114743
5.010453467275582 5.067823930220171
5.03571856463397 4.993007904628538
4.759712873186384 4.559165021498426
4.878035165731189 4.929076077645285
4.853203060752467 4.836491141732283
5.09330088297526 5.078411633455301
5.038441975911458 5.168870275160845
5.275488565134448 5.280054241677989
5.051273890904018 5.008527558425377
4.797521775768649 4.798024338942308
4.767393929617746 4.859636433919271
5.049061920683263 5.0683316991396765
4.8718827770602315 4.924326443861903
4.942670868664253 5.095577405846638
5.081890629787071 4.982313946979802
4.815852801005046 4.790199631911058
4.895216347514719 4.892307497420401
4.8328714678364415 4.753132370283019
4.7824834567397385 5.039004275673314
5.176052517361111 5.161749863043064
4.954035797682195 4.970863975772788
5.3583339568107355 5.3583339568107355
5.081193635701367 5.077661653844322
5.154263200431035 5.106415224746919
4.967194812132581 5.08802562487831
5.039927005767822 4.827599058759973
5.328928877667683 5.192080046001234
5.259729319605334 5.211089594078682
5.438155562789352 5.101942688454199
4.826962716238839 4.737751478559516
5.047260152882543 5.057827261991279
4.864963438452744 4.852303611626059
5.005568307847833 4.929263905582265
4.861750009897593 4.861750009897593
4.983255913917055 4.931325084758255
4.900058439408226 4.887967441622065
4.834624419341216 4.858363882211538
5.088355531083777 5.082298124367409
4.900755257442079 4.900755257442079
5.5499103252704325 5.03617373379794
5.087045108570772 4.834739421976024
5.7722478066721274 4.996354094648783
5.003572382478633 4.9994449752697845
5.091629741347838 5.106657045077434
5.021721411003638 5.021721411003638
5.284353368422565 4.741634593290441
4.9530898468403874 4.9530898468403874
5.568782988048735 4.978894300863776
4.889045428512688 4.828372452610223
5.267439651489258 5.081476007850425
4.965625445048015 4.948225742794689
4.912821099832396 4.912821099832396
4.7781640313992835 4.875565902046535
5.15003662109375 5.184341854519314
5.348911830357143 5.359448042072233
5.07439731029754 5.07439731029754
5.063885498046875 5.088020699923156
4.940935101425438 4.924783238452842
4.906363613634224 4.874097637101715
4.8842984068627455 4.9110040534032535
5.293036324637277 5.062555569321362
5.011099192017284 5.022424607049851
5.227707097559799 5.123098881286983
4.95708405569698 5.0296445574079245
5.151729082820391 5.148773193359375
4.963350183823529 4.966972263380029
5.290116743607954 5.078687879774305
5.2454376220703125 4.936355682190307
4.985920800103082 4.9501141139439175
4.974396780635534 5.0355078125
4.799541970957881 4.799541970957881
5.184361370063267 5.18880615234375
5.210007766197467 5.030416349085366
5.352183948863637 5.200380419121414
4.940012728230337 4.958643553539953
5.136489518726145 4.991443775318287
5.06965362359278 5.074796236478365
4.92550627055921 4.790743347600842
4.748338138355928 4.952964887227098
5.056878235114454 5.044165138306656
4.982300514398619 4.855999362084173
4.817530478200605 4.786128949515427
4.86522065923455 4.857509837431066
4.990278932984791 4.961928764398951
5.545589494116513 4.980008608335025
4.983084285960478 5.016966621830778
5.0121373539477325 5.016419926148797
4.955682927911932 4.943847292945499
5.561556585903825 5.002511436060855
4.996733779207282 4.989630976809731
5.118693899601064 5.050674793332122
5.263567038143383 5.218476530793425
5.307161771334135 5.342679651772103
5.042041084983132 5.0680401141826925
4.7628018653998945 4.6378352467606705
5.021358849867335 4.9984861861827765
4.895220669833097 4.895220669833097
4.955409654644863 4.956980817194836
4.729820091854079 4.7229800818101415
4.820742171331747 4.816727382684845
4.656248450884359 4.645697358864636
5.023701682019589 5.023701682019589
4.98546539718422 4.971315953351449
5.168540057014017 5.158648078824267
5.142626220245075 5.141069588186117
5.085853226273148 5.083062985522599
4.633716583251953 4.674371807391827
5.110951591940487 5.032320359173943
4.9736257530120485 5.000611801328682
5.247079128689236 5.08418994140625
5.3798978126655195 5.258164590864039
4.871532002433401 4.856495122799928
4.653208188657407 4.690607384790348
4.91002216240285 4.90032333972029
5.097565109047039 5.120962829172367
5.091709153476732 5.088655232616559
5.090980232129107 5.091100253786914
4.641935554135688 4.641935554135688
4.797145613704819 4.883483651061776
5.0525071280343195 5.191012791224888
5.136563032101362 5.058651664749489
4.771895621586772 4.81002783203125
5.04147902936167 5.04147902936167
4.783535583777362 4.835619212962963
4.997697776723131 5.053536066933284
4.954196814334754 4.977576139931367
5.141158180675287 5.038973062345297
5.283301830291748 5.193858642578125
4.8849562607802355 4.849446977887835
5.038437405646135 5.064116317860401
5.1420665156507415 5.16446027428933
5.118253603086367 5.122942243303571
5.102878711841725 5.102878711841725
5.1897463117327005 5.042049674100654
5.143772901686947 4.99588535372065
5.195759166370738 5.1323663620721724
5.142983955249452 5.139330459222561
4.951634293895657 4.920584305472996
4.77081298828125 4.755346854908044
5.251922607421875 5.155836083423132
4.839414876302083 4.956139815481086
4.751631181318682 4.762025882036258
4.866511818696695 4.856028628045309
4.914086520991726 4.914086520991726
4.930601331922743 4.965289270092628
4.78177490234375 4.758590356116872
4.91155517578125 4.806856001930675
5.139551423725329 5.112424870127255
4.725404005784255 4.758935016134511
5.0996653238932295 5.035193720950356
5.10175927005597 5.10175927005597
5.004476891942771 5.029623813987098
5.309597506381498 5.019735141845174
5.131338767635012 5.085475026427061
5.125817148309005 4.950902990392737
5.402984156753078 5.169097900390625
4.959864473890984 5.028279622395833
5.379224087329621 5.341055806477865
5.081692589653863 4.810924183238637
4.95794921875 4.860481593919837
4.711305045039276 4.68696867290296
4.993505304509943 4.826283772786458
4.886095342789104 4.8869802391190245
4.970866568136535 4.990686661157852
4.890959603445871 4.904288155691964
4.711119079589844 4.865529267684273
5.080292217548077 5.083140706781096
5.066322216089221 5.0487719084087175
5.040367012593284 4.8951673005756575
4.892606393914473 4.892606393914473
4.925786100475993 4.8945438269412875
5.021297288977581 4.860438232421875
4.813710530598958 4.79784102006392
5.073548347719254 5.034554481506348
4.935254487537202 4.988874162946429
5.250893197408536 5.032460239955357
5.005309380425347 4.9761812979714914
4.869833241338315 4.869833241338315
4.909683605856147 5.016083166987886
4.942473973983374 4.894180055648562
5.287018912179129 4.972941724559929
5.003516787574405 5.003990816782756
5.1569799407710875 5.167719060724432
5.047278929292486 4.88620849609375
5.0820127214704245 4.836106112170778
4.889673706832205 4.889673706832205
4.8570606212325504 4.851524243514503
5.14681989195719 5.02039767387218
5.034089854065801 4.910591873468137
4.917414231733843 4.915592493635885
5.228899666432584 5.16979854623067
5.149164575729927 5.149164575729927
5.775152842203776 6.046248844691685
5.021003136268029 4.867252634532416
5.244279341264204 5.013271876743862
4.8991261143838205 4.853651258680555
4.951658361098346 4.915458679199219
4.791318008323121 4.7804591802903165
4.921944604562142 4.960581551610896
5.263362395457732 5.19416779162837
5.1348140065262955 5.20149089146724
4.787059177862149 5.057261591372282
5.045120449103635 5.049175336667072
5.022612804502953 5.013447283001557
5.015064912683823 4.946898948145277
5.294672284807477 5.256525162163131
5.156242641151374 5.181761099622141
4.881202505416229 4.893224645543982
5.188620201627114 5.150724523207721
5.18405908203125 5.22857069431391
4.9667097252992845 5.002002517611994
4.928884642760304 4.897851480020059
5.715020860944476 5.660847345987956
5.318572173247466 5.187824655086436
4.909860229492187 5.067898658014113
5.219088467684659 5.228176232540246
4.6631697221235795 4.609882419392214
4.8396349455180925 4.809197714162427
5.035923767089844 5.04340234375
4.99517572121542 4.841437585575065
4.86782718399196 4.867923460144928
4.949279058547247 5.0067783372226735
4.97202887901893 4.97202887901893
4.774379383433949 4.786217129107603
5.110464096069336 4.981210586872507
4.707605852399554 4.707605852399554
5.584744044712612 5.299631525961201
5.05732662119764 5.022569888106016
4.886278470357259 4.886278470357259
5.001375531546677 5.029144145167151
5.153981018066406 4.776976013183594
5.0312166654146635 5.026424270739659
5.048373799928477 4.98817572192611
4.737396240234375 4.69973623624412
4.868111746651786 4.845810038931417
5.088911406847895 5.073175707893192
4.786258473115809 4.8374164287860575
5.032972487728153 5.065093085106383
4.801084547776442 4.835795237605733
5.875606190074574 4.7964223225911455
5.099886380709135 5.1760375218361805
4.893609236631471 4.8693145969418055
5.40016852484809 5.422417640686035
5.032140661168982 4.973027038574219
4.576710224151611 4.789265060424805
4.88743656239611 4.95657441110322
4.883239304875753 4.891811822385204
4.9525588217412455 4.951857672797309
5.1018462738433445 5.119881939414321
4.7548729391659 4.942003933888562
5.145075711337003 5.153025599888393
5.087017190867457 5.070580647786458
5.327023788237236 5.0120133708294174
4.960684037642046 4.9384868944700235
4.809324402740036 4.809324402740036
5.0124556223551435 5.007001476753048
4.773468017578125 4.785113446124188
5.218038624730603 5.2134721863944575
5.0410966873168945 5.029120713650824
5.302135467529297 4.73718537583863
5.422259611241958 4.838064420021187
5.120769741809944 5.101801333220108
4.847109717653509 4.853959555444421
4.803004128592355 4.803004128592355
5.747569728542018 5.191334691540948
5.342892682110822 5.337648664202009
4.903028445136278 4.9182953933189655
5.015014314912056 4.943198441485969
5.252575562732054 5.237139406457412
5.203503887469952 4.962190146758178
4.890378615435432 4.898885510631444
4.955744225209154 5.044730473490595
4.825331483343647 4.823860726705411
4.907841994897279 4.907504324185646
4.939101108284884 4.794519643314549
4.910016394608857 4.951854328532796
5.218776157924107 5.180270072741386
5.110734528186274 5.121825203062996
4.924431482950847 4.855754924270342
5.146136722049198 5.133407435466334
4.846930236816406 4.879688351653343
5.226279830932617 5.226279830932617
5.201132954030797 5.1431396484375
5.019107594209559 4.979554257150424
5.184305590252544 5.184305590252544
5.053038592113874 5.035954641788564
5.212625122070312 4.8554331461588545
5.282225561923668 5.176608657836914
4.7783746892755685 4.766448574815775
5.023995645391117 5.048720026590738
4.834825418763241 4.860322672526042
5.096806475505737 5.096806475505737
5.059806053791571 5.075478058880846
5.192295469086746 5.158278735715951
5.133711113987199 5.092132068071209
5.233208633050686 5.1649650411402925
4.905280219184028 4.977459275578878
4.990423249961132 4.980115768357451
4.773611886160714 4.884035193401834
4.747914632161458 5.070713297526042
5.060263609274839 4.987486466117527
5.0463520124846815 4.981414794921875
4.716403229068024 4.649190682132228
4.857188996814546 4.844204215116279
4.746300848599138 4.734915939031863
5.087285924840857 4.955796644422743
5.110888337435788 4.975781700028802
5.005974157532649 5.039670308430989
5.195483583392519 4.853736337989267
5.0189036493716035 5.059278506324405
5.162331954292629 5.231270926339286
4.972046669407895 4.972046669407895
5.652619861421131 5.566565678037446
5.157406733586238 4.923650363623272
5.076791726197714 5.023411214786725
4.989301837858607 5.114689895341981
5.008733861586627 5.008733861586627
4.9581541475535165 4.9581541475535165
5.241450718470982 5.117320760091146
5.017681511080995 5.009155795105502
4.915830688476563 4.976721591636783
4.802524913441051 4.5170777786609735
5.0593478393554685 4.880497233072917
4.81126466515946 4.784198379516601
4.9259898204677155 4.912544054862781
5.017110824584961 5.105117271686423
5.247667948404948 4.9934984144273695
4.936453785615809 4.917881841244905
5.039450354609929 5.072924654907975
5.385548095703125 5.208594244879645
5.135541105923587 5.086496734619141
5.039794329300667 5.025558997844827
5.048409119350686 5.0635595703125
5.086451288479478 5.083294546003822
5.008764055040148 4.922217835771277
4.9990886613434435 4.974287639292636
5.029961300149204 5.035222311580882
5.025947498139881 5.025787984913793
4.673280365613042 4.567253194829469
5.066227839543269 5.0369873046875
4.986559904074367 5.068810916641383
5.104961688701923 5.080301920572917
5.14537651594295 5.1747218759814695
5.3990325927734375 5.211407153637378
4.81207549705934 4.824439639136905
4.778334844680059 4.594478988647461
5.2022921475497155 5.134299111532998
4.645556433726165 4.645556433726165
5.059783063616071 5.062788477483785
4.968779098155887 4.797970624037192
4.932760521673387 4.932760521673387
4.993002509504822 4.9812264626856
4.6852527194552955 4.974184469487463
5.271881103515625 5.141999897203948
5.121015421549479 5.135598436745898
5.049656387202996 5.053341188292572
5.07171495892199 5.06093352833433
5.332919213079637 5.416268013619088
5.388706752232143 5.283591686839789
4.91465533936577 4.939870383522727
4.965705871582031 4.952632197627315
5.209862342247596 5.10173737600948
4.866944231305804 4.901912144252232
4.875039134306066 4.85701661468834
4.923836561825054 4.912302117598684
5.006021352914663 4.9464261899435575
4.977271864149306 5.086002869013498
4.921762860831568 4.921802778336013
5.173506765654593 5.0094483390687
4.986910769813939 5.020791903409091
5.036820735837439 5.049433821338718
5.021612661856192 5.021612661856192
4.933577848120211 4.944675891804246
5.0781537901680425 4.935616345909553
5.0538022607789 5.063258457850743
5.106427510579427 5.167655944824219
5.258709907531738 5.23190434773763
5.0855422503097465 5.076684763309041
4.958270503025429 4.907195759710865
4.742984771728516 5.310384750366211
4.872667361528445 4.892302187616954
5.014185751638105 4.887837524414063
4.991747174944196 5.00557527610724
5.081670346467392 5.117902415667394
4.973672866821289 5.041207449776786
4.959420813135354 4.945831018850344
5.179425920758929 5.156385387073864
4.768782236043689 4.783455931110146
4.777811322893415 4.786515758883569
4.751687387319712 4.786754194512425
4.823352316151494 4.83079236619016
4.895630329956502 4.893629673549107
4.945285984727203 4.879176669650608
4.892099417892157 4.764016723632812
4.827802658081055 4.84109589547822
5.245167900534237 4.965923733181423
5.106788898336476 5.16443151071531
5.103417547817888 5.08474007539971
4.736827051916788 4.804608962115119
5.2831573486328125 5.2831573486328125
4.961450497966167 4.956613466721173
4.833901429787661 4.833901429787661
5.23608178490991 5.259004654422883
5.072619018554687 5.242471694946289
4.917761600378788 4.917761600378788
5.080927309782608 5.089845562925433
5.090166015625 5.061304804104478
5.046319849350873 4.805858378507653
4.756973621457122 4.800333046051393
4.892659606933594 4.90536872016059
5.011475524902344 4.970235928622159
4.936832774769176 4.936832774769176
4.857108992759628 4.913005264945652
5.18415606463397 5.254069010416667
5.197519441930259 5.184612005529269
4.818789567618534 4.843900719467475
4.880193270169771 4.848826282429245
4.8794054005244005 4.84461699695122
5.093136695123488 4.890067394868828
5.588449331430288 5.411778404599144
4.513962227957589 4.6102744654605265
4.251568694612873 4.473816435215837
5.082454237827035 5.062795115041209
5.2787903495456865 5.083710234043962
5.133940633138021 4.88260866561026
4.9617333984375 4.89836877133666
4.913396313586043 4.887713808001894
5.06060791015625 4.831794916197311
4.954353841145833 4.929361406066608
5.117219582582131 5.087160463686343
5.32062676612367 5.0688943045479915
4.9791403943159445 4.942581791580815
5.096791412870763 4.94370496595228
5.21696044921875 5.21696044921875
4.705719348996184 4.769720749627976
4.934196818958629 4.791499696928879
4.88817753352172 4.917796741832387
4.86304961657915 4.689368328065362
4.9977215182396675 4.980255569236866
5.336246613533266 5.336246613533266
4.788933141907649 4.846745864812271
5.343893277443062 5.249167240027226
4.86540767124721 4.882607080603159
4.957470136819427 4.9204729188163325
5.466147564827128 5.2726028029983105
4.794339215313947 4.7039643196062855
5.063702499657347 4.988838148413238
4.6744890213012695 4.802747382492315
4.859913515946502 4.859913515946502
5.0195501786244066 4.982552322686887
4.8469266451322115 4.870190244732481
4.690361916022157 4.73708916276428
5.065436160925663 4.997579203023539
5.065343442170517 4.818998750273164
4.8314697265625 4.819014972701496
5.031513581452546 5.020391072768832
4.986606420012953 5.023081783795249
4.844396495286313 4.992449170304341
4.943246459960937 4.987854608214728
5.409380231584821 5.410840766374455
5.117343609149639 4.911771647135416
5.010863385881696 4.810220445905413
4.977036818959355 4.969444205333397
4.921605587005615 4.906998460310219
5.189954121907552 5.05322021484375
5.015114339192708 4.965364728655134
4.91202666068989 4.944185207201087
5.246926766854745 5.2270526308001894
4.876432291666666 4.902680443935707
4.807974008413462 4.804780419193097
5.34576416015625 5.2534171549479165
4.914964184318621 4.933960526077835
4.979619979858398 4.880837045064786
4.810195771774443 4.971371395809872
4.845103817894345 4.859466035487288
5.067162099510733 4.9906838156960225
4.623010115189985 4.836305444890803
5.574720813382056 5.293666492808949
5.144047562794019 5.134067294833897
4.738606770833333 4.851136636579692
4.774508816378933 4.75890082817573
4.795172119140625 4.876528617663261
4.598856707317073 4.598856707317073
4.983185843135534 4.947515557282163
5.029333797501929 4.96246997730152
5.156599517561432 5.101874542236328
5.13090087890625 5.027060811833818
4.876202878698838 4.8843335137851
4.598545954777644 4.559445588485055
5.130860484730114 5.013854187804383
4.914233917885638 4.892993395841574
4.867967747930271 4.919330753692209
5.0662492116292315 5.064351558685303
4.626975070224719 4.626975070224719
5.149859318967725 5.070136405326225
5.047551016971982 5.176022065752675
4.98244887672811 4.98244887672811
5.067304338727679 5.101319787097953
5.005559393700133 5.14180364528624
5.02583490416061 5.110324368618502
4.851339950042517 4.851786548306483
