4.521141745827415 3.981719970703125
3.4842715793185763 3.4992942810058594
4.234174323804451 4.234174323804451
4.391807556152344 4.102614010081572
4.3934006690979 4.3934006690979
4.521339416503906 4.521339416503906
3.998642815483941 3.998642815483941
4.738614501953125 4.738614501953125
4.228895116735388 4.228895116735388
4.290481770833333 4.197736418649052
4.290481770833333 4.197736418649052
4.135682678222656 4.135682678222656
4.9896721839904785 4.9896721839904785
4.066192626953125 4.114854688768263
4.525989214579265 4.525989214579265
4.465650705190805 4.016440255301339
4.96304988861084 4.767279052734375
3.941571807861328 3.941571807861328
3.751107185509554 3.751107185509554
4.420411586761475 3.8667945339255136
4.046424865722656 3.996367548553037
4.714495572176847 4.714495572176847
3.432831060690958 3.432831060690958
3.900320342092803 3.900320342092803
3.7586596453631365 3.7586596453631365
3.7524681519926264 3.7598401750837054
3.8582370464618387 4.1060740152994795
3.6805108252992023 3.611636161804199
3.9720594133649554 3.9720594133649554
3.9524469620142226 3.9414382562404726
4.0060295691856975 3.9838546361678686
3.9226681323761636 3.9226681323761636
3.5996279907226563 3.4839820861816406
3.8713086446126304 3.800253018465909
4.013170878092448 3.887387752532959
4.680990431043837 4.181173052106585
4.0425193093039775 3.911234075372869
3.7247235107421877 3.8044230143229165
3.6295502151268115 3.6295502151268115
4.200875974168964 4.200875974168964
3.9225669860839845 3.9225669860839845
5.033626011439732 5.033626011439732
4.189920043945312 4.009206008911133
4.166582280939275 3.880326232910156
4.012012188251202 3.902031723333865
4.302058919270833 4.339080047607422
3.6083145141601562 3.5487515633566336
3.9446837227299527 3.8743160187251986
3.70978564453125 3.8333032580389492
3.48074670740076 3.832307668832632
4.2040557861328125 4.0344399588448665
4.196800776890346 4.196800776890346
4.215739610460069 4.10873288013896
3.9105691010097288 3.9105691010097288
3.9127151201356134 3.9396453857421876
5.004728837446733 3.9058273315429686
3.886362062278369 3.8518437252768987
4.063008944193522 4.063008944193522
4.096782575334822 4.2451190040225075
3.8177615079012783 3.978519500248016
4.708763122558594 4.772493423954133
5.9044844309488935 5.9044844309488935
3.811383056640625 3.8177583755985385
3.9782397211814415 3.9782397211814415
4.466279313370988 4.602739312675562
3.9699235803940716 3.9497014825994317
4.699824406550481 4.699824406550481
4.058226188727184 4.079576840608016
4.474981519911024 4.613787564364347
4.021694183349609 3.9675009765625
4.043648352989783 4.043648352989783
3.8514972555226294 3.8514972555226294
4.114888932969835 4.066812197367351
4.017425923407832 4.081746915491616
4.279318785056089 4.397752307710194
4.368740081787109 4.368740081787109
4.014990782126402 4.014990782126402
3.959996461868286 3.959996461868286
4.223503924430685 4.223503924430685
3.769101824079241 3.860512511370933
4.248256482576069 4.236353432259908
4.3402339014513736 4.3402339014513736
3.932798573668574 3.932798573668574
4.2554292421083195 4.305025736490886
3.870324876573351 4.037910073490466
4.238053676060268 4.291206918111661
3.9279146742546693 3.8872608531605115
3.997463319359756 3.9360221304544587
3.9851769555973102 3.9328599250179597
3.6599685206557764 3.6599685206557764
4.2242581551535086 4.1218358599950395
4.023239612579346 3.794419079292111
4.487788730197483 4.487788730197483
4.471227792593149 4.4023887232730265
3.910411834716797 3.910411834716797
4.161961078643799 3.9789641175089003
4.3937461159446025 4.3937461159446025
4.523769378662109 4.977548326764788
3.6311248779296874 3.865695759401483
3.79511681381537 3.79511681381537
4.255767483181423 4.333623657226562
4.0471742803400215 3.993334647936699
4.079396802325581 4.272147002043547
4.018699137369792 4.018699137369792
4.235843080462831 4.235843080462831
4.1689704895019535 4.046574760885799
4.313779195149739 4.313779195149739
4.639837265014648 4.639837265014648
3.615494099069149 3.615494099069149
4.3037190437316895 4.164151872907366
4.1184000968933105 4.1184000968933105
3.937991829805596 3.937991829805596
4.9214277267456055 4.9214277267456055
4.4543068178238405 4.289523784930889
3.725740432739258 3.7795257568359375
4.002546037946429 4.226251162015474
3.9807859986692993 3.9807859986692993
4.354912990993924 4.354912990993924
4.235201941596137 4.235201941596137
4.860443987165179 4.400528175243433
4.138303684543919 4.138303684543919
3.9230615234375 3.975767035233347
3.7897212982177733 3.8581550412061736
4.251360724954044 4.251360724954044
3.535893031529018 3.615182173879523
4.236226490565708 4.2132396082724295
4.696651805530895 4.696651805530895
4.095732116699219 3.944020225888207
4.24832467471852 4.216000874837239
3.936885288783482 4.172129775538589
4.124639337713068 4.159233871771365
4.328235626220703 4.1590016682942705
4.374535193810096 4.282709166061046
3.952973799272017 3.983761837607936
3.3145955403645835 4.498954479510967
4.029780796595982 4.023185143103967
3.6940253575642905 3.6693954467773438
3.8865325927734373 4.026901880900065
3.791545867919922 3.791545867919922
4.376161736957098 4.294330943714488
4.110877445765904 4.415051460266113
3.562623814174107 3.65992241936761
3.879452111586085 4.028880152209052
3.766627767811651 3.858030457427536
4.152231852213542 4.152231852213542
3.747319308194247 3.991025119357639
4.651838302612305 4.651838302612305
4.272898921260127 4.272898921260127
3.698125751201923 3.808017784441021
4.358452581590222 4.421566857231988
4.038056267632379 4.116583960396903
4.093009312947591 4.637242910024282
4.110547682818244 4.167181478964316
4.219447948314525 4.172176963404605
3.914376283303285 3.932701754282756
3.3145955403645835 4.377762158711751
4.837212562561035 4.209098384065448
3.9811008998325894 3.9811008998325894
4.850953369140625 5.069419860839844
4.619662284851074 3.9662094116210938
4.112636566162109 3.9717461268107095
4.480584816854508 4.244694010416667
3.948173225700081 3.986587331264834
4.96304988861084 4.767279052734375
3.931230061848958 3.931230061848958
4.071099799976015 4.071099799976015
3.9350371184172452 3.9877411598382992
4.107867536873653 3.880913450006853
4.447143837257668 4.316553509424603
3.984861894087358 3.984861894087358
3.8305468950115267 3.6250865589488637
4.093832015991211 4.401536560058593
3.7527629153829225 3.802420838238442
4.288193838936942 4.593712170918782
4.22001708984375 4.303384780883789
4.223459243774414 4.223459243774414
4.181742499856388 3.9518573467548075
4.137734375 4.238517983445844
4.890462663438585 4.890462663438585
4.452611822831003 4.410696792602539
3.9291463712366617 3.919457014216933
3.825681002634876 3.9110090699914384
3.8990447998046873 3.8990447998046873
4.003900238961885 4.010773552788629
3.914956076103344 3.914956076103344
4.232453264508929 4.232453264508929
4.035992940266927 3.908208386651401
3.94850204930161 3.94850204930161
3.857242893528294 4.006151517232259
4.322018432617187 4.322018432617187
4.322018432617187 4.322018432617187
4.519639015197754 4.519639015197754
4.443685531616211 4.57746679132635
3.7354326248168945 3.7973414334383877
4.868812561035156 4.686609268188477
4.3034928639729815 3.858217027452257
4.183679419827748 4.207471910413805
4.429430975430254 4.301129081032493
3.4356346130371094 3.360851832798549
4.211689824643343 4.087761594538103
4.521339416503906 4.521339416503906
3.882870101928711 3.882870101928711
4.060248192320478 4.109059053308823
3.863643993030895 4.047306605747768
3.7727858020413305 3.743192430952905
3.995301261780754 4.056206647087546
3.9649273598030823 3.9942020089285712
4.371176499586839 3.9251412056587838
4.269039619259718 4.3667472677027925
3.855718759390024 3.855718759390024
4.512338638305664 3.979242451985677
3.8065643310546875 3.730141379616477
4.2019189453125 3.992592511858259
5.02303071455522 5.02303071455522
4.13446044921875 4.1683781321455795
4.312788391113282 4.369981977674696
3.9730100889463684 3.9730100889463684
4.0477447509765625 4.0477447509765625
3.655226042776397 3.685564602122587
3.7926398383246527 3.7926398383246527
3.6636449879613417 4.04237949146944
3.889394992735328 3.889394992735328
4.642957414899554 4.514645698742989
4.698402404785156 4.117374965122768
4.317937677556818 4.126976656626506
3.5563603451377466 3.6405322956589035
3.7389715094315377 3.9037574768066405
4.125587200296336 3.961212158203125
3.62259758843316 3.6528908514207408
3.5891192626953123 3.5891192626953123
3.891224629170186 3.891224629170186
4.2468461990356445 4.140528416895604
4.021318536055715 3.998914967412534
4.449069115423387 4.449069115423387
3.949587735262784 3.679966802182405
4.192026774088542 4.214663696289063
4.558801651000977 4.35823737250434
3.882870101928711 3.882870101928711
4.042390950520834 3.9745966984675483
3.8482958475748696 3.8482958475748696
5.438940260145399 4.499504937065972
4.559540196468956 4.2037878269102515
4.061292781386265 4.061292781386265
3.7626434011557666 3.7710554014961675
3.9853023182262075 3.9743145751953124
4.563507943783167 4.563507943783167
4.512338638305664 4.05255126953125
3.823570074037064 3.823570074037064
4.040233009739926 4.364579492685746
4.377217610677083 4.390234274942367
3.952993708548786 3.930348044947574
4.015837520001883 4.113959301477191
4.2058123884529905 4.2058123884529905
4.288193838936942 4.648424784342448
3.881912894870924 4.053057716006324
3.8487646130548008 3.7289919309978243
3.7541304223331404 3.831689017159598
3.857396443684896 3.6474889710892078
4.051797895289179 4.098687811212225
3.664747656845465 3.5826077270507812
3.9710205925835504 3.9710205925835504
3.7605257387514466 3.713782388655866
4.091298883611506 4.354535479878271
4.087925158048931 3.94854736328125
4.053101629273504 4.107905480169481
