3.9359850883483887 3.9359850883483887
4.030500793457032 4.030500793457032
3.9978227887834823 3.9397735595703125
4.6668853759765625 4.755254892202524
4.096657752990723 4.096657752990723
5.247143173217774 4.4963623046875
3.6697230868869357 3.6697230868869357
4.371518915349787 3.8545401436941966
3.9833235307173296 3.9833235307173296
4.231108836638621 4.091007579456676
4.231108836638621 4.091007579456676
3.812220486727628 3.578573426203941
5.72746107313368 5.72746107313368
3.863612124794408 3.863612124794408
4.01706288655599 4.01706288655599
3.8618515014648436 3.6838722229003906
4.184487533569336 4.503990173339844
3.9716033935546875 3.9354647827148437
3.7491392477964745 3.7333322548004517
4.693026351928711 4.254159109933036
3.98312256828187 3.798716808500744
4.120921208308293 4.01120112492488
3.520800686621851 3.5595728556315103
3.960667504204644 3.919024897556679
3.7644246419270835 3.786350437852203
3.7242017473493303 3.8139988490513392
5.108589759239783 4.522214536313657
3.64137238147212 3.6732931426077178
3.880851951805321 3.880851951805321
3.958989461263021 3.958989461263021
5.855264663696289 5.855264663696289
3.942370539126189 3.9931272849058495
3.5461802763097428 3.5461802763097428
3.8701775868733725 3.8382449063387782
6.440447807312012 4.986396789550781
4.991964067731585 4.991964067731585
4.085454167546453 4.014714780061142
3.6728334169130066 3.6728334169130066
3.696962205626124 3.7230910728717674
4.312019030253093 4.331931130927906
3.8297125774881113 3.7431585138494317
4.301136334737142 4.150297659414786
3.1384395599365233 3.7743247985839843
4.3737945556640625 4.397185855441624
3.979747366397939 3.70233030993529
4.206904555812026 4.226790073939732
3.6776340432363015 3.7477617867385287
4.11499952233356 4.147359747635691
3.699069163838371 3.722221323985927
3.5127052307128905 3.494408537212171
5.196530818939209 4.429219139946832
4.613675537109375 4.414881480823864
4.200661341349284 4.315384774837854
3.9179834826239226 3.9443900368430396
3.897692289806548 3.864806224681713
4.982820298936632 4.531793117523193
3.808976130699044 3.7095778763659895
4.120070370760831 4.034605407714844
3.8298520820085393 3.7278654915945872
3.8955601283482144 3.9642342703683036
4.514169546274038 4.337687174479167
4.503955078125 4.503955078125
3.8283009248621322 3.8620538185900593
3.9662501017252603 4.011285716089709
4.451002284458705 4.203520587671583
3.9132769035570547 3.8131292242752877
4.426770827349494 3.972172391587409
4.031171671549479 3.9860622165920017
4.157236619429155 4.157236619429155
4.052500861031668 3.987017822265625
4.02826468149821 4.02826468149821
3.929913556134259 3.929913556134259
4.04869760785784 4.081927092179008
4.1376741297104775 4.185064697265625
4.148974360251914 3.9814226704259075
4.556061880929129 4.05781985551883
4.065134962944136 4.038930257161458
3.9295756022135415 3.806143509714227
4.128921840501868 4.146979967753093
3.7966648570278236 3.907608387082122
4.18914320203993 4.057948763408358
4.065511576334635 4.065511576334635
3.828559669288429 3.8488615189475577
4.577234268188477 4.455078125
4.19618051702326 4.5375712258475165
4.298645421078331 4.281025980855082
3.8933940686677633 3.9422875766096444
4.357984706333705 4.357984706333705
3.990340784976357 3.9608810249416306
3.6468580979567307 3.6061065673828123
4.200508251524808 4.200508251524808
3.926065155954072 3.926065155954072
4.14386215209961 4.19525843081267
4.4617493947347 4.176782063075474
3.8848197243430396 3.8848197243430396
4.323697982295867 4.361849784851074
4.5168235085227275 3.8912726182204027
4.823453267415364 4.823453267415364
3.809469122635691 4.039617026724467
3.757316257642663 3.959547285600142
4.208139297810007 4.100933732657597
3.9458287556966147 4.132371382279829
4.045829264322917 4.008586999141809
4.936412266322544 4.936412266322544
4.142647687126608 4.100653875441778
4.258300264002913 4.353291387143343
5.617568122016059 5.617568122016059
4.225756558504972 4.290425981794085
3.777589189245346 3.901600740393814
6.440447807312012 5.118364334106445
4.0105429256663605 4.019742098721591
3.9417482459026836 3.9417482459026836
4.075305245139382 4.628010643853082
4.5004533337008565 4.116224580652574
3.7676324179006175 3.7532426001320425
3.9044275698454483 3.9044275698454483
3.9691148983534945 4.0461476643880205
4.423684161642323 4.181046825344279
5.099281897911658 5.099281897911658
4.986441135406494 5.104498373495566
4.147788217905405 4.195454702327389
3.918352958483574 3.918352958483574
3.844346657777444 3.844346657777444
4.412203543526786 4.412203543526786
3.5350967856014477 3.656735768037684
4.299441429876512 4.299441429876512
4.868310716417101 4.32238048977322
4.1294121742248535 4.1294121742248535
4.250797581028294 4.24176993736854
3.80497145652771 3.80497145652771
4.335862322551448 4.01580810546875
4.585339776400862 4.585339776400862
4.4139794637990555 4.4139794637990555
4.085936269452495 3.9209591847545697
4.621911525726318 4.667109680175781
3.919126774714543 3.919126774714543
3.9665194193522137 4.09700423020583
3.775859964304957 3.775859964304957
3.948686682659647 4.047997933846933
4.167697712526483 4.337497133197206
4.421675545828683 4.954891204833984
3.7259795756279668 3.7822840898886496
4.06843999226888 4.180118313083401
3.7387927827380953 3.8436285931131113
4.127921711314809 4.334000228287338
4.217912871262123 4.2445294268719564
5.383233751569476 4.676642100016276
4.3436344288013595 4.078550587529722
3.794912001665901 3.794912001665901
4.3763427734375 4.3763427734375
4.113555908203125 4.298858218722874
4.93849500020345 4.244022369384766
4.284772872924805 4.284772872924805
4.505392655082371 4.682795933314732
3.8552023080679088 3.920238977191092
3.8175201416015625 4.2015541478207235
4.523075866699219 4.621210370744977
4.156277465820312 4.143841367779356
4.4552978515625 4.400518144880023
3.6238508224487305 4.101018569048713
4.832999547322591 4.587850570678711
4.583481924874442 4.446012115478515
3.9082728794642856 3.977584475562686
5.195870399475098 5.124458761776195
3.899043032997533 3.928275368430398
4.066509479025136 4.071135952941373
3.881282899437881 3.96048638372138
3.6934658930851865 3.89650009617661
4.345578377706962 4.304129780202672
3.8462274429645946 4.042857923005757
3.8766623757102274 3.8766623757102274
5.288351058959961 4.68570613861084
3.7098284040178573 3.7098284040178573
4.481233596801758 4.095434188842773
4.220777009662829 4.179165392036897
4.1104278564453125 4.1104278564453125
4.005359649658203 3.9745958116319446
4.113829320790816 4.096902901785715
4.968924386160714 4.011234198676215
4.38859409239234 4.205110464523088
3.9065393784466913 3.9065393784466913
3.744245012229848 3.839986519191576
4.053947766621907 4.053947766621907
3.782407711713742 3.7888462611607143
3.9300003051757812 3.7403638503130745
4.430849075317383 4.0853466165476835
3.984241574309593 3.984241574309593
4.185801012762662 4.00348876953125
3.887778049045139 3.825140121135306
4.113555908203125 3.619598627090454
4.113555908203125 3.619598627090454
4.004822602143159 4.004822602143159
4.442495727539063 4.442495727539063
4.373590642755682 4.237771170479911
4.537746228669819 4.537746228669819
5.004586855570476 4.118703884548611
4.116968675093218 4.021664268092105
4.378015691583807 4.378015691583807
5.3746490478515625 4.162741803108378
4.210555454470077 4.198571418313419
4.677858352661133 4.677858352661133
4.325134864220252 4.126051804115033
4.0692964183340825 4.0692964183340825
3.9314220428466795 3.9649813842773436
3.7519389185412177 3.9248653678006904
3.906864711216518 3.906864711216518
3.8775456416142453 3.9381247780539774
4.824775218963623 4.6800067608173075
4.185935310695482 4.185935310695482
3.949095178823002 4.0184739332932695
3.87648344039917 4.3593375069754465
3.9291545069494913 3.860250435623468
4.087674140930176 3.6011264123649243
4.873433893377131 4.873433893377131
3.844704021107067 3.844704021107067
5.2347941398620605 4.409527079264323
4.097098940894718 4.103863055889423
4.093424370948305 4.093424370948305
3.6394575951804575 3.7151253297156894
3.870595560445414 3.9803818211410986
4.020718742819393 4.185954700816762
3.630842696788699 3.6690380573272705
4.66193286792652 4.701392433860085
5.280053274972098 5.280053274972098
3.974164581298828 3.9626505533854166
3.431338570334695 3.7597149056448065
4.228662967681885 3.9778368914568865
4.119722280929338 4.042193062697785
3.7912844703311013 3.8130622475834217
3.76513671875 3.6567916870117188
3.865126715766059 3.766667416221217
4.283361041356647 3.8335033815298507
3.983551416641627 4.165216990879604
4.2661324777910785 4.271656125090843
4.456591606140137 4.410776774088542
4.219221115112305 4.219221115112305
4.518500010172526 4.518500010172526
4.320740291050503 3.7696841103690013
4.284740373200061 4.31832569050339
3.8375263989456303 3.82860570754448
4.229600429534912 4.275806172688802
4.997508801912007 4.997508801912007
4.006014506022136 4.008851389405589
3.7427796008540133 3.8707448055869653
4.015145684366172 3.9492092225609756
4.417463847569057 4.286971480758102
4.823453267415364 4.823453267415364
4.331910923549107 4.007860565185547
4.21642695246516 4.253979946704621
4.564104207356771 4.530399488366169
3.945349671786889 3.98425967390366
3.926913631663603 3.926913631663603
4.2618873725503175 4.2618873725503175
4.663214789496528 4.663214789496528
3.786801020304362 3.817717139400653
3.9241101495150863 4.014947979266827
3.8847052756320224 4.009623419378221
3.76321293757512 3.8197187943892046
3.9629786900111608 3.912441419518512
4.008550954419513 4.057062360975477
5.304569244384766 4.989927978515625
3.7703540730026535 3.7802342595280827
4.086092898720189 3.883536575186966
4.13572883605957 4.13572883605957
3.9774699057302167 3.978052662037037
