5.1429767030658144 5.0722364060422205
4.747079637315538 4.9456329345703125
4.976262194045047 4.86981201171875
5.33641357421875 5.503357781304254
4.8719970703125 5.054351806640625
4.63559627532959 5.051503349752987
4.986599922180176 5.189866202218192
3.2440223693847656 3.2440223693847656
4.979644775390625 4.9546710423060825
5.693911743164063 5.265953346535012
2.993426958719889 4.173556804656982
3.308063507080078 5.235534159342448
6.003211975097656 6.003211975097656
4.628462881412146 4.600588843936012
4.654190757057884 4.504575805664063
5.258753849909856 4.865811975990853
2.3538297017415366 4.182753562927246
3.8021392822265625 4.533282540061257
4.51226911873653 4.54690237606273
4.867933000837054 4.867933000837054
2.3538297017415366 4.0278167724609375
4.131123436821832 4.131123436821832
4.221741994222005 4.758527755737305
4.996388290867661 4.861367797851562
3.718449592590332 5.3206347297219665
5.193588544737618 4.996931506741431
5.077302660260882 4.976210821242559
4.40432646780303 4.436533610026042
4.7600008877840905 4.8293403491639255
4.259104156494141 4.840740203857422
5.11043196458083 5.333968063880658
3.4166177113850913 3.4166177113850913
5.099791925603693 5.064815197960805
5.25927269977072 5.25927269977072
5.077315590598366 4.585445556640625
4.188714981079102 4.372689565022786
4.678093405330882 4.753402363170277
4.602379480997722 4.602379480997722
4.819935892964457 4.7963441212972
5.101325199521821 5.273339165581597
5.294283294677735 5.294283294677735
5.016935348510742 5.016935348510742
4.825451544995578 4.825451544995578
4.802557732077206 4.802557732077206
4.04405403137207 4.537699772761418
5.967402458190918 5.055235726492746
5.130867004394531 4.73708675218665
4.753247261047363 5.31671142578125
5.498298645019531 5.36142910228056
6.00653190612793 5.3918304443359375
4.520933263442096 4.3846617804633246
5.209566933768136 5.113059361775716
4.668702376516242 4.6880982864734735
4.973448753356934 4.973448753356934
4.7376387312605575 4.877871322631836
5.3104597522366435 5.200920486450196
3.593127886454264 3.593127886454264
5.228914642333985 6.394408226013184
4.904526604546441 4.904526604546441
3.9820040998787714 3.9820040998787714
5.019109948889001 5.019109948889001
5.176394554876512 5.176394554876512
4.0663299560546875 5.467501322428386
4.828945541381836 4.888254165649414
5.3148964329769735 5.2958323160807295
5.28235092163086 5.220565372043186
4.8152923583984375 4.554028930664063
4.078375816345215 4.078375816345215
4.660056207413064 4.660056207413064
3.6206591924031577 4.259749672629616
4.77401840477659 4.7335052490234375
3.2440223693847656 3.2440223693847656
4.294724941253662 4.067808787027995
4.726196718887544 4.726196718887544
4.660542805989583 4.553044487448299
4.785783290863037 5.543915557861328
4.870396423339844 5.197371511748343
3.2440223693847656 3.2440223693847656
4.408901977539062 4.722483317057292
5.751002311706543 5.091440615446671
5.306597900390625 5.095873196919759
4.927770560128348 5.158321581388774
4.897930047450921 4.897930047450921
5.074557304382324 4.612907409667969
4.869030475616455 5.565026760101318
4.964557354266827 5.080475807189941
4.757803599039714 4.757803599039714
3.791347026824951 4.164961920844184
4.733984860506925 5.021568775177002
5.606715175083705 5.503801618303571
4.57289645546361 4.717311207841083
4.882357915242513 4.945598826688879
3.987508773803711 4.551182673527644
5.355277633666992 4.7504425048828125
2.993426958719889 4.752018140709919
5.287415755422492 5.234206964940201
5.6735269052011 5.492074405445772
5.209623790922619 4.994270061624461
5.369120390518852 5.29966879790684
5.8840484619140625 5.754524230957031
4.067195198752663 4.518234676784939
4.949970592151988 4.885608379657452
5.405999576344209 4.962057179418103
3.708329772949219 4.0542174748012
4.838266306910022 4.856136546415441
4.986599922180176 4.958133152553013
4.680457305908203 4.436409759521484
5.557033538818359 5.54061829810049
4.942779541015625 5.197396332362913
4.6562550862630205 4.704059947620738
4.736065864562988 5.8594818115234375
5.134694612943209 5.134694612943209
3.5519752502441406 4.904229845319476
4.498297055562337 5.154155985514323
3.835824489593506 4.731516520182292
4.948353935690487 4.948353935690487
4.367687702178955 4.629852930704753
4.584707641601563 4.667196655273438
4.603398786272321 4.603398786272321
5.150913238525391 5.020169344815341
6.323091506958008 5.27730967203776
4.701633453369141 4.731571742466518
5.120184762137277 5.028534987877155
4.896305084228516 4.690670921688988
