5.16982939749053 5.120029994419643
4.539866279153263 4.749200057983399
5.064402803461602 5.093542028356482
3.767674446105957 4.310953412737165
5.376852798461914 5.376852798461914
3.5878751277923584 4.710265568324497
1.953208287556966 3.909860134124756
4.986599922180176 5.747859409877232
5.089854591771176 5.089854591771176
5.8332875569661455 5.98368349942294
3.5878751277923584 5.302927884188565
3.2012993494669595 4.49774524143764
5.947790145874023 5.978978670560396
4.751277131854363 4.664629826780225
4.583719652752544 4.583719652752544
5.263569758488582 5.370390280699119
3.9678878784179688 3.9678878784179688
3.958179473876953 4.742702873385682
4.670652718379579 4.89842414855957
4.915502575860507 4.996303249049831
4.962588310241699 5.420061492919922
4.750261518690321 4.750261518690321
4.624089050292969 5.122986566452753
4.737184524536133 4.737184524536133
3.7035350799560547 3.7035350799560547
5.301112987377025 5.347684625993695
5.0058965509588065 5.10839948983028
4.510273788914536 4.774889991396949
4.893175159801136 4.893175159801136
2.930937131245931 4.05250898996989
5.090274047851563 5.2030893961588545
4.039575576782227 4.188548564910889
5.070851828835227 5.070851828835227
5.313030077063519 5.195382799421038
5.3107826926491475 5.401067633377878
4.709063529968262 5.2212677001953125
4.672679586971507 4.696702406141493
4.561563491821289 4.5535516912286935
4.89393018639606 4.981902122497559
5.1142153058733255 5.093100155101103
3.2012993494669595 4.098818143208821
4.362743123372396 4.470985775902157
4.840105409975405 4.848672846312164
4.85342797567678 4.85342797567678
5.391262902153863 5.291088305021587
3.0818474292755127 3.900315420968192
5.2967979431152346 5.687922886439732
2.5342047214508057 2.5342047214508057
5.462992095947266 5.462992095947266
5.6107025146484375 5.462039947509766
4.637766520182292 4.795575420673077
5.49205562046596 5.49205562046596
4.622270282946135 4.581562448055186
4.975938320159912 5.362038021995907
4.876487525733742 4.857235136486235
5.325069304435484 5.3479438194861775
3.8270273208618164 4.300559997558594
2.9352146784464517 4.0642242431640625
4.9172148605872845 4.935409133498733
4.010624326508621 4.010624326508621
4.988603290758635 4.944346341219815
5.300474166870117 5.300474166870117
4.187798500061035 4.782304286956787
4.685423956976996 4.753264385720958
5.235050402189556 5.299957275390625
3.619257926940918 4.151795196533203
4.754008611043294 5.672620561387804
3.603356122970581 5.745216988228463
4.676997853748834 4.676997853748834
4.466767992292132 4.302467346191406
4.813100179036458 5.063185691833496
5.073558044433594 4.810991605122884
4.039575576782227 5.555339631580171
4.7199471609933035 4.666344719964105
4.655854906354632 4.64103529188368
5.22261905670166 4.5923105875651045
4.766580200195312 4.888615463719224
2.713277816772461 4.821279048919678
5.301109660755504 5.171059444032866
4.077706972757976 5.229097366333008
5.66852912902832 5.788659572601318
4.986958530970982 4.986958530970982
4.64956782414363 5.036607133581283
4.974486033121745 5.7741554661800985
4.873704092843192 4.698617299397786
4.613104820251465 4.8293914794921875
4.7170305252075195 4.7170305252075195
4.931351661682129 5.136929598721591
4.650074698708274 4.93334468718498
5.6506417410714285 5.794082240054482
4.641972190455387 4.661536283271257
4.844794909159343 4.844794909159343
4.084554672241211 5.201557704380581
3.5793399810791016 4.166209411621094
5.550257682800293 5.8554729461669925
5.22724365234375 5.141205992879747
5.74038752803096 6.0523930867513025
5.178486543543198 5.1325967722925645
5.114918101917613 5.1522341127748845
6.457172047008168 6.457172047008168
4.6260833740234375 4.89919900894165
4.8818678114149305 4.772860935756138
5.118762969970703 4.750074259440104
4.801200866699219 4.801200866699219
4.906833902994792 5.015651157924107
1.953208287556966 4.2338433265686035
4.525198364257813 4.837333297729492
5.458702087402344 5.356921997070312
5.016247771507086 4.900054414393538
4.772550455729166 4.772550455729166
4.172397232055664 4.705458641052246
4.288635947487571 4.0941458482008715
4.004943370819092 4.5969414344200725
5.098197350135217 5.097781013039982
5.0269775390625 4.868648875843395
5.0131295340401785 4.892247792836782
4.716598987579346 4.618739657931858
4.544658406575521 4.64567772117821
4.610637889188879 4.50727638038429
5.1249616906998 5.25834857292895
5.916018591986762 5.129589578379756
4.83746828351702 4.752199958352482
4.6377374558221724 4.647803715297154
5.253681727818081 5.280942440032959
