3.726819827232832 3.558481018399932
3.5356488396139705 3.5510381309731494
3.412267049153646 3.415368282433712
3.6755475568341778 3.675295701667444
3.4306725894703582 3.4306725894703582
3.6295016306751178 3.5818309168661795
3.913316680163872 3.913316680163872
3.627182361691497 3.699992075016361
3.6187570932749153 3.5184559541590072
3.749547158518145 3.7097579713851685
3.5060952993539662 3.453224690755208
3.84156141094133 3.5935405656403185
3.371203755223474 3.5923883538497123
3.740964484937263 3.7221482402146466
3.266098299893466 3.497567923964968
3.1459207737699466 3.153233262359119
3.8099308013916016 3.8099308013916016
3.7365198269696305 3.688393825954861
4.1137827092951 4.1137827092951
3.649752662295387 3.6111543074898096
3.695059525339227 3.6556978861490887
3.497505935968137 3.4670580435490264
3.614756213568653 3.614756213568653
3.5844303676060267 3.521742414719988
3.5353791834944386 3.591316164001938
3.9807685216267905 3.799838451628989
3.4360324314662387 3.4334170954014227
3.4524368501045335 3.4524368501045335
3.388027688731318 3.4826681734335545
3.480543518066406 3.603535280389301
3.497768985523897 3.552797411308914
3.471483828416511 3.453793547874273
3.5976202132854054 3.563213950709293
3.7386269962086396 3.7386269962086396
3.59832763671875 3.646768230281464
3.1794891357421875 3.5898196750217015
3.63782420911287 3.679281997680664
3.352161089579264 3.474325216041421
4.01181147648738 4.144778898392601
3.449014102711397 3.597323580905124
3.0925827026367188 3.4546200888497487
3.4817487543279473 3.4817487543279473
3.8416074325478142 3.8787047371031744
3.5013751220703124 3.4049403599330357
3.6476868974401597 3.6476868974401597
3.5961339351904655 3.7101148860469744
3.4492467763472576 3.4492467763472576
3.3207872178819446 3.3862152099609375
3.41644978073408 3.41644978073408
3.4234886169433594 4.1966705322265625
3.387853325737847 3.4583298255657327
3.6488001505533854 3.5883382943960336
3.5055670487253288 3.5166766826923075
3.704004560198103 3.7698541259765626
3.7284398078918457 3.961237820712003
3.431012517755682 3.431012517755682
3.3486243558217246 3.3486243558217246
3.542720910274621 3.542720910274621
4.3066864013671875 3.4878761537613405
3.6379948368778936 3.6399446813071648
3.8545744522758154 3.8819548508216597
3.748081684112549 3.748081684112549
3.658776239517632 3.620220027557791
3.623150040618086 3.623150040618086
3.4338760375976562 3.57830560402792
3.6678072173019935 3.7510611044394
3.8513146477776603 3.859793472290039
3.6579497806609624 3.6579497806609624
3.527801513671875 3.400727287171379
3.5210466886821545 3.5210466886821545
3.79132080078125 3.79132080078125
4.607646942138672 4.607646942138672
3.8713156658670176 3.8713156658670176
3.5562167386396215 3.5818825672023102
3.7568214053199407 3.7568214053199407
3.626438238681891 3.6434791847511576
3.608214940780248 3.664301554361979
3.2496514320373535 3.4832936039677374
3.628897404325181 3.526449924045139
3.583309671153193 3.6870212307224026
3.6886607083407315 3.773115634918213
3.5057391951569414 3.5057391951569414
3.6738072837271343 3.5069407235204646
3.466461558400849 3.466461558400849
3.5279074276194855 3.4534339735243056
3.8828274708873822 3.615301453241027
3.679618552879051 3.6050265758030187
3.707549344576322 3.7127665600745505
3.5935699939727783 3.6164011637369793
3.4056535200639204 3.2937694004603792
3.7687396668551263 3.848295829665493
3.704476549734477 3.623872861757383
3.2903461121676263 3.4174824166805187
3.82254389712685 3.82254389712685
3.755400672325721 3.67916185028699
3.566639122596154 3.4650335496471776
3.943470001220703 3.943470001220703
3.68748046875 3.5748061088666523
3.7460537865048362 3.729212878999256
3.7005517747667103 3.533374786376953
3.7536913001019023 3.7536913001019023
3.563696009512166 3.556143866644965
3.898459694602273 3.951798502604167
4.315762996673584 4.315762996673584
3.823507730062906 3.8163277308146157
3.746139179576527 3.746139179576527
3.3296848842075892 3.4616117037259615
3.724681740035554 3.7789740590001806
3.4673574162625718 3.624525823512999
3.5964396158854166 3.450823686254306
3.1558846693772535 3.121485137939453
3.4675792347301138 3.4215897993607953
3.717350657393293 3.6350614107572117
3.71053032025899 3.726189386276972
3.7262202020901354 3.7262202020901354
3.720209718660544 3.6935218857841257
3.4897267818450928 3.3487468719482423
3.526525123832152 3.5216222799049235
3.6118291810501453 3.6118291810501453
3.6543367826021633 3.54796680051889
3.5086017391545985 3.498585713267838
3.6711693332619864 3.65095947265625
3.221685710706209 3.2085250382570876
3.615660978618421 3.754828737493147
4.606651000976562 3.546093280498798
3.485025405883789 3.3345298767089844
3.67375241793119 3.62034297168703
3.526725405738467 3.531192590694616
3.4168399464000356 3.481750790435489
3.714191118876139 3.563477079747087
3.4999750310724433 3.754369912027311
3.2720634058902136 3.3152865146068815
3.536480570948401 3.729537146432059
3.5497421636814024 3.5046688613071235
3.425608424136513 3.563566000154703
3.3790183231748383 3.488156511483948
3.6933960914611816 3.5626522330350654
3.713579991067103 3.765450710720486
3.8035520665785847 3.6569320015285327
3.4251428648482922 3.392965288304571
3.479210583917026 3.4657032012939455
3.8738904931079383 3.943384304852553
3.699839852072976 3.6120034677010997
3.724060352032001 3.7227348760746453
3.261394671539762 3.3740921823601973
3.699951171875 3.7611454830893987
3.4923821048460146 3.4549329485212055
3.4096603393554688 3.425219911517519
3.2949581506117336 3.361537202875665
3.3946158669211646 3.540778636932373
3.2631702423095703 3.366694132486979
3.477438534007353 3.394617671460177
3.716109238661729 3.6974007319478157
3.609678248355263 3.674553267452695
3.512642754448785 3.5965194326316197
3.05091454001034 3.4596627657530736
3.5135990397135415 3.5135990397135415
3.700147431472252 3.599329664217715
3.7863621181911893 3.576798633862567
4.5168813069661455 3.810836533368644
2.9205856323242188 3.147726535797119
3.562753748010706 3.6835141725178007
3.6831123352050783 3.663859377625168
3.62065185546875 3.62065185546875
3.75650752356293 3.75370654296875
3.5962611111727627 3.67098681640625
3.669979296232525 3.6808843305034022
3.5033881664276123 3.3948035606971154
3.8549346923828125 3.6405248006184894
3.6455977156355575 3.6455977156355575
3.7245503743489583 3.7726937570879535
3.5406574313923462 3.41574761419013
3.8458356253708463 3.8458356253708463
3.439551217215402 3.706067892221304
3.263972600301107 3.413368152436756
3.447813245985243 3.490901457957732
3.6496769298206675 3.4378983845082365
2.8059972127278647 2.7676830291748047
4.00527146283318 4.064445299979968
3.4707842658547796 3.569642333984375
3.4057867171916554 3.4057867171916554
3.4949931323043697 3.524266411276425
3.4251375266973922 3.399057890239515
3.7066896956488 3.624359636675587
3.835982039168074 3.924169921875
3.0801797682239163 3.0801797682239163
3.625130422491776 3.415044075049064
3.6531529580393145 3.495987410397874
3.233337793594752 3.2097714072779606
4.621754837036133 4.621754837036133
3.464054252005912 3.4578553533755274
3.485821892233456 3.4434981636379076
3.32916259765625 3.3302983823029892
3.649007568359375 3.487012953985305
3.655823319046586 3.653497511340726
4.807183583577474 4.807183583577474
3.4843968805277123 3.4843968805277123
3.655700128728693 3.7315782819475447
3.4957712704373387 3.4957712704373387
3.7928723611466872 3.6535351760988313
3.558993615836741 3.627023915775487
3.485025405883789 3.3345298767089844
3.5114128589630127 3.5236777530354297
3.5596941993350075 3.5596941993350075
4.25185371167732 3.8086556328667536
3.34887814212155 3.3017234593792693
3.5214866733950054 3.4777933756510415
3.5260819144870923 3.5260819144870923
4.0300954182942705 3.966460345542594
3.6026616567194205 3.6302343849244156
3.4703425917514537 3.604417087720788
2.677745607164171 3.5154582977294924
3.5533940374514477 3.502706490310968
3.4287919669315734 3.4333892342931938
3.475774317611883 3.475774317611883
3.315272739955357 3.315272739955357
3.3700347313514123 3.644909413655599
3.335982186453683 3.336011803668478
3.592512884059874 3.592512884059874
3.286302475702195 3.3768885685847354
3.106427934434679 3.106427934434679
3.302106433444553 3.325113795747693
3.853194851345486 3.676309938783999
3.9198158264160154 3.9198158264160154
3.5131751612613074 3.6183177027209052
4.613916609022352 3.794171142578125
3.6151607905592873 3.5953051865363435
3.328638458251953 3.328638458251953
3.6535981830797697 3.546493406218242
3.3184619140625 3.3614136832101003
3.786702906831782 3.786702906831782
3.3113254454077743 3.3799400329589844
3.5003656958728904 3.5003656958728904
3.5389272836538463 3.5389272836538463
3.3990421295166016 3.5884239560081843
3.9945750766330295 3.783366932588465
3.6523813100961537 3.5921485386981864
4.054986953735352 4.054986953735352
3.419647926507994 3.4812568785652283
3.45178248964507 3.507189786886867
3.510177448231687 3.516362882915296
3.779155731201172 3.779155731201172
4.010943412780762 4.01628183218149
3.9777176596901636 3.640784752887228
3.4821929931640625 3.4789838947233607
3.666316032409668 4.100351853804155
4.521733283996582 3.7553427911573842
3.0084142049153644 3.0205774307250977
3.289777022141677 3.289777022141677
5.179277420043945 5.179277420043945
3.680105209350586 3.510304429796007
3.6863553365071615 3.6597196323665107
3.5728068496241714 3.5948878361628607
3.5265305463005516 3.546510968889509
3.72732712152436 3.72732712152436
3.383080164591471 3.383080164591471
3.6787853240966797 3.6155628269001587
3.407968347722834 3.407968347722834
3.5845240666316105 3.4218759637129934
3.5151173467221466 3.5077704272223906
3.460639317830404 3.4697608476803627
3.3580635689400338 3.3161461632530966
3.5356001677336515 3.5356001677336515
3.500822473744877 3.3534247080485025
3.789094134074886 3.789094134074886
3.4097067622815147 3.389018156090561
3.8923584909150093 3.8923584909150093
3.4185554504394533 3.669060642733896
3.4672956037091778 3.54439990234375
3.4643793520720108 3.4363742785507374
4.107348502950465 4.0569592644186585
3.68321387447528 3.869096048762289
3.3716549757050305 3.394794170673077
3.601567925347222 3.5823071797688804
3.413785400390625 3.444156380586846
3.6527109781901044 3.562028967815897
3.5210321265530875 3.514080047607422
3.7031126022338867 3.535187471829928
3.523450956569882 3.655954851422991
3.66552734375 3.615877644399579
4.413476671491351 4.413476671491351
3.6911091051603617 3.868513924734933
4.43600810657848 4.43600810657848
3.469349839952257 3.469349839952257
4.100580124627976 4.100580124627976
4.43600810657848 4.43600810657848
3.2524562928734757 3.2524562928734757
3.483821771083734 3.498322597769804
3.6190174932065218 3.608521000031502
3.4076263034804186 3.4396410027649176
3.4579059551288553 3.555679579912606
3.5539649058196505 3.5136415818158317
3.513849632027223 3.313673400878906
3.5974721908569336 3.760460702996505
3.714624804119731 3.714624804119731
3.634119494207974 3.641798400878906
3.5248489379882812 3.7135350363595143
3.6578361960018384 3.6549364027086195
3.3226598103841147 3.3875160217285156
4.227478451199001 3.7811798682579627
4.226441860198975 3.5781940660978617
3.2407689587823274 3.2182344135485197
3.329744892735635 3.3878957895132213
4.051523061899038 4.051523061899038
3.6280573064630683 3.6280573064630683
4.395840236118862 3.9739176432291665
3.3539483958277208 3.3539483958277208
3.5319383409288196 3.539858529394157
3.628743190391391 3.513155013795883
3.6362820329337286 3.5638648723733835
3.2018811456088363 3.2018811456088363
4.250883314344618 3.6494971585560996
3.9176816073330967 3.7815136909484863
3.4030508313860213 3.4142939249674478
3.7995071411132812 3.378671884536743
3.752122621278505 3.6014788818359373
3.3084391080416164 3.292079108101981
3.657258669535319 3.657258669535319
4.197914123535156 4.197914123535156
4.219181060791016 3.677132415771484
4.111304601033528 4.111304601033528
3.6796676766159186 3.732054508093632
3.293949762980143 3.1959465026855467
3.4114747047424316 3.40448481241862
4.350965711805555 4.350965711805555
3.7914018630981445 3.7458373394209086
3.866113026936849 3.7817303466796877
2.910620553152902 3.332252934293927
4.284022861056858 4.284022861056858
3.2644604938786204 3.263448486328125
3.2120919363839286 3.4749576501679003
3.3923562091329824 3.304871606045082
3.5031346860139267 3.3677295049031577
3.2918051014775815 3.2913079380003873
3.913228988647461 3.913228988647461
3.7855609893798827 3.444077824971762
3.773124270968967 4.346011822040264
3.7467281341552736 3.643169981060606
3.364540521352569 3.2842658701884386
3.590560002113456 3.6716433605515815
3.341230641240659 3.311766680549173
3.7599036638126817 3.676062901814779
3.7194188435872397 3.4060725161903784
3.9914179262907608 3.9914179262907608
3.393626326221531 3.393626326221531
3.807361602783203 3.634200601016774
3.492432757121761 3.2901360720198674
3.559233364993579 3.559233364993579
2.844246334499783 3.2571847098214284
4.158310976895419 4.158310976895419
3.608702850341797 3.70105507590554
3.2911641438802084 3.2911641438802084
3.584447043282645 3.672466856060606
3.578115669785032 3.578115669785032
3.3310928344726562 3.243520246233259
3.5266516072180134 3.5266516072180134
3.4437036928923233 3.4006153207964602
3.7387590408325195 3.5151780072380516
3.9455897013346353 3.8011426738664214
4.185782799353967 3.7287654433139537
3.737484338148585 3.737484338148585
3.464786590091766 3.42606106052151
3.6041508427372686 3.6041508427372686
3.248227467256434 3.4185085609310963
3.4894614841627036 3.4717349403782896
3.527542931692941 3.6412882949366714
3.4667565482003346 3.45305062943146
3.503048458614865 3.46541014171782
3.6474731990269254 3.3082142998190487
3.5662765502929688 3.5662765502929688
3.7760086059570312 3.9618643624441963
4.271218109130859 4.271218109130859
3.3915772210984003 3.5521840299113414
3.2994118767815666 3.271643402379587
3.4625382056603065 3.34545419321939
4.446264743804932 4.446264743804932
3.459004987750137 3.430908896706321
3.4211703709193637 3.295107791298314
4.041254588535854 4.041254588535854
3.21820068359375 3.5104841752485796
3.69945166015625 3.611910020982897
4.207703908284505 4.207703908284505
3.3468972665292247 3.279013255285838
3.433307647705078 3.425737135481126
3.2951543360580633 3.239288632232364
3.62398444281684 3.62398444281684
3.530147811741505 3.6692705296758397
3.862650254193474 3.88846875
3.081451839870877 3.283551025390625
4.421003069196429 4.421003069196429
3.66014052882339 3.4641314419833096
3.588992192195012 3.5733784642712823
3.4367332458496094 3.478001984072403
3.6991705322265624 3.7748875209263395
3.5154228879694354 3.528107125418527
3.61380351673473 3.5284158457880435
4.073872375488281 4.073872375488281
3.5124966603405072 3.4631805419921875
4.488212312970843 4.488212312970843
3.763579337827621 3.7438406944274902
3.7448628743489585 3.291287536621094
3.9083164760044644 3.9083164760044644
3.823320600721571 3.694455233487216
3.532500655562789 3.532500655562789
3.514965978162042 3.5345678329467773
4.8855406443278 4.8855406443278
3.2926672658612652 3.4066803814613658
3.5168780158547794 3.466338926373106
3.2590499291053185 3.440157542509191
3.307392120361328 3.307392120361328
3.473112294371699 3.3887059034499445
3.5835901896158853 3.6683440337309965
3.5722000122070314 3.8227707435344827
3.528985129462348 4.155645751953125
3.4377293705516014 3.4431253367456898
3.354966990152995 3.353532398020038
4.43600810657848 4.43600810657848
3.3600466815745773 3.342741978851184
3.486021041870117 3.340165603992551
3.4573498401013047 3.4193920808679916
4.664193630218506 3.9308223724365234
3.8914822309445114 3.9421511563387783
3.8764944365530303 3.8764944365530303
3.935880661010742 3.600506146748861
3.652469109632298 3.675775453365049
3.4272706039308565 3.381089274088542
3.0563075725848856 3.151537068684896
3.9129167523300437 3.874678134918213
3.4583648221576633 3.4583648221576633
3.552972492418791 3.612026782746011
3.303307215372721 3.4508946736653647
3.731297810872396 3.7310379691745923
3.2561670939127603 3.4227035254762885
3.124879690317007 3.124879690317007
3.7577710273938303 3.786037669462316
3.5707588704427082 3.632689703078497
3.736741129557292 3.736741129557292
3.476850150835396 3.481439443734976
3.4978925332255746 3.453734166413835
3.544437953404018 3.5041634695870534
3.322781470514113 3.3402039715062792
3.941057586669922 3.941057586669922
3.540985652378627 3.540985652378627
3.3953881697221235 3.8626965778629954
3.524651845296224 3.4922697368421054
4.487759676846591 4.487759676846591
3.5823843819754466 3.706205888227983
3.2636663886938204 3.2636663886938204
3.309754390640563 3.309754390640563
3.282099756701239 3.3075504918252268
3.6188364750196955 3.6188364750196955
3.5581597992868135 3.5581597992868135
3.5711594673052227 3.450061345504502
3.439651157545007 3.5280607620088182
3.580682538006757 3.653882072967233
4.339589436848958 4.40746347527755
3.271028200785319 3.271028200785319
3.657119288589015 3.56826266994724
3.3115645514594183 3.5254605611165366
3.429388192983774 3.4420037520559212
