3.767314910888672 3.767314910888672
3.478288162586301 3.4550741444463315
3.4721942770070044 3.4721942770070044
3.694236684068341 3.603857266700874
3.7115610606634797 3.7115610606634797
3.6016741152162903 3.6016741152162903
3.775764402279184 3.775764402279184
3.5922956194196427 3.60000383093002
3.3976467132568358 3.391026136610243
3.680929183959961 3.680929183959961
3.43541797838713 3.43541797838713
3.7866314697265624 3.8860667835582388
3.4432312721429867 3.4432312721429867
3.60438961452908 3.5038749186197915
3.179133711190059 3.179133711190059
3.3483394276012075 3.4178278181287975
3.7421724250517694 3.7076364617598685
4.015371833049076 4.015371833049076
3.3566978999546597 3.845955241810192
3.7783820919874236 3.7625484466552734
3.5504363210577714 3.5504363210577714
3.6725861398797286 3.705808466131037
3.6423427935728094 3.6347629840557394
3.633531512636127 3.5598394605848522
3.5961009058459052 3.5961009058459052
3.673470069622171 3.673470069622171
3.4460670401196962 3.4460670401196962
3.480464390345982 3.480464390345982
3.416899695763221 3.4652032291187957
3.4424355548361074 3.584110804966518
3.5055059388626453 3.6285324096679688
3.3038325523262593 3.419447762625558
3.4671510060628257 3.5697835286458335
3.680566765280331 3.7386846923828125
3.6656923398866756 3.7390424620430425
3.2330412431196733 3.4477101918813347
3.6218964426141036 3.7978867474724263
3.6047648111979167 3.575372528611568
4.13452029537845 4.08079348328293
3.384328305142597 3.384328305142597
3.3029049682617186 3.235658874511719
3.385458573051121 3.380196554618969
3.78581400120512 3.648224431818182
3.4358626145582933 3.688919295125933
3.694370045381434 3.694370045381434
3.6141702505258415 3.681995533130787
3.4895251592000327 3.436265608843635
3.459378197079613 3.5403173828125
3.3215584011252868 3.3215584011252868
3.8709238225763496 3.6902580814085146
3.422085074491279 3.5512997662579573
3.7167654326467803 3.7778117899992028
3.539513179234096 3.539513179234096
3.7785124345259233 3.7785124345259233
4.049278259277344 4.049278259277344
3.3396368511652543 3.3396368511652543
3.2909556928887427 3.2909556928887427
3.545439964117006 3.5399387904575894
3.435482842581613 3.191492614746094
3.6749755859375 3.6749755859375
3.963144366660815 3.963144366660815
3.73382318215292 3.73382318215292
3.6123707668840392 3.616287858518836
3.630880073879076 3.630880073879076
3.3403133269279235 3.491386217948718
3.523567078605531 3.6673772364486883
3.6801154996141974 3.6161982504169594
3.6368092769334295 3.598950017107664
3.621256758527058 3.566649873377913
3.4955377823267226 3.580329674516799
3.5243134037140877 3.4644794170673077
3.435482842581613 3.5373152547807836
3.7245345342726934 3.5315302634725767
3.5069549280569094 3.4788502568783968
3.8204676547897196 3.794677995209001
3.671014935037364 3.6674958189090567
3.563626183403863 3.608232421875
3.369731648763021 3.570887026579484
3.6712305545806885 3.661771937779018
3.509549921209162 3.7646205507475754
3.656536013581032 3.656536013581032
3.542737143380301 3.611444407495959
3.6978047688802085 3.6978047688802085
3.384413667781624 3.384413667781624
3.540195707640896 3.540195707640896
4.014300346374512 3.8438378695783944
3.705725040075914 3.705725040075914
3.6455315742783876 3.5991464502671184
3.8334996541341146 3.8334996541341146
3.3833128731205777 3.3833128731205777
3.7215785364950857 3.5449017693014704
3.817358964326366 3.817358964326366
3.5339062260646448 3.5339062260646448
3.5846499972873263 3.6985386815564385
3.7833153357872598 3.7789719396357913
3.815330242288524 3.815330242288524
4.0500335693359375 3.772869783289292
3.7713765895113034 3.7713765895113034
3.4886852900187173 3.5165175636215964
3.703300998635488 3.699171982802354
3.646243551503057 3.6551873999905875
3.576662540435791 3.576662540435791
3.395832061767578 3.398509979248047
4.3993072509765625 3.5044217790876115
3.777217499197346 3.777217499197346
3.62990327314897 3.7932345072428384
3.704542541503906 3.704542541503906
3.7108453990456587 3.7286443219866072
3.429137106502757 3.5724663827933516
3.8528574350717903 3.8528574350717903
3.9131346482496996 3.9131346482496996
3.4306995625398597 3.4478988647460938
3.5717849731445312 3.5717849731445312
3.753881918417441 3.753881918417441
3.6467242901141828 3.6467242901141828
3.686285869891827 3.686285869891827
3.8709238225763496 3.5195611317952475
3.5128214518229166 3.465101170240586
3.7511528862847223 3.8160623689977133
3.87573833854831 3.87573833854831
3.5007535494290867 3.4921947088767222
3.6021337890625 3.4834365423213054
3.173854774152729 3.1373477935791017
3.68312136332194 3.68312136332194
4.409625625610351 4.409625625610351
3.9131346482496996 3.9131346482496996
3.6315927124023437 3.6019784250567035
3.4450516473679316 3.464984679489993
3.3756954616970485 3.417972375850866
3.660194679542824 3.540206460391774
3.4948664126188858 3.4948664126188858
3.286602579752604 3.286602579752604
3.428647669350229 3.428647669350229
3.5759253563818993 3.6447119279341265
3.4320222520336663 3.4320222520336663
3.4471511840820312 3.4015913009643555
3.6318243778113164 3.76398159595246
3.6866180896759033 3.732821612290933
3.766887498938519 3.602708202297405
3.3233595904181987 3.3992286600092405
3.470431241122159 3.470431241122159
3.8685162712545957 3.8685162712545957
3.813174040421196 3.813174040421196
3.6648685063157127 3.681043109157055
3.2937400998093014 3.3771740039745413
3.762643710049716 3.762643710049716
3.4693411690848213 3.6254065502649064
3.5100738967674365 3.5781231161988813
3.362485399433211 3.624980117335464
3.427693880521334 3.4795569142987652
4.295102255684989 4.075910250345866
3.552205000773515 3.552205000773515
3.7071740286690846 3.611214406866776
3.5936293327945403 3.62554861485273
3.4472553730010986 3.4235023176166375
3.3544578552246094 3.3544578552246094
3.468390895895762 3.591238742404514
3.8478629916321996 3.913145626292509
3.6802840459914434 3.461142147288603
3.9890205383300783 3.552681477864583
3.3170233506422777 3.6766185646285554
3.655158451625279 3.5154488303444604
3.6300156756145197 3.6272918037746265
3.5813193807796555 3.5813193807796555
3.7484671852805396 3.7411008819820375
3.6222012071724397 3.5486150373492324
3.5446247301603617 3.5446247301603617
3.4546043982872594 3.4546043982872594
3.780027024289395 3.780027024289395
3.5379808698381696 3.5379808698381696
3.7489340425741795 3.7489340425741795
3.556092821862087 3.556092821862087
3.8434792047814477 3.878685880962171
3.4558872129858993 3.4558872129858993
3.3839238093449517 3.414359828404018
3.3645413306451615 3.3645413306451615
3.837768978542752 3.588358098810369
2.9708368210565474 2.9708368210565474
4.069663577609592 3.846715291341146
3.4742887689826194 3.4742887689826194
3.413458055065524 3.413458055065524
3.605858313519022 3.605858313519022
3.426391819545201 3.4192546403326958
3.6497571896284056 3.6467414728090084
3.83489307604338 3.83489307604338
3.1651117661420036 3.437795601639093
3.616150544819079 3.6631717681884766
3.561761179277974 3.639498503311821
3.2711914910210504 3.2711914910210504
3.971965026855469 3.5977350870768228
3.4563952169783128 3.4563952169783128
3.5727163461538463 3.5727163461538463
3.8306453704833983 3.6960700539981617
3.5062977927071706 3.4550105967420213
3.641978793674045 3.6288855990072837
3.485025405883789 3.1275003221299915
3.495329115125868 3.495329115125868
3.634356268521013 3.694563908363456
3.5025126139322915 3.5025126139322915
3.740882667335304 3.7047805406560945
3.505977697539748 3.5324079452022428
3.8709238225763496 3.8709238225763496
3.5524187901223354 3.657854292127821
3.475117753191692 3.475117753191692
4.34846305847168 3.986815107629654
3.4027539726828233 3.4027539726828233
3.494262440999349 3.494262440999349
3.5506193938078705 3.5506193938078705
3.8627336610038325 3.7801349840666116
3.5749296916912554 3.5749296916912554
3.2626580810546875 3.2626580810546875
3.9131346482496996 3.9131346482496996
3.5500141490589487 3.5500141490589487
3.3719311275997677 3.3719311275997677
3.5384547695791793 3.5384547695791793
3.322240746539572 3.322240746539572
3.5907120337853065 3.5907120337853065
3.29690099645544 3.29690099645544
3.5568065800942663 3.5505625
2.9983545939127603 3.2074150837643045
3.3745923042297363 3.406772401597765
3.3360189503636852 3.3360189503636852
3.856069040822459 3.8966172162224266
3.5252888997395835 3.3250189208984375
3.5470198567708335 3.7131060019306754
3.7552337646484375 3.8400977240668404
3.591478105024858 3.591478105024858
3.3493990858061973 3.3493990858061973
3.246388244628906 3.246388244628906
3.304067171536959 3.304067171536959
3.7385507647910816 3.7385507647910816
3.284374133960621 3.2283837454659596
3.4924686790531516 3.485629081726074
3.4917445528334468 3.658806136891812
3.127458095550537 3.4046196937561035
4.726256476508246 4.522361755371094
3.6804418024027123 3.6804418024027123
3.8762779235839844 3.54040036882673
3.4634288787841796 3.7317072550455728
3.458213161892361 3.439390636625744
3.4652475210336537 3.4652475210336537
3.789128533725081 3.789128533725081
4.19610595703125 3.81161845814098
4.308079564294149 4.308079564294149
3.447874049136513 3.3696263417476366
3.957288530137804 3.2959076503537736
3.577711232503255 3.570530941611842
3.146225823296441 3.4126117412860575
3.2828495817364387 3.191762685775757
3.309782174917368 3.3176797846312165
3.642840576171875 3.620221528552827
3.6639010521673385 3.637558204540308
3.549373425935444 3.405369492827869
3.6282854582134045 3.6127238273620605
3.6901360950330746 3.6901360950330746
3.7387779637386926 3.7387779637386926
4.726256476508246 4.522361755371094
3.7630770206451416 3.469475269317627
3.397951040694963 3.357609176635742
3.5145347858297415 3.5145347858297415
3.4158449034759966 3.5094626744588218
3.313048533904247 3.313048533904247
3.5945839259935464 3.5953356424967446
3.4939463138580322 3.400269775390625
3.7013192525724086 3.7013192525724086
3.4356475073443957 3.4792133037860578
3.6995290940807712 3.7489730171535327
3.583269722854035 3.504540645714962
3.4995136092194414 3.64725092837685
3.425180435180664 3.405035314425616
4.047228081281795 4.047228081281795
3.7010035728340718 3.7010035728340718
3.320892822265625 3.3314655360890857
3.604830506027386 3.604830506027386
3.341891314532306 3.3170302818561423
3.6561014811197916 3.5435461564497515
3.4696713402157737 3.439763726128472
3.5668152839906755 3.4942637356844815
3.410866074889671 3.3807569099195076
3.495943603515625 3.443699966242284
3.830747331891741 3.830747331891741
3.6342897917094983 3.7094559442429316
3.0897034865159254 3.258806529798006
3.395952744917436 3.4605234677029637
3.8363779241388496 3.9159006970994015
3.801823298136393 3.341823305402483
3.2121526206411968 3.2121526206411968
3.522018051147461 3.4251878526475696
3.579778544108073 3.6279513816934683
3.4376894743546194 3.446803891561865
3.4293602728074597 3.372342287839114
3.600682308799342 3.600682308799342
3.5130758480149873 3.5130758480149873
3.3974242210388184 3.641725640547903
3.5057296752929688 3.4770398821149553
3.585436590786638 3.596721649169922
3.746569689582376 3.9344903564453126
3.6318635828354777 3.6287885842864047
3.354318300882975 3.3270749409993488
3.4653873443603516 3.5989146985505758
4.104117760291467 4.104117760291467
3.2257571013077446 3.2497567841500947
3.9127528850848856 3.9223343869473073
3.1390199661254883 3.1390199661254883
3.5592210557725696 3.5592210557725696
4.3918255397251675 3.9212374369303387
3.625102830969769 3.3442828838641825
3.5451101696925607 3.5368442609043194
3.48975909197772 3.48975909197772
3.5942955864800346 3.5942955864800346
3.2018190111432756 3.2018190111432756
3.1839231603285847 3.2506370544433594
3.5855768377130683 3.5855768377130683
3.174344744001116 3.6252471260402515
3.021309110853407 3.2771010980373476
3.95373041489545 3.5948413213094077
4.04058837890625 3.8274176120758057
4.5257008870442705 3.797329655400029
4.24019718170166 4.137966156005859
3.1332630358244242 3.222721686730018
4.356463692405007 4.356463692405007
3.7284411414194913 3.6975410215316282
3.921930585588728 3.6004842963100465
3.667605929904514 3.4335537335730546
4.172737121582031 4.172737121582031
3.8442301750183105 3.8442301750183105
3.8279266357421875 3.903875732421875
3.7929204305013022 3.5960052490234373
4.121979713439941 4.149928948818109
3.268736494348404 3.268736494348404
3.3062533674568964 3.3343628777398004
3.3220711139717487 3.3938200814383372
3.5051136016845703 3.5051136016845703
3.2797995174632355 3.3820478515625
4.623933965509588 3.3581487482244317
3.6260656312454578 3.6260656312454578
4.130769903009588 4.130769903009588
4.473533206515842 4.015460014343262
3.3738037862895447 3.3663729713076638
3.4999414700180735 3.561507431777207
3.38900444724343 3.496071328922194
3.8699980586408134 3.8699980586408134
4.783278571234809 4.03894763522678
4.132580964461617 4.132580964461617
3.415636259933998 3.415636259933998
3.6066804365678267 3.845234421064269
3.496866999445735 3.5330448150634766
3.3308116525843525 3.4218597412109375
3.076766518985524 3.25881611217152
4.1678924560546875 3.5777359008789062
3.5760003952752974 3.597925633559992
3.3759742736816407 3.3687768291226394
3.55275387234158 3.55275387234158
3.5774357783329953 3.5774357783329953
3.710280418395996 3.6679611206054688
3.5238392975370765 3.55055144649224
3.4426567925347222 3.4426567925347222
3.26663325383113 3.8274276039817114
3.9059901767306857 3.8992502312911186
4.0883543433212655 3.989059772897274
3.6265471836306014 3.6185591264204544
3.5476312152409957 3.5476312152409957
3.3258839359989874 3.407586939194623
3.3035845588235295 3.3568351432068706
3.4796559484929985 3.4853554711553265
3.413088882178591 3.4237014655780076
3.5081329345703125 3.5081329345703125
3.582523145173725 3.582523145173725
3.2797775268554688 3.2797775268554688
3.0624465942382812 3.2367389385516825
3.3084700448172435 3.6715087890625
4.188090133666992 3.9298221588134767
3.4129134947995103 3.5106573770212575
3.299017571783685 3.2735157012939453
3.741260528564453 3.692171270197088
3.5481951395670572 3.5864964653463924
3.5407812730321346 3.532203428206905
3.4338525736107015 3.4539721171061197
4.021717548370361 3.573358433847209
3.4540122985839843 3.3407676333472844
3.7348273782169117 3.7348273782169117
3.5595536665482954 3.479027430216471
3.2646204630533853 3.310042716361381
3.492398312217311 3.417083740234375
3.2198319208054316 3.2111183568050987
3.7485225677490233 3.5731689453125
3.485411376953125 3.455030546413632
3.7592520084021226 3.8017122510453345
3.3918511867523193 3.3918511867523193
4.088167953491211 4.088167953491211
3.639126386798796 3.540025075276693
3.554287348952249 3.554287348952249
3.4292007704912604 3.4292007704912604
3.6185328165690103 3.6185328165690103
3.5017012110296286 3.5017012110296286
3.7131942749023437 3.57257080078125
3.7144952501569475 3.524375583814538
3.4439480121319113 3.456375911318023
4.370135307312012 4.370135307312012
3.6805152306189903 3.6475296585648147
3.875001907348633 3.7355234246504936
3.7007769266764323 3.219516167273888
3.8184995789458784 3.8184995789458784
3.363668441772461 3.466157210500617
3.4260150364467075 3.506239318847656
3.9824897766113283 3.70067868913923
3.273659777285448 3.363880920410156
3.4303054809570312 3.4941622577136076
3.2957605911513506 3.288874308268229
3.394334248134068 3.404217485068501
3.5106550517835116 3.5937312733043325
3.5301675235523895 3.5301675235523895
3.748807668685913 3.704809824625651
3.3336896896362305 3.5700531005859375
3.4158123932431677 3.4158123932431677
3.402296680515095 3.402296680515095
3.7846052987234935 4.216265958898208
3.396119950457317 3.4210202011031723
3.4627491344105112 3.4590744390720274
3.4707648094664227 3.467071533203125
4.136870247977121 3.6807032267252606
3.9737928118024555 3.889218947466682
3.8223757934570313 3.8223757934570313
3.7878012821592133 3.9575406588040867
3.6792270660400392 3.688264106792179
3.424337071696604 3.424337071696604
4.1675232781304254 4.1675232781304254
3.810761248479124 3.810761248479124
3.460396506569602 3.460396506569602
3.515890659430088 3.515890659430088
3.59530029296875 3.7026519775390625
3.879756047175481 3.879756047175481
3.298538997255523 3.243773791254783
3.896899859110514 3.580714592566857
3.594959259033203 3.5897598266601562
3.387102835518973 3.387102835518973
3.6964322734811454 3.6964322734811454
3.4785257975260415 3.4785257975260415
3.5241139131433825 3.5241139131433825
3.621100020735231 3.60947265625
3.2916580354324494 3.411902309449251
4.020238436185396 3.7341424560546876
3.587752448187934 3.587752448187934
3.2502494225135217 3.187510940263856
3.288589678312603 3.3851687782689144
5.246076901753743 5.246076901753743
3.5911387781943045 3.5883879730666894
3.3016338926373106 3.297915371981534
3.313342534279337 3.320875920147535
3.382587098238761 3.3664998856801835
3.6136928460536857 3.6284942626953125
3.3973212242126465 3.4871576320358186
3.456516647338867 3.5231692843967015
3.4722386761441255 3.5478700678399266
3.5822879367404514 3.5822879367404514
3.8502945672898066 3.8502945672898066
3.265420467295545 3.265420467295545
3.709161573840726 3.6704900294174383
3.265504134328742 3.3602415231557994
3.414211697048611 3.414211697048611
