4.141762774923573 4.089376722063337
4.001527502181682 3.8076942443847654
4.06177244324615 3.834778112009031
3.772924929249043 3.80760208284012
4.060980639411408 4.081554212068257
4.220893859863281 4.220893859863281
4.347440083821614 3.6987376965974508
3.445770263671875 3.0595645904541016
4.320845947265625 4.20454930547458
3.976531982421875 4.148473739624023
3.994231280158548 3.7766972592002466
3.7222132189520476 3.692592713891006
3.8068332014412714 3.8068332014412714
4.188785206187855 4.048460740309495
3.959135055541992 3.735910855806791
3.8986494541168213 3.5216820126488093
3.6497588575932016 3.595001470847208
3.6409117996051745 3.628316145676833
4.067413584391276 3.877371893988715
3.736641102267387 3.7137298583984375
3.6543113708496096 3.520594533284505
3.78171021597726 3.741347249348958
4.3095173835754395 4.223603057861328
3.9032090620561077 3.9032090620561077
4.199131480434485 4.199131480434485
4.22054202740009 4.22054202740009
3.9014750441459762 3.83882663124486
3.873065553862473 3.919855753580729
3.5937717677829983 3.5635363520408165
4.108084106445313 3.914977264404297
4.062193231997282 4.062193231997282
3.6446322123209636 3.8089307149251304
3.783165209221117 3.853311712091619
3.8006964789496527 3.7949628226364713
3.6920735285832333 3.6920735285832333
3.7118066858362266 3.7495610436727835
3.9084449624115565 3.9084449624115565
4.662499935068983 4.662499935068983
3.983933342827691 3.983933342827691
3.974366823832194 3.9700638620476973
3.783385238027185 3.783385238027185
4.038543701171875 4.000218578892896
3.8174086539976058 3.803888219003459
3.79189602164335 3.7703301845452724
4.000687599182129 3.8302517594962286
4.131803724500868 3.8831548383159022
3.832914179021662 3.777855396270752
4.475238800048828 4.113387815413937
4.787387084960938 4.787387084960938
3.8556292607234073 3.8556292607234073
3.786068115234375 3.868417178883272
3.7423482095041583 3.722978319440569
4.235497610909598 4.235497610909598
3.739116375262921 3.6891836392677435
3.897352600097656 4.050374348958333
3.83949343363444 3.6609507242838544
4.1101523006663605 4.13111310686384
4.640778251316236 4.081343776495882
4.041095949568838 4.041095949568838
4.030106525031888 3.9239945044884315
3.9089866638183595 3.8583498286629867
3.8986494541168213 3.475900704520089
3.991834878921509 3.991834878921509
3.766058301168775 3.699910671911507
4.091324314926609 4.02721308318662
3.9788912818545388 3.959464111328125
4.459652112877888 3.833880288260324
4.166968209402902 4.154199568951716
3.624054950216542 3.5290390326052297
4.55704098656064 4.298964233398437
3.7622453120716832 3.728087378329918
3.7015682019685445 3.7643930535567436
4.041567121233259 4.0005194216358415
3.504167444565717 3.8553784428810585
4.097863333565848 4.018023404208097
4.206467137192234 4.119578712864926
4.333516438802083 4.075696309407552
3.9863045432350854 3.6417617797851562
3.5970482459435096 3.6785382357510654
4.055773760821368 4.020938873291016
3.521845136369978 3.9080078690140336
4.736235482352121 4.736235482352121
3.979095458984375 3.979095458984375
4.055458068847656 3.7703843797956194
4.606902122497559 4.606902122497559
4.254895296963778 3.9191293716430664
3.443851947784424 3.529343668619792
4.059581298828125 4.065932410103934
3.7998341647061435 3.8926272583007813
3.852284044322401 3.852284044322401
4.29708769827178 4.313544448541135
3.656092122395833 3.656092122395833
3.8396648283927672 3.7629499162946427
5.150091648101807 4.551173817027699
4.2229502608136436 4.2229502608136436
3.710316110164561 3.710316110164561
3.708735713252315 3.710410305506277
3.6939241592198204 3.6939241592198204
3.8291598782681002 3.798930431547619
3.8938895331488714 3.8938895331488714
3.539502287564212 3.5876950964463497
4.06690908578726 4.007164001464844
3.5447560505694655 3.6155762368060174
3.7054393421519887 3.7027799748192147
4.531673342682595 4.565426695580576
4.141463756561279 4.046557903289795
4.721750112680288 4.721750112680288
4.714584003795277 4.1867099885017645
3.830544887444912 3.9601848164542774
3.2549671596950955 3.5160098605685763
4.26743668776292 3.7734442046194365
3.7645048759352995 3.7436810661764706
3.772829881354944 3.727156284877232
4.009040832519531 3.4333428276909723
4.002374373419436 3.982275390625
3.3909378051757812 3.235991886683873
3.7723914698550574 3.5022794661983365
4.038431167602539 3.8270263671875
4.907411575317383 3.8867408072594367
3.8580726758968193 3.8580726758968193
3.8083663353553185 3.8744941606913526
3.844387665637949 3.8220301089079483
3.5094791666666665 3.5094791666666665
4.1098604642427885 3.933284941173735
3.7673562367757163 3.7215665764764907
3.5872370402018228 3.5872370402018228
3.5924156568327 3.581180348115809
4.173366140812002 4.148549983638744
4.254781246185303 3.8401627313523066
4.077435037364131 4.126441491168478
4.093822245695153 4.093822245695153
4.0636904877011135 4.044902692522322
4.224094287769215 3.903636196203399
4.07629316944187 3.8623938622412743
3.811794183193109 3.9784920432350854
3.5515336256760817 3.488256566664752
3.9218858380183996 3.82831201171875
3.9184498203454643 3.9184498203454643
4.174307474275914 4.084115950787654
4.2610785036670915 4.223879544240124
3.837443542480469 3.9921375947840074
3.7999468716708096 3.7999468716708096
3.686574424185404 3.7293423407092066
4.384769146259014 3.957542625633446
3.6167151711203833 3.619011561075846
4.142417907714844 3.770456631978353
4.656243324279785 4.656243324279785
4.159758146818693 3.988002631500477
3.861439514160156 4.778684997558594
4.0512162791002515 4.125087470765326
3.7639063553844423 3.7663967993951615
4.003991263253348 3.56224609375
3.9825107969086746 3.975030367491675
3.9048237800598145 3.9048237800598145
4.13379566089527 4.13379566089527
3.823698603005773 3.823698603005773
3.8598286156515473 3.8721293131510417
4.062007141113281 3.618595710167518
4.213522774832589 4.213522774832589
4.358397539924173 4.189972958322299
3.7917530225670855 3.7917530225670855
3.987132937409157 4.004632216233474
4.108729468451606 4.014328850640191
3.663848876953125 3.6861357885943957
3.7594591776529946 3.5464433368883634
4.09546873304579 3.968506250626002
4.702256266276041 4.702256266276041
4.151080482884457 4.032759348551433
3.5659238516566263 3.5659238516566263
4.220532898509174 4.165552956717355
3.8211314989172895 3.6862686577193235
3.9429345381887337 3.905297607421875
3.89931640625 3.9611927861752716
4.278864306072856 3.9447900390625
4.010521316528321 3.971806576377467
3.8515701293945312 3.7895130830652572
4.1869049072265625 4.028160942925347
4.117067972819011 4.031418491417254
3.8723724700592377 3.858088443153783
3.7750355113636362 3.7985905026926576
3.9575272444840315 3.9098137505620505
4.127784729003906 4.127784729003906
4.010126009854403 3.9977393740699405
3.680347442626953 3.680347442626953
3.7314949783624387 3.7314949783624387
3.8080907936304644 3.806355314434699
3.985428704155816 3.733897254580543
3.8206514300722065 3.75916942651721
3.712421022612473 3.997887215963224
3.62542724609375 4.670899073282878
3.8635022393588363 3.833230920740076
3.717339106968471 3.632212990208676
3.967006317556721 3.9228282727693258
3.5995704041960095 3.6031851289574237
4.5001947312127974 3.8294577402611303
4.433210100446429 3.8892261505126955
3.767754219673775 3.7611013559194713
3.376889845904182 3.4083553165584415
3.993783777410334 3.9502433141072593
3.8735881132238053 3.844360916702836
4.062166050502232 3.9466549487824136
4.499916076660156 3.7190230086043075
3.84881591796875 3.8077967259790992
3.5468268500434026 3.523687547253024
4.185219065348307 4.067224839154412
4.1410535924574905 4.0334323361623206
3.684113668739249 3.6786886958752647
3.7685982840401784 3.7685982840401784
3.423264980316162 3.540633808482777
4.685603422277114 4.457761411313657
3.6822517148910032 3.7704218084161933
3.7617338634672617 3.708194308810764
3.525629679361979 3.525629679361979
4.36591560609879 4.171038010541131
4.313303877667683 4.227073423324093
3.994379126507303 3.8455793857574463
3.999012286846454 3.9467806729403407
4.291100274948847 4.160921391752577
4.0149284362792965 3.334223175048828
3.889102269732763 3.889102269732763
3.806227974269701 3.6441673865685096
4.20674811469184 4.281879030424973
3.7070977952745228 4.272734268851902
3.611713409423828 3.5991895626752806
3.4757491217719183 3.253093401590983
4.462823104858399 4.218776818477746
3.783473602712971 3.783473602712971
3.759927692819149 3.767640144594254
3.9284257559940734 3.93510373433431
4.2280378341674805 4.2280378341674805
3.608583450317383 3.686579810248481
4.616359417255108 3.773327476099918
4.047539206112132 3.7148953290052815
3.6371404929239244 3.572009563446045
3.972853368642379 3.6876736450195313
3.8282111987733005 3.8165949973739495
3.498210512358567 3.498210512358567
3.746178687035621 3.726601114078444
4.404388427734375 4.168202568502987
3.9780430263943143 4.07024452903054
3.4626468658447265 3.43591423034668
3.7381636879660864 3.6687254824880826
3.563030771108774 3.634360122680664
4.016313069661458 3.946089779038027
3.792384147644043 3.5301673889160154
3.531794497841283 3.536292497501817
3.9973645891462053 3.73555850982666
4.662483723958333 4.131265767415365
3.7031397202435663 3.593466906043572
3.7209360223067436 3.8429233326631436
3.5793276700106533 3.603069559733073
3.9073017120361326 3.9073017120361326
4.152386080834173 3.8361185364804027
3.584805575284091 3.8013298806179776
3.81793212890625 3.8698110530513743
3.87689208984375 3.542930673021789
5.375747203826904 4.010738026012074
3.641206221147017 3.641206221147017
3.881890499230587 3.780813919870477
4.000805247913707 3.3956768035888674
3.7026606692543513 3.7100930606617646
4.000805247913707 3.3956768035888674
3.3976978611301734 3.3563409849654797
3.786590296194094 3.7301000169486054
4.1418560573032925 4.149667593149038
3.5376830136865602 3.6563383515898162
4.1070984734429254 4.076555352461965
3.8502469204439977 3.711316244942801
3.853162682574728 3.827938697451637
3.7342965262276784 3.764319351038982
3.7486563788519964 3.7175733086203233
3.7217725042760725 3.6996392144097223
3.76173447117661 3.719264287533967
4.658160400390625 4.4669389724731445
3.3798141479492188 3.604606772368809
4.5045859596946025 3.646150028004366
4.29523681640625 4.143916606903076
3.9830879643278303 3.9672550941581157
3.987310137067522 3.923175359176377
3.740193269690689 3.700640477171732
3.774377211084906 3.774377211084906
4.3427019119262695 3.6026502336774553
4.516109982052365 4.129407490769478
3.525226593017578 3.525226593017578
3.7854331687644676 3.693145751953125
4.5202178955078125 3.7583001178243887
4.192007994040464 4.0684320359002974
4.006828943888347 3.7525306114783654
3.820961430387677 3.804241782740543
4.1380666097005205 4.08986113792242
3.5271056038992747 3.5801911689865755
4.223861270480686 4.676783048189604
4.0271952492850165 3.722488804867393
4.133263949690194 4.031852467854818
3.8889834317294034 3.852733510785398
4.065259596880744 3.897761647294207
3.8514568931178044 3.8514568931178044
3.6074603740985576 3.5453419404871322
3.6849711100260416 3.6849711100260416
4.570463053385416 4.175318100873162
3.9935806937839673 3.9935806937839673
3.8884027654474433 3.8224500383649556
4.194415005770597 4.042341686430431
4.175074193384741 4.175074193384741
4.026785481770833 3.9578282282902646
4.239691467285156 4.216175220630787
3.6485285903468276 3.6159473363903984
3.6928799152374268 3.685006392629523
3.8898858358693675 3.7869254936606196
4.785340742631392 4.419176646641323
3.723423306904142 3.7359462314181857
3.974866346879439 3.956792224052898
3.835565265856291 3.835565265856291
3.930534635271345 4.010872288754112
3.732804361979167 3.766169121924867
3.985455274581909 3.5732442220052083
3.7640468052455356 3.7640468052455356
3.8590179927765376 3.8036927180503732
3.737655986439098 3.6980079982591714
3.780052730015346 3.8390912142666904
4.307095118931362 4.307095118931362
4.248126559787327 4.2955824753333784
4.303816142835115 4.317151276961617
3.8280240013485862 3.788653143521013
3.930657523018973 3.920645408260012
3.6463241577148438 3.7176494073430333
3.9623220158719468 4.021725433041351
3.779302221145073 3.8270375370200163
3.760961151123047 3.656733194986979
4.0241576300726996 4.0241576300726996
4.091845703125 4.091845703125
3.7898874918619794 3.90046134361854
3.771383873502115 3.771383873502115
3.807994842529297 3.704824621027166
3.75892478541324 3.75892478541324
3.576260802566364 3.576260802566364
3.7287334477135894 3.7287334477135894
4.288084411621094 4.288084411621094
3.985441737021169 4.041105492714724
3.627136548360189 3.634308166503906
4.1689200150339225 4.127108154296875
4.083834838867188 4.083834838867188
4.338538460109545 4.041661497022285
3.7492062577577396 3.7114462103725465
3.6523765162417763 3.6050979151870264
3.664255315607244 3.604532995889353
3.612320963541667 3.612320963541667
3.654925205910853 3.607441195481115
4.861875534057617 5.065426994772518
3.7706844806671143 3.7964019775390625
5.179226466587612 4.514472198486328
3.993241310119629 3.6831484476725262
4.125475619701629 4.080260649181548
3.719099592454363 3.719099592454363
4.158417224884033 3.8762744721912203
3.8718109130859375 3.86722086968823
4.40475709097726 3.9850855509440106
3.7423291328625803 3.751658943128882
3.8494639926486545 3.8494639926486545
3.8870425754123263 3.855706983996976
3.7095164763621793 3.864438524433211
3.879863993326823 3.8295142764136907
4.398276646931966 4.072055816650391
3.933074951171875 3.7941094114069354
3.6047457181490383 3.820836385091146
4.150440216064453 4.0719482421875
3.81193634647651 3.811738249543425
4.196323560631794 4.157477410285027
4.396706263224284 4.605804443359375
3.6522636179543713 3.6543005518166414
3.881844460427224 3.834662917564655
3.85322411380597 3.868670864762931
4.5201365152994795 4.5201365152994795
4.071874128069196 4.012287637461787
4.276487523859197 3.986317443847656
4.4221304616620465 4.217660342945772
3.7624722435360862 3.679496433423913
4.109898331141708 3.902325875418527
5.8729705810546875 4.783810702237216
3.948403729650075 3.9203862588872354
4.69174550374349 4.515596088610198
3.6161843692555147 3.5722859700520835
3.6801644461495537 3.804315185546875
3.7636222091375613 3.8685938168878424
3.8696294416461074 3.8696294416461074
3.704156239827474 3.772374972491197
4.620449829101562 4.411610921223958
4.006521860758464 3.7935969034830728
5.456580479939778 4.790362709446957
3.9877698174838363 3.831683040214574
4.233711103959517 4.233079246238426
3.857689539591471 3.857689539591471
3.766285997755984 3.766285997755984
4.513181898328993 4.26676150730678
3.748816724093455 3.7757522850705865
3.9045803931451615 3.9633518705432045
3.9422512962704612 4.066289901733398
3.8037026723225913 3.8037026723225913
3.921990698510474 3.923805154779906
3.544911575317383 3.628204825036813
3.5770807968073592 3.584024372506649
3.928287706877056 3.798214594523112
3.725366128457559 3.693286602313702
4.032998271372127 3.9476263137090775
3.8187375275985054 3.635411834716797
3.3181564807891846 3.3181564807891846
3.6326031155056424 3.587571207682292
3.7876209459806742 3.599768320719401
3.967449188232422 3.760689064308449
3.701674143473307 3.6462331918569713
3.8930715884802476 3.8020963600213578
3.702646695650541 3.6831454108743107
4.305609130859375 3.5363849840666117
3.6386503739790483 3.672711181640625
4.50286865234375 3.7191569010416665
3.976708227349806 3.938413232789004
4.080774160531851 3.9730884693287036
3.8067784543897285 3.751808898089683
3.6647486193426726 3.600948273189484
4.276434762137277 4.3297418558372645
3.614264703566028 3.5926475524902344
3.9107122006623642 3.5175347579152962
3.7038698196411133 3.688712380149148
3.9184488149789662 3.2981068747384206
4.228188747829861 3.8602015015425954
3.6461359659830728 3.5954281350840693
3.955310528094952 3.955310528094952
3.869266891479492 3.7234328587849936
3.725028143988715 3.725028143988715
3.9121389389038086 4.016820596464982
4.180049432772342 4.1997086516523785
4.137316385904948 4.354002937437996
4.118560314178467 4.118560314178467
4.200291137695313 4.125080309416118
4.099336477426382 4.072433225570187
3.861348671488243 3.861348671488243
3.7773553389537184 3.766813278198242
3.880188824379281 3.888391520182292
3.4689903259277344 3.493175132601869
3.760901180314429 3.6870675372262287
3.956865692138672 3.820200850323933
3.4352598843509203 3.506631130642361
3.608633579351963 3.608633579351963
4.003290925202546 3.9417290837509826
3.968126424153646 4.001904956714527
3.705167770385742 3.712528135718369
3.5355540188876065 3.284325917561849
3.9437884012858073 3.9437884012858073
3.5109791225857205 3.5669171810150146
4.16941663953993 3.9206763958108835
4.1900778634207585 3.936365271127352
3.9373949188547037 3.9373949188547037
4.177945172345197 4.177945172345197
4.24630778544658 4.0325609572390295
3.521845136369978 3.1926359696821733
3.1094082423618863 3.5234737396240234
3.7912109375 4.019046267947635
4.426836799172794 3.7584980235380283
4.13687260945638 4.074840600939765
5.291339874267578 4.591330973307292
3.7362263997395835 3.7362263997395835
3.7102224176580254 3.6099832174661275
3.8461855267166 3.825880868094308
3.537973403930664 3.496066411336263
3.568072355246242 3.581358027637453
4.76641845703125 4.76641845703125
4.008634294782366 4.008634294782366
4.117714191305226 3.942870367140997
3.657196942497702 3.657196942497702
3.765388674852325 3.725354074061602
3.8342529296875 3.8342529296875
4.129680926983173 4.129680926983173
3.8925213580364946 3.8925213580364946
3.7812503281460015 3.741070111592611
5.372545514787946 4.9790293375651045
3.496637980143229 3.685977996341766
3.855255836664244 3.8257083749412595
4.10927833350929 4.118400502427716
4.7286661082300645 4.899087088448661
4.024374318677325 4.024374318677325
4.020605904715402 3.93142817570613
3.9323196411132812 3.9323196411132812
4.565324401855468 4.280208587646484
4.172469519917875 4.172469519917875
3.931543284449084 3.881009071751645
3.918117307267099 3.8772746119005927
4.207551655016448 4.207551655016448
4.148806762695313 4.169579823811849
4.621409824916294 4.289715182396673
3.6587028998833198 3.6387195587158203
4.361939929780506 4.284342910304214
3.9565904405381946 3.637460372027229
4.031517422076353 4.031517422076353
4.528321897828734 4.46233408938172
3.6763199515964673 3.656159089740954
3.8321906195746527 3.656780536358173
3.6415618896484374 3.474959556502525
4.033716375177557 4.033716375177557
3.875094459170387 3.7331964940200617
4.052022464939805 4.0312856820913465
4.213861184042008 4.06328604561942
3.5877575874328613 3.5574709021526836
4.038206692399649 3.938280890969669
4.1755271976829595 4.11469803457185
3.7051705496651786 3.7051705496651786
4.070721196193321 4.070721196193321
4.380459308624268 4.208938162667411
3.582752482096354 3.582752482096354
3.928959437779018 3.9389175714231004
3.8804374573722717 4.053455025809152
3.726100823818109 3.726100823818109
4.00292919921875 3.972076416015625
4.505103801858836 4.536592182360198
4.145289037134741 3.934044277545103
3.802023054498722 3.7857143484431206
3.892163790189303 3.7354498040186215
3.8588159864193927 3.8131759375856635
4.60218266078404 4.153058369954427
4.327230478261972 4.327230478261972
3.672070575016801 3.6558716427627487
3.8349953353200172 3.8071403257308467
4.637647501627604 4.531917772795024
3.6047396192363665 3.666666085379464
4.052033587199886 4.181218289780891
4.194328308105469 4.146502685546875
3.6316999547621784 3.604469009592563
3.8827242170061385 3.785925547281901
3.642555414244186 3.8235292936626233
3.7439456176757813 3.7397127504701966
3.934371499454274 3.934371499454274
3.7281946252893516 3.6979486374627974
4.0162177452674275 3.8926703411599863
4.081286408180414 3.9144287109375
3.762326684328589 3.762326684328589
3.8508819580078124 3.962074457212936
3.9342458350026708 3.9649124786633405
3.660365178034856 3.5806339345079787
3.147114024442785 3.147114024442785
3.6589778553355825 3.6740822305484695
4.172512478298611 3.5270498175370064
4.415070215861003 4.776118351862981
4.218666855169802 3.981854248046875
3.753126061480978 3.757354736328125
3.956594021520882 3.905968876208289
4.7148011525472 3.6695274353027343
3.8459540753325157 3.777342930736158
3.5271714528401694 3.814957328464674
3.8906282367128315 3.8906282367128315
3.7028097401494566 3.7917222764756944
3.794014739990234 3.901061318137429
3.6444887907608696 3.782378462024201
4.861233051006611 4.861233051006611
3.9209145285866476 3.885509426310911
3.981195337632123 3.660574986384465
3.879243408203125 3.879243408203125
3.9286000388009206 4.09643319936899
4.314170292445591 4.1731493549962195
3.755855015345982 3.706461073477057
4.051790144636825 4.051790144636825
4.413175264994304 4.099769228980655
4.3130926652388135 4.257343433521412
3.8038645777209052 3.7411084175109863
3.9929337174925084 3.6814942684473166
4.031984011332194 4.031984011332194
3.629918917803697 3.5947115127354454
3.7830419125764267 3.7408932334498357
3.6948038736979165 3.702670238057121
3.7295689053005643 3.6911222017728367
3.7093060302734373 3.577771153943292
3.89466552734375 3.7571577592329546
4.155692605411305 3.9090468243854803
4.1492053985595705 4.1492053985595705
4.0083208084106445 3.7111967911957002
4.1437905051491475 4.019156561957465
4.338081359863281 4.338081359863281
4.123870024809966 4.123870024809966
4.285632663302952 4.148072273500504
4.094276746114095 4.094276746114095
3.6612636618418235 3.6616324869791668
4.221160888671875 3.46557502746582
3.8967446604082663 3.7950662209169708
3.8595897533275463 3.7925872802734375
3.8167949003331803 3.8167949003331803
4.128741331774779 4.181349277496338
4.124483380998884 3.860273996988932
3.642794401749321 3.9311811923980713
3.7357087568803267 4.040317751326651
3.7433304083151895 3.659900665283203
3.8365881178114147 4.01606606537441
3.7375153934254364 3.7335840512628424
3.6134245274430614 3.5504090785980225
3.755949806680485 3.747650146484375
4.129703868519176 3.7572607743112663
3.5286890665690103 3.4707115574886926
3.8254234846248183 3.8254234846248183
3.4766368376903043 3.4766368376903043
4.12280763898577 3.9004141671316965
3.554564307717716 3.595992378566576
3.9341440102488723 3.8962590834673714
3.5937145067297895 3.534993074378189
3.6317192283836572 3.6060308237544825
4.081275576636905 3.795769979787427
3.9304626910355838 3.9304626910355838
3.5940981778231533 3.5998651045787184
3.9184046485871646 3.9236020021333027
5.651927067683293 4.787932452033548
4.059209283792748 4.1405800267269735
3.9886754353841147 3.9886754353841147
3.826183864048549 3.752971649169922
4.017733764648438 3.9940038474209336
4.646690955528846 3.6427860875283518
4.060260194720644 4.024573471966912
3.887454138861762 3.7933284759521486
3.8213899220135197 3.8244031182650864
3.51215333205003 3.51215333205003
4.103566487630208 3.7738927041330643
3.7979200575086804 3.7979200575086804
3.7591614723205566 3.8535101318359377
5.15282968374399 4.81443108452691
3.7767896864149306 3.75579379467254
3.7675955636160716 3.622325897216797
3.2959419886271157 3.2959419886271157
4.208747482299804 4.099909695712003
3.6339434305826823 3.717850771817294
4.1886010939075105 4.056111798967634
3.667337381614829 3.667337381614829
3.4127945672898066 3.577833201787243
3.764529684315557 3.6876025390625
4.794836680094401 4.794836680094401
4.537139567923038 4.231217641679067
3.8517087110832557 3.837384965684679
3.8785245380704363 3.8785245380704363
3.9005260467529297 3.9037988965756427
3.843381556068979 3.851705272295322
3.8802821382563164 3.8802821382563164
4.060656592959449 4.060656592959449
4.782051086425781 4.782051086425781
3.656634739467076 3.728656934655231
4.183425609882061 4.183425609882061
4.448343276977539 4.103902990167791
3.691084666918683 3.728768984476725
3.9070523802997075 3.8687076778202267
4.209916548295454 4.025465223524305
3.9110990954983618 3.9110990954983618
3.9575664087669136 3.9493045618038365
3.948410837273849 3.6664511639138926
3.882254860617898 3.7989713033040364
3.9401388457327178 3.8790813245271383
4.454632174584173 3.974857981612043
4.012776277503189 4.012776277503189
3.679601396833147 3.6869147001807367
4.150809676558883 4.150809676558883
4.735685729980469 4.016277585710798
3.812892552425987 3.6532441611601927
3.8870037623814175 3.881452941894531
3.889485976275276 3.8688734916791523
4.090014139811198 3.8845679480750284
3.946352066532258 3.8701556865985576
3.647557218309859 3.601180419921875
3.9672408758425246 3.6483493727080676
5.857128143310547 5.832830200195312
3.72679926274897 4.127286102135144
3.532810592651367 3.368555908203125
4.118118625217014 3.977099006558642
4.357328097025554 4.394617520845854
4.05253452207984 4.05253452207984
4.020990545099432 4.020990545099432
3.727524167015439 3.715084422718395
3.666965260225184 3.7415298343628876
3.8040291922433034 3.9429280757904053
4.036130777994791 4.036130777994791
4.034232457478841 3.487795743075284
3.9472713147179554 3.9338176289542774
3.756156173406863 3.676176283094618
3.976279961671068 3.961895591334293
3.9332111415578357 3.79330307178283
3.95810604095459 3.95810604095459
3.7683805985884233 4.102388822115385
3.8005886840820313 3.6357278909769146
3.532571231617647 3.532571231617647
4.0149284362792965 3.334223175048828
4.008895438058036 3.749140106471239
3.6053747289321003 3.537419637044271
3.8108828797632333 3.8108828797632333
4.1494575662815825 4.140085239603062
4.182460661857359 4.04621483297909
4.106764051649305 3.6898913383483887
3.915985425313314 3.915985425313314
3.5343601878096416 3.4806575596889604
4.2207801818847654 4.2207801818847654
3.634624339916088 3.634624339916088
4.259803108547045 4.162824630737305
3.650508165359497 3.6473846435546875
3.3229288500408796 3.331453111436632
3.8178374346564796 3.5850137850133383
3.6706489114200367 3.6706489114200367
4.24806884765625 4.24806884765625
4.054691314697266 3.6987755185081843
3.948619962993421 3.9908829476069476
3.76662540435791 3.5772628784179688
4.155049239054764 3.9105055067274304
3.825424708677142 3.8191741615213375
3.9413342422313904 3.901738705842391
3.589247616854581 3.706175789000496
4.161059292879972 4.161059292879972
3.5801828868353547 3.5861699352525687
4.097863333565848 3.8021753822884907
3.8592992711950234 3.8460303134605534
3.601070827907986 3.597532320748731
4.598074479536577 3.724577162000868
3.8569451827037184 3.921565464564732
3.792768834000927 3.7385348412298387
3.668019928547166 3.702162388392857
3.7168211760344327 3.591087663677377
3.9941444396972656 3.9941444396972656
3.9211041850428425 3.8801510107778285
4.054378710295024 3.848832503609035
3.9062799072265624 3.7311745845910274
3.349985856276292 3.244246647275727
3.3730665842692056 3.091034698486328
3.9382426738739014 3.9382426738739014
3.8709365844726564 3.5649866068138265
3.9391352335611978 3.7471234130859377
4.573611172762784 4.373551635742188
4.007589721679688 3.8320511409214566
3.8244400024414062 3.6394038480870865
4.40195065452939 4.40195065452939
3.8623580932617188 3.744969418174342
4.078565979003907 3.803929646809896
3.9817655086517334 3.9817655086517334
4.030934420498935 3.8526021517240086
3.7058745674465015 3.581425702130353
3.528119600736178 3.760872073289825
3.5927858352661133 3.2236276106400923
3.8746113632664536 3.835679230866609
3.366165373060438 3.7395076751708984
3.511499677385603 3.7754366397857666
4.366404724121094 4.366404724121094
3.6731739044189453 3.529475212097168
4.644845145089286 4.243727250532671
3.9698423497817097 3.8680898305532097
3.859727986653646 3.644405734154486
4.1691418816061585 4.1691418816061585
4.1379320698399695 4.1379320698399695
3.9424100008877843 3.9896583557128906
4.93604496547154 4.93604496547154
3.9827664693196616 3.9827664693196616
4.277537470278532 4.277537470278532
3.8471509660993304 3.740033642999057
4.4244488307407925 4.4244488307407925
3.94059926813299 3.94059926813299
3.8514732078269676 3.8514732078269676
3.66509448780733 3.6995988325639204
3.6249652241551598 3.6249652241551598
3.9526363372802735 3.965442810058594
3.9289441230969553 3.867487589518229
4.10469913482666 4.029234144422743
3.8408713827327805 3.841671552814421
3.598332722981771 3.561491452730619
3.7531890869140625 3.7467358907063804
4.355536460876465 4.281619021767064
3.7759688406279595 3.8427840523097827
3.946341037750244 3.946341037750244
4.2769140625 4.2769140625
3.901777937605574 3.813984680175781
3.92950439453125 3.92950439453125
4.166302054268973 4.328019460042317
4.185946537898137 4.165809631347656
4.484357660466975 4.34367532933012
3.6151084899902344 3.64943841787485
3.9493358715160474 3.9493358715160474
4.429224454439604 4.429224454439604
4.390093122209821 4.390093122209821
3.801938264266304 3.801938264266304
4.077448064630682 4.019844348614033
3.6662382902922452 4.042391967773438
4.067978957603717 3.9103760719299316
4.029228210449219 4.029228210449219
3.640440143522669 3.5664868354797363
3.891202654157366 3.821641031901042
3.668479556129092 3.735017776489258
4.418892923990885 4.418892923990885
4.1820220947265625 4.1820220947265625
3.8564376831054688 3.8564376831054688
3.796012253057761 3.675854022686298
3.869231341636344 3.869231341636344
3.9752316861539274 3.9662151801876906
4.162472131117335 4.247656797751402
4.090352376302083 4.090352376302083
3.87653413660386 3.9676971435546875
3.8612313704057173 3.7521969023204984
3.693873814174107 3.693873814174107
4.072279188368055 4.1495744977678575
4.002148001534598 3.829329668465307
4.420888440362338 4.4949766646984015
3.720292091369629 3.659280201745412
3.7725116277145125 3.886090087890625
3.958929525839316 4.012562391493056
4.139714104788644 4.183949571974734
3.997880663190569 3.997880663190569
3.7511424529246793 3.7511424529246793
3.895445706551535 3.841561057350852
4.00143305460612 4.00143305460612
3.8359778267996654 3.889775362881747
4.035660637749566 3.949391174316406
4.058985595703125 4.199196448692908
3.856363367151331 3.856363367151331
4.169049349698153 4.169049349698153
3.8296118015196265 3.8646011352539062
3.883194324582122 3.883194324582122
3.969376881917318 3.969376881917318
4.060647964477539 4.060647964477539
4.225330352783203 4.225330352783203
4.024636949811663 3.955815977969412
3.6803666299848414 3.6633206219740315
3.976534375957414 3.9794760157919336
4.086051354041467 3.702633597634055
3.7840214219204213 3.7840214219204213
3.4769934195059315 3.538597910027755
4.4701995849609375 4.4701995849609375
3.4237007564968533 3.9809626881669207
3.699671968500665 3.6506901110632946
4.480700492858887 4.409054884270056
3.621593547317217 3.887600537412655
4.611478424072265 3.7730180895006336
3.842273418719952 3.7648941040039063
4.073962940889246 4.073962940889246
4.685110157933728 4.316177062988281
4.62228510929988 4.183172786937041
3.9621517181396486 4.053300556383635
3.498560203696197 3.5627484677442864
3.718034390203967 3.777102322048611
3.5969571714048034 3.9162165323893228
3.9773667768998577 4.034420237821691
3.797376024854052 3.8050692576282428
4.201198183257004 4.201198183257004
4.888413492838541 4.623832301089638
3.970672607421875 4.014887727649007
4.202822536892361 4.232752410458847
3.5769849030867866 3.5183079799759054
4.102774602716619 4.102774602716619
3.955928166707357 3.955928166707357
4.2342329025268555 4.2342329025268555
3.9027025271684694 3.834607380192454
3.8130502228689664 3.8130502228689664
4.106518712537042 3.979375203450521
4.016097457320602 3.9926560835404827
4.3367250023818595 4.265226576063368
3.918016516644022 4.122050915734243
4.495959758758545 4.495959758758545
4.339552628366571 4.2055511474609375
3.498560203696197 3.5627484677442864
3.718034390203967 3.777102322048611
3.7338935348588196 3.743620156055659
4.338685989379883 3.9737950642903646
4.006828943888347 3.892731406471946
4.125524984823691 4.2141469319661455
3.6938510183560647 3.657773816907728
4.066813877650669 3.9688626802884617
4.3880779559795675 4.175953674316406
3.7190644400460378 3.7190644400460378
3.888225944674745 3.8007918137770433
4.4628720964704245 3.8489289717240767
3.9285365513392856 3.6770447951096754
4.10834423463736 4.10834423463736
4.05037587483724 4.05037587483724
4.061755498250325 3.8200116475423176
3.521218233330305 3.790168082359994
3.8250462849934896 3.9680007408405173
4.148118489583333 4.03050171859621
4.776740579044118 4.3371012551443915
4.192351341247559 4.192351341247559
4.055409295218332 3.514201824481671
4.388390064239502 4.388390064239502
4.101186332973183 4.086636555989584
3.825239658355713 3.7003972906815377
3.6061630249023438 3.5602086733465326
3.704281893643466 3.5883736746651786
3.97906494140625 3.942425658371275
3.877702666491997 3.7184416942107372
3.8009265263875327 4.116379848746366
4.068359043287194 4.044491831461588
3.56570551945613 3.56570551945613
3.902205573187934 3.8346719032476755
3.620875121424438 3.6541899123994432
4.042298701771519 4.034822262592197
3.735121877569901 3.735121877569901
3.5568223273617097 3.5252307870770028
3.7531762835623206 3.7531762835623206
4.081638459236391 4.081638459236391
4.166070938110352 4.249738420758929
4.526841970590445 4.122161865234375
4.019054303850447 4.009429083930121
3.7555555260699727 3.9230391068892048
4.128893280029297 4.125519353693182
3.817850061365076 3.839087075745033
3.8312999797317215 3.7073802947998047
3.9688796997070312 3.827371879245924
4.026679525569993 4.026679525569993
3.8329872463060464 3.576507059733073
4.3120580037434895 4.3120580037434895
3.8304453763094815 3.8304453763094815
3.805641030365566 3.7246188804751537
3.969376881917318 3.969376881917318
4.116233825683594 4.066702969102974
3.4875076536148315 3.4875076536148315
4.002571255553002 4.002571255553002
3.725630351475307 3.7174218021222014
3.9849160404528603 3.9849160404528603
4.4144962452076095 4.4144962452076095
3.8940253363715276 3.676184451941288
3.8025988201762355 3.8978853520658827
3.5839000701904298 3.5839000701904298
4.973681131998698 4.973681131998698
3.8077703622671275 3.833560574439264
4.340769334272905 3.7981572690217393
3.924412591116769 3.880463428986378
3.8875171827233355 3.807360590720663
3.8212781074719553 3.8212781074719553
3.6402433268229166 3.661982609675481
4.139758046468099 4.055128309461805
4.018454778762091 4.018454778762091
3.893690185546875 3.893690185546875
3.650999942068326 3.545902860337409
3.7256619930267334 4.66130226536801
3.944117149939904 3.8457978515625
3.9317176455543157 4.033174641927084
3.882170426218133 3.9991206679233287
3.8853859823258197 3.8164610862731934
4.169803503787879 4.2578954929258765
3.6870096842447917 3.755875182666367
4.058139801025391 3.9184447612959086
3.7043838500976562 3.827964089133523
3.8560032998361895 3.9528711291326992
4.090329851422991 4.324392923494664
4.000706481933594 4.000706481933594
4.080914619641426 4.0141721452985495
4.028637447872677 4.238623947393699
3.8433197021484373 3.912236531575521
3.9604620252336775 3.966149432842548
3.94045159755609 3.8779284418845665
3.7532135009765626 3.636743398813101
3.7594506399972096 3.8240101373017725
4.012054844906456 4.012054844906456
4.232001495361328 4.001843519613776
3.8558981566302544 3.8697410521468494
3.956916019834321 3.889500852491035
3.2882827123006186 3.6911307669974662
3.8859753555126404 3.97143680533183
3.843027152267157 3.8227368008558917
3.5400417327880858 3.3218770708356584
3.7708040873209634 3.7355875154820883
3.9635966907848013 3.780559246356671
3.8180725753948255 3.7387178655256306
4.181928634643555 4.314177432302701
4.164889199393136 4.164889199393136
4.014820556640625 3.980545864310316
4.257772272283381 3.9415740966796875
3.7594260475852272 3.8568644804113053
4.680165863037109 4.680165863037109
3.888739870305647 3.888739870305647
4.0913724498588495 3.8135207603717673
3.882558320697985 4.048202052260891
4.023831984576057 4.120915067368659
3.9529099464416504 3.901759653784043
3.9955632826861214 3.9838282993861607
4.04647505910773 3.950418239686547
3.76124410426363 4.097906778025073
3.9776290893554687 3.8237902582908165
5.141376495361328 5.141376495361328
3.8483546665736608 3.836653593998806
4.855114952992585 4.368580592497614
3.4867595804148706 3.5403013367583784
3.9324584448037028 3.918918797227203
3.7005062103271484 3.719677734375
3.833097284490412 3.833097284490412
3.8203928094161186 3.6474784157492897
3.7268112182617186 3.710267229778011
4.043144226074219 3.8431427001953127
3.7525790232532428 3.7525790232532428
3.7104034423828125 3.688785984205163
4.435254183682528 4.435254183682528
3.7577799479166667 3.8367833128762903
4.000704084123884 3.993798573811849
3.884405053180197 3.903060213141485
3.868854522705078 3.7022806803385415
3.736482023461465 3.7542294976431565
4.117160421022227 4.065227611644848
3.585200990949358 3.585200990949358
3.855925147213153 3.855925147213153
3.814908234969429 3.6407512589996935
4.05550833309398 3.8145150238612913
3.7202749252319336 3.6601783207484653
3.990967559814453 3.925458954601753
3.7298042990944604 3.565891810825893
3.663386344909668 3.550883102416992
4.058139488345287 4.01063720703125
3.7501802760244205 3.6855862525201615
3.942879867553711 3.6114175150713583
3.98505138960041 3.877864552967584
4.709198467548077 4.604923414147419
3.4970765795026506 3.4679910411005435
3.9825341118706596 3.7557140285685913
4.123459112448771 4.168203150972407
3.7153049744281574 3.6327423356537127
3.809361119424143 3.7147959540872013
3.550851697119597 3.6119761313161542
4.063405967620482 4.044223478470726
3.880363045157967 3.864126119527731
3.658314656868255 3.6462986322096835
3.7483389718191966 3.8419134205785292
3.705209832442434 3.810556640625
3.8947991763844207 3.9547321270038553
3.9750001821944965 3.9974740835336537
3.969183603922526 3.901897975376674
4.256328876201923 4.197039240056818
3.803984759605094 3.787745049659242
4.3083006393077765 4.163204761261635
4.809886455535889 3.9142757214997945
3.7852818873021508 3.7928539773692256
3.5500657823350696 3.428819383893694
3.8345524181019175 3.8345524181019175
3.9172079298231335 3.887302132539971
3.931202189127604 3.8896041377898185
3.972602117629278 3.972784423828125
4.1820761940696025 4.1820761940696025
3.800464923565204 3.717608936330214
3.890125553782393 3.890125553782393
3.833799300655242 3.833799300655242
3.5801105110012754 3.5801105110012754
3.75860595703125 3.75860595703125
3.6862247800364076 3.6862247800364076
3.9848814268369934 3.998792888737526
4.111391852883732 4.111391852883732
3.879363589816623 3.6677012973361545
3.8674549997588734 3.836747502706137
3.894043340915587 3.9573229337993423
4.363943802682977 4.099955818869851
4.200011730194092 3.4591049194335937
3.8155972798665365 3.8393515225114494
3.8599808542351974 3.8599808542351974
3.833497460208722 3.833497460208722
4.126357014973959 4.077089899236506
4.055278577302632 4.055278577302632
3.947813767653245 3.7671414227552815
4.243446985880534 4.243446985880534
3.748582022530692 4.0293648856026785
3.9805908203125 4.005608510162871
3.835311590456495 3.819378975110176
4.03127695719401 3.9290379491345635
4.036934262230282 4.021762896187698
4.134100777762277 4.134100777762277
3.8997186024983725 3.8997186024983725
3.7134993561601215 3.7600162864750266
3.857758955522017 3.958221084770115
3.8396005630493164 3.75533276069455
3.9544711303710938 3.905891885562819
3.9430886661305147 3.886405251242898
3.9020731608072916 3.869251179245283
4.186363669002757 4.092442582293255
3.919735835148738 3.8347805707882614
3.922741039379223 3.8843973094019395
3.478538583178039 3.5467381477355957
3.590066858240076 3.8254731007111378
3.958175254079093 3.805356790091245
4.10033519847973 4.040744916130515
4.319218562199519 4.319218562199519
4.863466050889757 4.086935255262587
4.134081278761772 4.109934607217478
4.103367396763393 4.0230577686164954
4.360779317220052 4.08137693859282
3.799456561053241 3.8322313096788196
3.895059814453125 3.86569331242488
4.071024576822917 4.048748886376097
5.025628662109375 4.449761284722222
3.5977249145507812 4.007925299149525
3.9448159535725913 3.9493029559100115
4.05660400390625 4.299454479682736
3.8559190703601374 3.840134938557943
3.523065185546875 3.3743155343191966
3.873409196442249 3.9525044759114585
3.8594137470373946 3.8935645470252402
3.8654381004539697 3.6382612748579546
3.932082936733584 3.9055030290470567
3.5048579624720984 3.7078387092141543
3.395793017219095 3.4144049508231027
3.8053272660956323 3.8053272660956323
3.3132430182562933 3.3782971700032554
3.92711742504223 3.938830775073451
3.969376881917318 3.969376881917318
4.658062851219847 4.410797789856628
4.293739624023438 4.123325075422015
3.7395816802978517 3.878205314515129
4.405690706693209 4.315076793323864
5.018683433532715 5.018683433532715
3.8687247482000613 3.9037237968153624
3.9490045285692403 3.9490045285692403
3.530334179217999 3.3835025363498263
3.969376881917318 3.969376881917318
3.7688899993896485 3.7688899993896485
4.508681978498187 4.251904887537802
4.0118643947379296 4.071598231235397
3.451897445990115 3.4857926545319735
4.127759356831396 4.131746806795635
3.7904247339221016 3.7804949592141543
4.373163495744977 4.373163495744977
5.1155577765570746 4.97605719933143
4.131401510799632 3.891168041764019
4.342839922223773 4.247592848174426
3.9068065824962797 3.859668731689453
4.378165181477865 4.0456869337293835
5.232076009114583 4.637574820682921
4.1167873259513605 3.9774977740119484
3.8785994246199325 3.758634779188368
3.453904724121094 3.453904724121094
3.8418076678020197 3.831638410979626
3.8327151211825283 3.7824542236328127
3.8046231951032365 3.679896428034856
3.9311907368321575 3.9311907368321575
3.980039358139038 3.980039358139038
3.8357982635498047 3.736580588600852
4.063248911211567 4.057279733511118
3.8618811330487652 3.8614395496457123
3.8436090528350517 3.976389967550443
4.2945606231689455 4.2945606231689455
3.754932434578252 3.8017839102909483
4.285076244457348 4.225132733926006
3.919435289171007 3.9372130436683768
3.680873325892857 3.5130637486775718
3.8688538697388797 3.8688538697388797
3.3003978729248047 3.2702850928673377
4.426581246512277 3.520780563354492
3.792384147644043 3.452386644151476
4.218799475467566 4.06867818629488
3.96145263671875 3.9001272292364213
3.8309689608487214 3.8309689608487214
3.8423174689797794 3.9095982142857144
