3.9284664500843394 3.655504666841947
3.9584850932276527 3.9584850932276527
3.9905459755345394 3.8524599236957098
3.663634631098533 3.8314496208639706
4.005372037592623 4.005372037592623
4.157141465407151 4.157141465407151
4.312917856069712 4.300027558297822
4.476595984564887 3.991573920616737
4.228198481541054 4.228198481541054
3.7359619140625 3.6507654497700353
4.171851663028493 3.835074655633224
4.106778375033675 4.123134613037109
3.8276844731083624 3.8276844731083624
4.548226674397786 4.148604934279983
4.425942854447798 4.018292595358456
4.739396747789885 3.7528183880974266
3.694114806160094 3.666462101348459
3.951283067759901 3.9195826939174108
4.006029764811198 3.638636133692286
3.7215523306779037 3.7215523306779037
4.537967457490809 3.550098673502604
4.006901596531724 3.9960038694616866
4.313131809234619 4.310140195100204
3.8325535910470143 3.899843215942383
4.257665183327415 4.313425787563982
4.388978271484375 4.411358287033526
3.7770138302364864 3.7770138302364864
3.838039197419819 3.838039197419819
3.5301217215401786 3.5301217215401786
4.7184451421101885 4.319631505895544
4.035916363751447 4.035916363751447
4.1321868896484375 3.812865210361168
3.851098713121916 3.8020804800638337
3.7519120247133317 3.7620406889579665
3.620771484375 3.491901622099035
3.6739371695169587 3.640489950947378
3.9276727414598653 3.9276727414598653
4.664455180265466 4.521247355143229
4.01938122900847 3.9735207297585227
4.025180550508721 4.025180550508721
3.6899744290024485 3.7059334891183036
4.076779292179988 3.970842742919922
3.706020779079861 3.6917131912609764
3.6888694763183594 3.6888694763183594
4.3410223098028276 4.13079833984375
4.251816159202939 4.251816159202939
3.5639637538364957 3.782483832780705
4.1513019561767575 3.8620471954345703
3.7838064340444713 3.633606211344401
3.886307035173689 3.748926470356603
3.9100948333740235 3.9100948333740235
3.582854108112614 3.604933889288651
3.9576644897460938 3.991244446997549
3.8780278224571076 4.064389088114754
3.822047119140625 3.843251453746449
3.828420538651316 3.760969797770182
4.044306177292427 4.013877057014628
4.485743089155718 4.3196736849271336
3.8698624320652173 3.9127236106178978
3.855467987060547 3.6942457411024305
3.9517921447753905 3.8006117078993054
3.6135415469898895 3.571562333540483
3.784489558293269 3.71312915577608
3.679012722439236 3.6203420538651314
4.0643147953221055 3.9048262231143904
3.600624447777158 3.5992709744361138
3.7444349016462053 3.761800361402107
4.153035726891943 4.153035726891943
3.616512542075299 3.7613128135944236
4.639452547640414 4.300530795393319
4.065018752525592 4.132921956380208
3.786992559369826 3.758887749213677
4.1079250857126794 4.1079250857126794
4.11376718374399 3.597585237943209
4.003241062164307 3.4641931321885853
4.185227944817342 3.8476785411005436
4.122171842134916 4.122171842134916
4.4044947306315105 3.9726631858132104
3.814618278952206 3.9245147705078125
4.156833957981419 4.227378695618873
3.7355198330349393 3.7945016931604454
4.130936940511067 3.837937064792799
3.988056182861328 4.032324060217126
4.307569650503305 4.527667774873621
3.8280675252278646 3.760162845734627
4.5890727043151855 4.403885219408118
3.365355410818326 3.342989042207792
4.187464787409856 4.053686907910925
3.770198987877887 3.770198987877887
3.7964890605271466 3.7964890605271466
4.426382064819336 4.335425906711155
3.5595579285552534 3.575998254724451
3.721067859280494 3.721067859280494
4.010552724202474 4.010552724202474
4.300701342130962 3.9818290074666343
3.4692705327814277 3.6304809070024335
3.677035275021115 3.677035275021115
3.7120039430383134 3.7120039430383134
3.581627856725934 3.572673084971669
4.080777587890625 4.080777587890625
3.635218900792739 3.5769855449726053
4.009315490722656 3.873443603515625
3.5925371955422793 3.7010135828891646
3.712789464879919 3.726931354192298
4.650415593927557 4.650415593927557
4.57062873840332 3.7851994832356772
3.9765892028808594 3.8305657704671225
4.357328097025554 4.303582600184849
3.8348142945921264 3.8348142945921264
4.208955938165838 3.649494302683863
4.440913677215576 3.8112985711348686
3.7894515991210938 3.7531493504842124
4.022528171539307 3.936488904451069
3.7025258200509206 3.518588091876056
4.01739107019761 4.010382830777908
3.9775959361683237 3.8128503870081016
3.9130239486694336 3.643639882405599
4.040596756280637 4.003819321141099
4.815681076049804 4.815681076049804
3.8569887459996237 3.8542224972747094
3.925576874704072 3.8960085136945857
3.806658576516544 3.7311844735775352
3.5358953231420274 3.688148675962936
4.273507540343238 4.273507540343238
3.856256300403226 3.8511648077713816
3.5482935022424766 3.575590587797619
3.6230895302512427 3.6230895302512427
4.194598232171474 4.178216491082702
4.119645472935268 3.947218758719308
4.002198163200827 3.978621723495911
4.1282057020399305 4.068995620265151
4.081246424202967 4.081246424202967
4.238200410883477 4.11154504724451
4.2065141785819575 4.2065141785819575
3.8752347506009617 3.996031343267205
5.525584411621094 4.403338032384073
3.844338746197456 3.7836986723400297
3.930522664388021 3.9138707420378354
3.8625054253472224 3.8211438409213363
4.1010735959422835 3.9478376856390036
3.70273342380276 3.70273342380276
3.5719672309027777 3.3964468149038463
3.5638534362057603 3.745835715193089
3.655231475830078 3.7867238180977956
3.5722171949303667 3.614689509073893
3.82325909588788 3.7088980325838414
4.998625130488954 4.998625130488954
4.229842487563435 4.207485987135201
4.611419090857873 3.751291448419744
4.0927173179268035 4.158359794859674
3.740596257203014 3.8187605233028017
3.9010449923001804 3.8496390448676214
3.9817915482954547 4.072027767405791
3.9721497652823463 3.9721497652823463
4.198268345424107 4.375216753054888
3.8240282313543776 3.850530886182598
3.843300476074219 3.814415541775708
3.959506352742513 3.6857464599609373
4.2333697694720644 4.2333697694720644
4.310970666273585 4.17639023917062
3.7231634388799253 3.4516646926467485
3.7679670179212414 3.644185982498468
4.197195517050253 4.044821390291539
3.62693268398069 3.6161326634064888
3.9429553488026494 4.1451459981627385
3.89731536040435 3.9498135313695792
3.9378176602450283 3.901385498046875
4.149528325990189 4.152810434194712
3.5458663549178686 3.5462728647085338
4.133783440840872 4.094350006620763
3.8452880859375 3.8452880859375
3.9170104435511996 3.926484736689815
3.830132802327474 3.7508287217881944
3.9283273220062256 3.9271331787109376
4.149481553297776 3.9163591861724854
3.9016023115678267 3.9016023115678267
4.060976664225261 3.783709716796875
4.175318908691406 4.110341852361506
3.853252245032269 3.860993054448342
3.749292788298234 3.749292788298234
4.084214543721762 4.0564533434416115
4.285952758789063 3.739652450770548
4.003944905598958 4.003944905598958
3.683941489771793 3.4560543883080577
3.78421472620081 3.87256300592997
3.843923313732453 3.848180310479526
3.483690344769022 3.4500572450699343
3.6720513237847223 3.6749251516241777
3.8458662955991683 3.8150980631510416
3.926724116007487 4.276166076660156
3.615764476634838 3.5582533805601058
4.926022120884487 4.217366819028501
3.931094747194102 3.9297061604299364
3.5739849685528955 3.569781879047016
3.887959289550781 3.812351862589518
3.9574646949768066 3.7700325647989907
3.5931273429624495 3.7861222891971984
3.301000460772447 3.3240250651041667
3.5663049485948353 3.5534191131591797
4.035057830810547 4.22689208984375
3.9166078309755066 3.8179944356282554
3.803788757324219 4.066351890563965
4.026947919060202 3.8948684885532043
3.662409464518229 3.704858273875957
4.295281869393808 4.181096044080011
4.050906053229944 3.987389641839105
3.744526473335598 3.7683664530265233
3.6531877188846984 3.5258770224488813
3.912593296595982 4.195472717285156
4.577098846435547 4.577098846435547
3.6235594668630826 3.5219841933831937
3.7457008732175363 3.7331491146447524
3.523934841156006 3.5454128489774814
4.379594745058002 4.19856798326647
4.36089113023546 4.36089113023546
3.7087136973505435 3.7183790019914214
3.9042452298677883 3.7860904816658265
4.402184226296165 4.287227085658482
3.805694580078125 3.3760155125668176
3.857417775623834 3.835359225307938
4.353104364304316 3.8632010665594363
3.960174560546875 3.8816097259521483
4.695273590087891 4.245259966169085
3.6922392509352995 3.6951035877202183
4.0236044491038605 3.8286540751554528
3.9188438083814536 3.7959115164620534
3.898040771484375 3.8252891540527343
3.75241101530083 3.75241101530083
3.8808180865119484 3.8742542266845703
4.192627616550611 4.307335989815848
3.708204558401397 3.6910396922718394
5.224894205729167 4.219949161305147
3.9043300853056064 3.924596228966346
4.032310061984592 4.112430107302782
4.132153250954368 3.929834816672585
3.7697935940926537 3.7697935940926537
3.598425096081149 3.851296817555147
3.744143633775308 3.744143633775308
3.9069803873697917 3.7599126881566542
3.6504058837890625 3.5651793784283576
5.354534573025173 4.557008531358507
3.76883782280816 3.725156363794359
3.5846911233568948 3.6050541909892906
4.096108572823661 4.191745213099888
4.332285342009171 4.082759857177734
3.444943029903671 3.4592422124907727
4.219544304741754 4.219544304741754
4.022037506103516 3.769112548828125
3.6871581304640997 3.794312664281542
4.235565185546875 3.838431948707217
3.6427509353821534 3.6004853119721285
3.8764662000868055 3.7600697835286456
3.8572404191300675 3.668233553568522
4.039800415039062 3.882403109936004
3.7912187247440734 3.7912187247440734
3.676004177186547 3.6675140380859377
4.054972330729167 3.4551139407687717
5.35502139004794 4.303587629988387
4.062565803527832 3.989804395988806
3.9910888671875 3.8790099315154247
3.7550926208496094 3.6519554293885523
4.333808081490653 3.9410858154296875
3.582820985375381 3.582820985375381
3.7930110266449253 3.7930110266449253
4.287788391113281 3.70626485572671
3.653027016044463 3.6357955932617188
3.757015409923735 3.757015409923735
3.8531866455078125 3.8930519797585226
3.8474576667165072 3.8193787977430556
3.7472883401457797 3.729849767203283
3.8545922519398386 3.833460693359375
3.6840590060114144 3.6958980116733287
3.8066857520570148 3.777848549939077
4.021459851946149 3.605421702067057
4.162246997539814 3.9640598770015494
4.637071927388509 3.6385746708622686
4.100013979019657 4.007930408824574
3.98453729271432 3.943878720738127
4.064720517113095 3.8409458705357142
3.751826236122533 3.715215829702524
3.767903940689161 3.757188197544643
4.497274126325335 4.342495600382487
4.270137786865234 4.100162506103516
4.201013738458807 4.201013738458807
3.785355431692941 3.7436986287434895
5.558349609375 5.566684522126851
4.3189532940204325 4.3337592230902775
4.817476712740385 4.487586643384851
3.8970210237323113 3.8595934956013656
3.874150202824519 3.9132510375976564
3.7325635637555803 3.810120121125252
4.3811995188395185 4.3811995188395185
4.115404764811198 3.9435532668541216
3.9903365104429183 3.9903365104429183
3.8971554842862215 3.8480849847560976
3.8819405691964284 3.795868311172877
3.5625835418701173 3.644267342307351
3.6904453822544645 3.72260430518617
3.86784423828125 3.86784423828125
4.040146350860596 3.588967940386604
3.380417960030692 3.5846046779466714
4.075221252441406 4.019314236111111
3.8204879760742188 3.8027381896972656
4.000127344955633 4.013441706278238
3.770122471140392 3.946722279424253
4.3435580166903405 4.3676377333603895
3.684465350526752 3.729035216492492
3.737127939860026 3.764571295844184
3.545900399344308 3.5566210624499197
3.930298545143821 3.753881342270795
3.764587910970052 3.731242957481971
3.9251027818542816 3.904882016389266
3.9050216674804688 3.8973973592122397
4.027042388916016 4.027042388916016
3.6989514581088363 3.6492795839414494
3.950275700266768 3.955994647482167
3.7300986805181395 3.7166529116423233
3.875473281084481 3.970522165298462
3.680305844261533 3.7360425202742866
4.276398658752441 4.409631616928998
3.8294261585582388 4.1961212158203125
4.320636583411175 4.357937622070312
3.8468738555908204 4.029033484825721
3.866968790690104 3.850156421503745
3.9866357421875 3.935983712332589
3.698465326780914 3.7344589988784036
3.9587460472470237 3.955597274604885
3.839429157536204 3.8213884730538923
3.721813440322876 3.2996532298900463
4.520484415690104 4.246927049424913
4.22296626393388 4.22296626393388
3.8273702768179088 3.3984977320620886
3.814835676058071 3.8395010811941965
3.846966801857462 3.7935689290364585
3.731125541355299 3.731125541355299
3.5875888746611926 3.5875888746611926
3.5771431043310074 3.5771431043310074
5.114494323730469 3.8475247551413143
3.9867578288852767 4.010102679015724
3.6889050801595054 3.620511842005461
4.089159758194633 4.089159758194633
4.274780967018821 4.274780967018821
4.408532847528872 4.084297180175781
3.907979509471792 3.804433507243479
3.6869180082070705 3.654858838330518
3.3479421138763428 3.4817113240559894
3.610434792258523 3.63949028351022
3.574172745889692 3.6024617234321488
4.377201625279018 4.377201625279018
3.922050144361413 3.922050144361413
4.120487758091518 3.789748342413651
3.9915895462036133 3.9915895462036133
4.0103395043349845 4.0103395043349845
3.744849594943042 3.752556885911825
5.81171972101385 5.315367046155427
3.9664417613636362 3.8825414557206
3.9685509421608667 3.7388616708608775
3.6651323426444575 3.7058553890306123
4.126848375475085 3.8591986187433793
3.6825150383843317 3.7863670865395913
3.7617080211639404 3.7660251642694536
3.7607105396412037 3.7607105396412037
4.565194563432173 4.565194563432173
3.963379510558478 3.927310063288762
3.8613243103027344 3.7671194893973214
4.062669569446195 4.017535585345644
3.833116596247874 3.852042720002948
4.193485144412879 4.132354294044384
5.116296941583807 3.956082298642113
3.7014248446098663 3.741967481053518
3.9103077281605114 3.9103077281605114
3.874463437208489 3.8381604180819746
4.625594482421875 4.407462801252093
4.100437709263393 3.9010103665865383
4.452810807661577 3.795283522561332
4.129757043087121 4.04145612214741
3.9546559092762705 3.9147640830592105
4.231613323252688 4.231613323252688
4.6642560958862305 4.842592557271321
3.9537104709892517 3.966382897418478
4.17716318766276 4.063448588053386
3.657095642089844 3.6145248413085938
3.5741819724058495 4.0009610450873945
4.057414415147569 4.057414415147569
3.9353717425922015 3.9353717425922015
3.7229198109019888 3.7229198109019888
4.40186899358576 3.941808731829534
3.8766257244607676 3.848955971854074
4.1514326731363935 3.921985792077106
3.841656052922628 3.778660560721782
4.407303566156432 4.107168301669034
3.9732906341552736 3.563591639200846
3.6658584385702055 3.6809377729522517
4.0161111619737415 3.6475248175152277
3.5807955557839914 3.5732346831775104
3.8942756027471823 3.8917551040649414
4.055448644301471 3.807413274591619
4.548327797337582 4.340347636829723
3.928899872169066 4.027963077320772
3.65939677845348 3.6311818592583953
3.614201430248038 3.6477011318864494
4.462644577026367 4.126210530598958
3.896463422632929 3.896463422632929
4.096207230179398 4.091619740361753
3.8924415225074407 3.8075836181640623
3.312806562943892 3.3515413724459133
3.7001218124174735 3.797581354777018
4.596327209472657 4.416638461026278
4.807231903076172 3.865481694539388
3.76541822783801 3.7727543093123526
3.784544724684495 3.730492828089163
3.6267055643015893 3.484421648297991
5.11237678527832 5.11237678527832
3.725276066706731 3.725276066706731
4.492840237087673 4.398319244384766
3.924755096435547 3.7555037937807234
4.053531568877551 4.053531568877551
3.584690809249878 3.5783857457778034
3.735451234590023 3.735451234590023
4.153010349647672 4.153010349647672
3.680535888671875 3.655918028296494
3.4381837390718006 3.313206672668457
3.7009304415795112 3.6994681222098214
4.286185945783343 4.286185945783343
4.238996848081931 4.21958065032959
4.051648821149554 4.256494962252104
3.8364419037441038 3.871549818250868
3.712182181222098 3.7173033214750744
3.766463385687934 3.684545847995222
3.990482017642162 3.831139575475934
4.163862471147017 4.163862471147017
3.720298549107143 3.6069412231445312
4.429541015625 4.429541015625
4.087742340870393 3.890725386770148
3.9098566495455227 3.8042290729025137
3.902194787960241 3.902194787960241
3.7766590607471957 3.767640924178107
3.9105644721489448 3.9406333745912066
3.9030573227826286 3.9030573227826286
3.7474743071056547 3.764394586736506
3.99847412109375 4.330253718449519
3.4481353759765625 3.482034338525979
3.673380142603165 3.676026777787642
3.9514202738917152 3.7935492697726474
3.958831616620112 3.989371921705163
3.664372007308468 3.6626439356541898
4.260504722595215 3.951833388384651
4.403156446373981 4.403156446373981
3.3913745880126953 3.633473044947574
4.191340637207031 4.17199352809361
4.584425048828125 4.166637918223506
3.8461180342004653 3.7192982066761364
3.9747808547247026 4.01576779923349
4.03330821375693 3.946030044555664
4.5166880289713545 3.595212260251323
3.8986494541168213 4.073715573265439
3.7105126814408735 3.63272944859096
4.429177856445312 4.069327036539714
4.179595947265625 3.9331281543832963
4.199695587158203 4.199695587158203
3.8724253518240794 3.8724253518240794
3.935045166015625 3.9811055800494026
3.8108802208533654 3.8108802208533654
3.6947684151785714 3.6533822541189664
3.5519733670391616 3.4943033854166665
4.712563514709473 4.712563514709473
3.9967444283621654 3.9895185504043313
4.221382423683449 4.221382423683449
4.315440322413589 4.315440322413589
3.7780241789641202 3.7780241789641202
3.81817626953125 3.780107625325521
4.1019065163352275 4.1019065163352275
3.8479727909482757 3.8479727909482757
3.8300342345505616 3.802647640830592
4.7513783772786455 4.7513783772786455
3.685760498046875 3.801499843597412
4.028555274906015 4.006746069785276
4.1208915291251715 4.129437158978175
4.672249755859375 4.672249755859375
3.7249238150460378 3.6648462931315104
4.0429095832669 4.0135955810546875
3.7471466064453125 3.734311058407738
4.110796760110294 3.939254162358303
4.158226474019505 4.182940990893872
3.746065139770508 3.947011507474459
3.8249392422762782 3.6610036996694713
4.321730735085227 4.258627319335938
4.356326103210449 4.356326103210449
4.151711781819661 4.139206271701389
3.667084944875617 3.6537838706487342
4.25154660782724 3.9180731004284275
4.378284454345703 3.4598900047508447
4.04083251953125 3.978473896882972
4.519628485317888 4.498269751764113
3.6085880360704787 3.6298020885836695
5.200087653266059 5.200087653266059
3.7806652172191724 3.7806652172191724
4.016222958637373 4.016222958637373
3.9653616240530303 3.9653616240530303
3.9172637939453123 3.844670015222886
4.312189562567349 4.312189562567349
3.5396496000744047 3.7303292410714284
4.081125895182292 4.02522763338956
4.143598572281767 3.967511196794181
4.01341075281943 4.132944974032315
4.085604638168492 4.085604638168492
4.299408748232085 4.25129148695204
3.7930999263640373 3.823944483047877
3.878377596537272 3.878377596537272
3.9664666848104506 3.9833864023987675
3.67772162715091 3.6659094362842795
4.039550308109254 4.039550308109254
4.371768951416016 4.208230590820312
4.035882975260416 4.035882975260416
3.8169810173594354 3.8371504598589086
3.971307492723652 3.887202510127315
3.8252079801739387 3.8252079801739387
4.549224853515625 3.879837367845618
4.19072218065138 4.138632381663603
3.7181341927810756 3.6756887036700583
3.8470917283442985 3.836155785454644
4.247744696480887 4.054807027180989
3.574932621974571 3.574580930313974
4.170022299123365 3.9785014032160193
4.221705268411076 4.126368754618877
3.6778344326331966 3.6778344326331966
5.456761286808894 5.456761286808894
3.5780740356445313 3.8403280752676503
3.453506130642361 3.463315096768466
4.03866455078125 3.9554192038143383
3.7814218430292037 3.884580322265625
3.9392102215741134 3.7757099430735517
4.518927909232475 4.357081604003906
3.6924070470473347 3.6462661743164064
4.267563392376077 3.962740430644914
3.9384504415221135 3.902606435922476
3.7385908223814885 3.94608154296875
3.2787946813246784 3.4266231906029487
4.079641977945964 4.044873324307528
4.415905380249024 4.142323461072198
4.33723513285319 4.489374160766602
4.29051501934345 4.29051501934345
3.7196520428324855 3.7866286476059714
3.9743332353610437 3.9406839073251145
4.921277364095052 4.921277364095052
3.872509256998698 3.7575739080255683
3.5434239705403647 3.5434239705403647
3.8814795709425405 3.692522772427263
3.6371660868326825 3.668977525499132
4.789532979329427 4.631546313946064
3.7029876708984375 3.7016028288368865
5.49345588684082 4.145025986891526
3.8905797685895647 3.8905797685895647
4.347609020414806 4.347609020414806
3.882690921906502 3.841417040143694
3.827328889266304 3.667505117563101
3.9768031193659854 3.8255462646484375
3.822584069293478 3.757004439465107
3.99029541015625 4.062856928024002
4.5796351114908855 3.990654549947599
4.788126627604167 4.565335954938616
3.680864774263822 3.6253467906605112
3.9863882882254464 3.8250250135149275
4.455510226162997 4.138065185546875
3.6771363954286316 3.6879196166992188
3.8451557565242687 3.7479933936997214
3.6754731113470873 3.7601634837962963
3.8570588055778954 4.027616843199119
4.119315795898437 4.119315795898437
4.103934928162457 4.060242903859992
3.9599559783935545 3.842280705769857
3.9303803315033785 3.9303803315033785
3.7618011474609374 3.7065940525220786
3.9912267049153645 3.8526145739433093
4.294674343532986 3.810144856770833
4.228789480108964 4.247633468273074
4.061872284987877 4.027777535574777
3.845328404353215 3.706853406182651
3.5859835877710458 3.5659906852758674
4.884750790066189 4.884750790066189
3.9255006521340183 3.9255006521340183
3.9403809441460504 3.9403809441460504
3.7589748606962314 3.7728865879033906
4.036909750842173 3.966554471147739
4.269548961094448 3.913994228716978
3.662944627844769 3.896045027108028
3.72507025978782 3.9921902247837613
3.989712185329861 3.8678207397460938
3.9946136474609375 3.9934264289008246
3.785004662685707 3.840206169934006
3.7424132029215493 3.7308725210336537
3.754904804924722 3.708009237445282
4.301498889923096 4.0581825256347654
4.2466481526692705 4.0023057120186945
3.83074951171875 3.680646086392337
3.6713275146484374 3.69943689416956
3.9732462565104165 4.077445329938616
3.7092620849609377 3.7092620849609377
3.859810623468137 3.8126726422991073
3.5649775752314814 3.5911155906883447
3.7785506987235915 3.7532878674958883
4.076384078624637 3.6843364876760565
3.9186865578235035 3.9616599343039773
3.7008291776063014 3.5638008654957085
3.891631606937379 3.891631606937379
4.52161979675293 4.004445296067458
4.130691816221993 4.262239933013916
4.009788894653321 3.858344014485677
4.926961798416941 4.714910046807651
3.8865584407944276 3.863730441318469
3.859817123413086 3.859817123413086
4.0598876953125 4.0598876953125
3.9450235077829072 3.9645369509433177
3.867670193524428 3.8642109910102738
3.72857666015625 3.8103439807891846
4.19988322707842 4.288614241803279
3.942928495861235 3.888350009918213
4.203331375122071 4.119636808122907
5.4274242401123045 4.7354311261858255
3.7292076849168345 3.7292076849168345
3.672141280828738 3.880861594460227
5.066582271030971 4.047957808883102
4.291950323642829 4.274189668543198
3.5557447160993303 3.7973438984638936
4.348451741536459 4.214632370892693
3.716250725512235 3.695515782379907
3.432983703613281 3.4708648681640626
3.8783252192478552 3.874167147549716
5.236733913421631 4.681731796264648
4.3808008530560665 4.311555329743807
3.8266800590183423 3.756226759690505
3.9700955904447115 3.801047908449636
3.5608240763346353 3.623350094526242
3.7746861611643143 3.788623645993098
3.873899398311492 3.7392629462981892
4.1190227508544925 4.003821446345403
4.243350635875355 4.025450486403245
3.7247417216398278 3.7770061728395063
3.7169776329627404 3.7169776329627404
4.056135004216975 4.304372285541735
3.699430360898867 3.699430360898867
3.9005291710601995 3.9380489531017484
4.087834284855769 3.8530686322380516
3.8024463653564453 3.8024463653564453
4.0483079847398695 4.117000073458241
4.04265636867947 3.8493849436442056
4.956156158447266 5.159939105694111
4.074582116078522 4.0305950458233175
4.274329400831653 4.229448954264323
3.8966755114103617 3.834564208984375
3.7857583363850913 3.713608386469822
4.7302195231119795 4.5806139777688415
4.425942854447798 4.046325429280599
3.7832779422883065 3.7595307593252145
3.420860835484096 3.8266367029260704
3.9392912688078705 3.8558658800627055
4.065308035236516 4.065308035236516
3.9106176870840565 3.913946743669181
3.7020701240090763 3.7020701240090763
4.054654091282894 4.007673613879145
4.206090609232585 4.058289645010965
3.5669090270996096 3.5522918701171875
3.957814668354235 3.909746367355873
4.058886210123698 3.9214905285444415
4.714584003795277 4.1867099885017645
3.9528059359796033 3.9123895971814573
3.977071762084961 3.744384002685547
3.7366766872176207 3.720553219973386
3.728190969913564 3.7629569893452657
3.926449702336238 3.9260696903351815
3.998678684234619 3.9042986701516544
3.8045196533203125 3.7985329006029214
3.907573993389423 3.8949219750576334
3.952142568734976 3.795635223388672
3.934725674715909 3.890272017214235
3.73083245949667 3.836156287560096
3.8243100148326947 3.817686917489035
3.4125653221493675 3.4967367238011855
3.5775255949600884 3.6455595833914622
3.5379901642495013 3.5379901642495013
5.478739420572917 5.036739773220486
3.9296065620754077 3.8534215291341147
4.371039072672526 4.538596111795177
4.107497851053874 4.083892822265625
4.154097861432015 4.1017496128274935
4.4512034329501065 4.4512034329501065
4.71186023288303 3.6595508472339526
3.3419698987688338 3.3419698987688338
3.465902782621838 3.4767748774314415
4.238061814081101 4.242196316189236
3.625401814778646 3.705828857421875
3.9306438991001675 3.795315870598181
3.698243664157006 3.6491319705278444
3.4071797215661337 3.57173286050053
3.778751682590794 3.915350801201277
3.5973202980170815 3.530133391079837
4.535342746310764 4.224888472123579
3.720798873901367 3.4980738713191104
3.8506398617642597 3.7456912994384766
3.371307373046875 3.371307373046875
4.071842540394176 4.071842540394176
3.779990148062658 3.9843193502987133
3.7436913180064004 3.6714793238146552
4.448844485812717 3.6009288587068258
3.9735594958793827 3.815975355065387
3.6195504324776784 3.6195504324776784
5.355043683733259 4.726620483398437
3.9209547534431377 3.8862847900390625
3.586583251953125 3.5267098166725854
3.901084206321023 4.100550126056282
3.756404495239258 3.756404495239258
3.7255790378736413 3.7194427490234374
3.7253325257120253 3.7253325257120253
3.9882085626775567 4.12940437563004
4.037069023980035 4.1147998046875
3.9455715081630607 3.9455715081630607
3.863971710205078 3.50909423828125
3.9561487833658853 3.808502197265625
3.452351310036399 3.452351310036399
3.403185708182199 3.7089883212385506
3.6411730085100444 3.6042990112304687
4.162297762357271 4.086884634835379
3.9870704650878905 3.821687698364258
4.450599933492726 4.26607608795166
3.92179443359375 3.8203233991350447
4.794468272816051 4.404276275634766
3.7781410217285156 3.7781410217285156
4.506902841421274 4.023084303911994
4.803894678751628 3.860825442196278
4.105371202741351 4.105371202741351
3.9502579538445723 3.8760940089370264
3.627317428588867 3.7164223614860985
3.6868255615234373 3.8364536936690166
4.644845145089286 3.991274833679199
4.5134472024851835 4.5134472024851835
4.395423889160156 4.395423889160156
4.040553501674107 3.960810574618253
4.306924547467913 3.8639934145171067
3.7407595825195314 3.6790791387143345
4.8443145751953125 4.982483497032752
3.8434476216634113 3.8434476216634113
3.883349282400949 3.792555491129557
3.9940230305989584 3.9940230305989584
4.280016016077112 4.280016016077112
4.1825103759765625 4.1825103759765625
4.077473567082332 3.8885887547543176
3.9202239990234373 3.9202239990234373
4.102174841839334 3.9931970713089924
3.8489066676089636 3.7178306579589844
4.1728631724482 4.1728631724482
4.294946988423665 4.1053040822347
3.610299004448785 3.602781234248992
3.716306531751478 3.716306531751478
3.672827709680316 3.6997443005047015
4.144901384626116 4.144901384626116
3.7649635314941405 3.7649635314941405
4.10989287405303 4.10989287405303
3.60761476174379 3.807669712946965
3.502231100331182 3.498561936981824
3.7153650328170422 3.7153650328170422
4.113764594582951 4.273831489758614
3.9065879083448842 3.9065879083448842
4.2446843465169275 4.2446843465169275
4.055531721848708 4.072409493582589
4.034814273609834 4.034814273609834
4.011116494937819 4.011116494937819
4.184619438357469 4.184619438357469
3.0270570608285756 3.393234616234189
4.172401428222656 4.189336706090857
3.6376686096191406 3.4564324355706937
3.6714011950370593 3.646312420184796
4.40191864549068 4.447354125976562
4.497274126325335 3.844451904296875
3.915044148763021 3.915044148763021
4.509465144230769 4.509465144230769
3.5384063720703125 3.2876900566948786
4.3511197320346175 4.3511197320346175
3.88887095451355 4.056820305026307
3.7030109342981556 3.723228776958627
3.5755318861741285 3.6599430285002055
4.183711051940918 4.183711051940918
4.445422994679418 4.445422994679418
4.002790996006557 3.9399405585394964
4.025212969098773 3.714116146689967
3.8983462298357927 3.8983462298357927
3.9174321492513022 3.9174321492513022
3.8920954951533564 4.067390441894531
4.182360480813419 4.1468993156186995
4.109832481101707 4.181230068206787
3.8769479774567017 3.879649593955592
3.631133778889974 3.6071511973505435
3.642089134038881 3.642089134038881
3.8206878662109376 3.6594914523038
3.602011264898838 3.74561899358576
4.145714962121212 4.145714962121212
4.099590766720656 3.9426429054953833
3.9864771916316104 3.9864771916316104
3.7927703857421875 3.77310632776331
3.9955656632133154 3.9955656632133154
4.111059922438401 3.768655074270148
3.963007840243253 3.963007840243253
3.9967623110170716 3.9967623110170716
4.048837197793497 3.943162536621094
3.9331609552556817 3.9331609552556817
3.9264633503366024 3.9264633503366024
4.128001111619016 4.128001111619016
4.1210503578186035 4.018736049107143
4.248755591256278 3.896533203125
3.70744940575133 3.6033778190612793
4.268960347989711 4.268960347989711
3.899621146065848 3.809278869628906
4.235293739720395 4.235293739720395
4.476595984564887 4.106871032714844
4.051044736589704 3.9460652669270835
3.8453592649647885 3.8040816848342485
4.107326696414758 4.107326696414758
4.093384742736816 3.768720800226385
3.7872290978064904 3.756608929550439
3.596156056722005 3.6847381591796875
3.843898997587316 3.544459342956543
3.532282654668244 3.532282654668244
3.909619206967561 3.858036402652138
4.257923302283654 4.128271413403888
3.9639251086176657 3.824487539438101
4.6759490966796875 4.0671509636773004
4.063159942626953 3.6789010184151785
3.7507530034974566 3.8784052530924478
4.566829427083333 4.452364921569824
4.2306318283081055 4.908571131089154
4.441158294677734 3.9822562081473216
3.5868979061351105 3.5868979061351105
3.64160302441991 3.677398681640625
3.610850863986545 3.610850863986545
4.127635881012561 4.127635881012561
3.7538365903108017 3.749096234639486
4.418183462960379 4.418183462960379
4.02314703805106 4.02314703805106
3.9193065409757653 3.9135213998647838
3.85419552825218 3.85419552825218
3.614768562736092 3.579861610814145
4.218359375 4.051292530004529
4.445512226649693 4.445512226649693
3.7806908743722096 3.745592557466947
3.8802478645421283 3.8588425969503013
3.9815247790648205 3.9815247790648205
4.022382354736328 3.858591079711914
4.002003987630208 4.002003987630208
4.381417410714286 4.165009964344113
3.9877566382998513 3.9877566382998513
4.650443077087402 4.650443077087402
4.4208959764049895 4.374313575634058
3.5868979061351105 3.5868979061351105
3.64160302441991 3.677398681640625
3.7648707572660296 3.7460193924492384
4.0743459065755205 4.0743459065755205
3.49559079683744 3.4086451530456543
4.145472717285156 4.145472717285156
3.8836479856256854 3.9997554105870865
3.676155353414601 3.8448410034179688
4.409637996128628 3.6403343200683596
3.527163505554199 3.1127363506116366
3.5710302282262734 3.619436264038086
4.650810786655971 4.2602386474609375
4.02841484255907 4.086275736490886
4.323221059945913 4.290860759678171
4.010997156943044 3.993634610562711
4.042024612426758 4.098863081498579
3.684170677548363 3.684170677548363
3.818890126546224 4.0414487665349785
3.8200324563419117 3.620510311577264
4.863058090209961 4.647301567925347
4.2306318283081055 4.926825130687041
3.767590659005301 3.767590659005301
4.261646270751953 4.261646270751953
4.153463723776224 4.140351379809736
4.0326986161489335 4.0326986161489335
3.579026116265191 3.579026116265191
3.75190798441569 3.75190798441569
3.9891770177607913 4.011741502750555
3.737837507918074 3.5864116962139425
3.706569126674107 3.648711853027344
3.745525614420573 3.7609221514533546
3.5789924289869224 3.8239430745442706
4.003861904144287 4.003861904144287
3.6741586785567435 3.6741586785567435
4.040095055621603 3.86214111328125
3.6924281529017855 3.772472215735394
3.630548586790589 3.630548586790589
3.7929186792430762 3.7929186792430762
3.882142367428296 3.8475060713918587
4.199140606504498 4.2309557326296545
3.56982684135437 4.122943623860677
4.018930682699189 4.048519940443442
3.7093756103515627 3.8825717883163624
4.09993150499132 4.322467638098675
3.763123400457974 3.747874611302426
4.0633858900803785 4.0633858900803785
3.959423358623798 3.959423358623798
3.969204660189354 3.9588396227037586
3.9212278283160664 3.5897535051618306
4.238121577671596 4.02848466237386
3.8561796708540483 3.8561796708540483
3.6966244732892073 3.658399870901397
4.899178641183036 4.080884596880744
3.910546955309416 3.8628885020380435
3.5085325079449152 3.5996666985589103
3.9679738961014093 3.9679738961014093
3.966274339325574 3.966274339325574
3.886736356295072 4.011572796365489
3.9791480754983835 4.0238593316847275
3.887454078311012 3.8384392779806387
3.890612479967949 4.150900799295177
4.6962890625 5.0498248508998325
4.504305839538574 5.226137433733259
3.948165090460526 4.017503327014399
4.448488318401834 4.3578061704282405
4.177574702671596 4.071923319498698
4.075768788655599 4.075768788655599
3.998592800564236 3.998592800564236
3.725189644949777 4.1728616417001145
4.32886670983356 4.273594136140784
4.0344561622256325 4.001218049422555
3.9417427910698786 3.9417427910698786
3.6965230305989585 3.6965230305989585
4.276730855305989 3.7985298850319604
3.8756826300370064 3.832165018717448
3.9885470482610885 3.9885470482610885
3.537722110748291 3.565439224243164
3.8295458777476163 3.80871335921749
4.0721821784973145 4.192764663696289
3.701175877305328 3.8340072631835938
4.156261499377265 4.153489101080247
3.6139410770300664 3.6139410770300664
3.8890223349294355 3.8890223349294355
3.791548374720982 3.791548374720982
4.6642560958862305 4.890912691752116
3.9445395634092133 3.9445395634092133
3.949223412407769 3.929880179610907
3.8077518628991167 3.8077518628991167
3.8973509203486083 3.77336109132695
3.8804107405181623 3.8030991554260254
4.011122078731142 4.011122078731142
4.028417136452415 4.028417136452415
4.034937395368304 4.034937395368304
4.020684906930635 3.9844613326223275
3.911475045340402 3.911475045340402
4.123230435954991 4.091007139624619
3.949463653564453 4.0078962053571425
3.769634128845844 3.743408203125
3.832038121507657 3.7954491399949597
4.02314703805106 4.02314703805106
4.164760131835937 4.208317711239769
4.246165211995443 4.473879763954564
4.01878901890346 4.01878901890346
4.1252115037706165 4.254269070095486
4.366908482142857 3.994693816654266
3.971133297436858 3.94026091914849
4.24500732421875 4.143409261898118
3.7594198499407088 3.73959020666174
4.02314703805106 4.02314703805106
3.8261516337492028 3.807490825653076
4.00330570765904 3.8855877070463904
4.12458262724035 3.454465389251709
3.687921651204427 3.6654916651108684
4.131017120791153 4.0866715714738175
3.9959334744751906 3.9447823079427082
4.2118641923113564 4.179975382486979
3.5768114985251915 3.7791757583618164
3.827310562133789 3.827310562133789
4.256295885358538 4.256295885358538
3.914386749267578 3.914386749267578
4.971393785978618 4.619746877186334
3.5306568145751953 3.46302924721928
3.937517683082652 3.937517683082652
4.633625030517578 4.255809437144887
3.862432165990902 3.9528818130493164
3.864654541015625 3.9007145182291665
3.4796150826119088 3.4106856944949127
3.7039116753472223 3.7039116753472223
3.748405100029206 3.6808081993689905
3.6040310946377843 3.6040310946377843
4.181907381330218 4.181907381330218
3.6916731949690935 3.6916731949690935
3.6743611302869073 3.6743611302869073
3.864263119904891 3.8763224283854165
3.701045492421026 3.6754291813548017
3.6964160006470475 3.6671851714911488
4.047311782836914 3.9907095772879466
3.6157666015625 4.053365238377305
4.108116939150054 4.0109642615685095
3.98288081242488 3.809918212890625
3.9545364379882812 4.0687565523035385
4.891670227050781 4.891670227050781
4.182555135091146 4.112089905557753
3.845705509185791 3.585922604515439
4.905640411376953 4.905640411376953
4.107770973276869 4.107770973276869
3.7569746537642046 3.798973586031063
3.866602834065755 3.8034073800751655
3.9165823800223216 3.855166500561858
4.350709533691406 4.258278438023159
3.5674531119210378 3.5286037279211957
4.15570068359375 4.15570068359375
3.9622319148137017 3.847154017857143
3.582582019624256 3.582582019624256
3.872905336577317 4.019130119910607
3.475425288362323 3.50501647476078
3.9809337797619047 4.105421213003305
3.8507539556267556 3.8743048095703125
3.6764311691810345 3.633266119309414
4.096172435863598 4.096172435863598
3.9375024912308674 3.9375024912308674
3.9105912329445425 3.878731071174919
3.928641941236413 3.928641941236413
4.306624221801758 3.921581399851832
4.295772899280895 4.283768005371094
3.9107242160373263 3.828114961322985
4.210919099695542 4.210919099695542
4.097953033447266 4.537628682454427
3.732770316208465 3.732770316208465
4.582043170928955 4.708949618869358
3.7724046495225694 4.015616765097966
4.277287074497768 4.277287074497768
3.829061954579455 3.939409015559349
3.995607164171007 3.6167825234902873
4.203531550264906 4.116207327893985
3.7406641642252603 3.8969938633805614
3.8423213252314814 3.7584280778144112
3.576413109188988 3.4814721001519096
3.72456197535738 3.6671053372896636
3.7397354480832123 3.6418211800711497
3.6727005159011994 3.6622532056725543
3.82512396735114 3.82512396735114
5.049671173095703 5.049671173095703
3.455136193169488 3.1331068674723306
3.8395157779555724 3.792661799940952
3.8676702325994317 3.9116883358712924
3.6873710632324217 3.599725601520944
3.56982684135437 3.67453850640191
4.970507303873698 4.214038848876953
3.7471627540958736 3.722523815227005
3.821678215730275 3.8145059675178272
4.165517604097407 4.1032041569346
4.2390691121419275 3.9431349591511053
3.768796812813237 3.6726009593290443
4.108566977761009 4.361963748931885
3.7243559464164404 3.8333054839587604
3.8446742466517856 3.7820993197166315
3.7723239198022958 3.776839406866776
4.155917612711589 3.7037548828125
4.1901519333106885 4.061555085358797
4.183867510627298 4.077963979620683
4.056636492411296 3.831076145172119
3.773268459154212 3.86655322265625
3.9763178969874526 3.961808488175676
4.051355698529412 4.0539939186789775
3.7846548897879466 3.907406368771115
4.08593635559082 4.153294203016493
3.7523334727567783 3.7107622301256336
4.003304874195772 3.747708407315341
4.065891810825893 4.09341760583826
3.8925351594623767 3.9331447056361606
3.480371973536036 3.409237118217889
3.7390914424773185 3.6352916293674045
3.8132170204804323 3.7515124616951776
4.087708678426622 4.006113443029932
4.352207835127667 4.352207835127667
4.706809997558594 4.560395653568097
4.132353683997845 4.132353683997845
3.674406002729367 3.704486553485577
4.1270314092221465 4.088706970214844
4.023353213355655 3.9786449367717163
4.115331159319196 4.115331159319196
4.09143989030705 3.9836688863820044
4.146517072405134 4.306660842895508
3.562735306589227 3.8001476087068258
3.8358546170321377 3.8394963881548714
4.079184696592134 3.922408017245206
3.867257351345486 3.8012685139973956
5.234262906588041 4.122164590018136
3.6287463506062827 3.6287463506062827
3.8971101607399423 3.8947378305288463
3.880168193095439 3.723432159423828
3.9669865987387047 3.979809640467852
3.4716964942821558 3.418454064263238
3.5074735369001115 3.551077924455915
3.7419087479754194 3.7407015845889138
4.8331484113420755 4.535923697731712
3.932427522178008 3.9026965437264276
4.519039154052734 3.7562056831691577
4.419839959395559 4.354394967215402
4.1396648060191765 3.9842411164314515
3.983393114666606 3.8924560546875
4.335189480251736 4.2676029528601696
4.482237815856934 4.482237815856934
3.8869937549937856 3.7117650349934896
4.030022394089472 3.974413045247396
4.009641647338867 4.050884849146793
4.5331615871853295 4.290475027901786
3.636912536621094 3.636912536621094
4.424557495117187 4.080889615145597
3.9812895122327303 3.964288424951425
3.7682534151299056 3.9049727006392048
4.1286494557450455 4.244553275730299
3.8743760850694446 3.918571048312717
4.267546081542969 3.9388339702899637
4.197653906685965 3.9455279032389323
3.8600064541431185 3.8067787863991476
4.280780792236328 3.931105002378806
4.572561825022978 4.572561825022978
4.22374829378995 3.9066185584435096
4.362821578979492 4.416986025296724
3.853576914469401 3.6657190090272485
3.9004618326822915 3.7640406831781914
4.61322021484375 4.61322021484375
3.7902147246570124 3.797922877261513
3.8845572522891465 3.8845572522891465
4.310898251003689 3.5391700498519407
3.7767231464385986 3.822626845641706
4.695408821105957 3.424762180873326
3.831022716703869 3.8965665377103367
4.028337898900953 4.016448122163059
3.9485244750976562 3.7622402191162108
3.836247969646843 3.80638348614728
4.00599175530511 4.00599175530511
3.814022801503414 3.8382341789476797
4.21130489993405 4.21130489993405
3.9251909609194153 3.8678724500868054
3.664135456085205 3.664135456085205
3.898153341041421 3.868828909737723
3.668882824125744 3.668882824125744
5.787025451660156 4.909022861056858
4.1479323250906805 4.587176132202148
4.741082442434211 4.50385218081267
4.053182501541941 4.000790366643591
3.86010302294482 3.82252341822574
3.9561563110351563 4.078129993785511
