4.798038805945445 4.77237890625
4.7071889241536455 4.647529255260121
4.647557767710292 4.623265175923814
4.861065513209293 4.861065513209293
4.804232826715784 4.770928922784392
4.806022926613137 4.806022926613137
4.650181477864583 4.650181477864583
4.480660756429036 4.475206920078823
5.047899992569633 5.0136629971590905
4.817728850801112 4.589718549679487
4.900186553256202 4.900186553256202
4.916076236300999 4.7632722596864445
4.581691672585228 4.5932183699174365
4.587485953553082 4.587485953553082
4.804936616317086 4.804936616317086
4.56449219890844 4.640544082179214
4.89714842576247 4.89714842576247
4.761632119455645 4.761632119455645
4.733331268157192 4.733331268157192
4.810840807462993 4.810840807462993
4.741776936848958 4.6826828582377376
4.889660957532051 5.0282589594523115
5.5050159030490455 5.308587210518973
4.839756556919643 4.801010841547057
4.793145190710309 4.820086027446546
4.638635830616388 4.638635830616388
4.831804030012377 4.799238513764881
5.08871352881716 4.988566227096448
4.881485591296254 4.836262331170551
4.610721982758621 4.610721982758621
5.115025260231712 5.064475377400716
4.7043914145611705 4.691584248941733
4.831804030012377 4.799238513764881
4.673133486793155 4.720722871668198
4.706752080502717 4.706752080502717
4.8853571692178415 4.823026133849558
4.779517993592379 4.7259717343458485
4.453107048483456 4.4766092715056045
4.453114191691081 4.453114191691081
4.766363143920898 4.766363143920898
4.716731795345444 4.663069239202535
4.713116717594926 4.713116717594926
4.820112748579546 4.828811944699755
5.26484856238732 5.26484856238732
4.883546869805518 4.947458367598684
4.48717833401864 4.48717833401864
5.016225179036458 5.016225179036458
4.800762239049693 4.756265391474185
4.83068299025632 4.83068299025632
4.763189785722373 4.719147124847808
4.4984064275568185 4.501281221034163
4.842817339980812 4.679310026622954
4.786678514982524 4.844631461210029
4.801230210524339 4.801230210524339
4.481725396050347 4.470978375777458
4.628203908488539 4.68994811692163
4.615963406032986 4.623217945367518
4.76153844430906 4.797019800646551
4.700647527521307 4.701894784902597
4.698587708554025 4.670223483791599
4.671412346771409 4.658893585205078
4.780208703243371 4.780208703243371
4.751252388042179 4.766357421875
4.5872808492408605 4.55698479546441
4.688233107663272 4.688233107663272
4.913689557243796 4.913689557243796
4.581080409458705 4.669899615119485
4.538235677083334 4.536823454357329
4.982205708821614 4.929155903477823
4.669697631298183 4.671518301034903
4.556326184953962 4.439451156123992
5.1482861328125 4.979699594003183
4.6710293856534095 4.579388330853175
4.730264217295545 4.747455372529871
4.59846304244354 4.59846304244354
4.665740747245954 4.656198514562075
4.631304059709821 4.631304059709821
4.823822566441128 5.456930796305339
4.736588880750868 4.4422484367124495
4.795078586887669 4.803991003881527
4.436385498046875 4.556497192382812
4.874603689533391 4.8220143503956985
4.553058330829327 4.58914013671875
4.575348268072289 4.575348268072289
4.7457769484747026 4.607408943822828
4.702258855646307 4.706563578023539
4.836213723207131 4.791017120959712
4.703879886203342 4.67521603902181
4.814223225911459 4.814223225911459
5.016326904296875 5.016326904296875
4.725412845611572 4.682382202148437
4.938451766967773 4.938451766967773
5.286330159505209 5.120817783900669
4.762252197265625 4.762252197265625
4.673883056640625 4.6498724019752355
5.186284151944247 5.213793524380388
4.4704239159299615 4.463977461101628
4.829532368977865 4.829532368977865
4.439879197340745 4.439879197340745
4.496096224398227 4.532949680235328
4.959918975830078 4.959918975830078
4.609954140403054 4.537464141845703
4.593799321338384 4.593799321338384
4.708343257748984 4.708343257748984
4.914041286561547 4.914041286561547
4.652630349864131 4.6332243266858555
4.684954533811475 4.749945855909778
5.014459018049569 4.9328125
4.971147060394287 4.971147060394287
4.806392822265625 4.806392822265625
4.787007649739583 4.773008510044643
4.775163089527803 4.775163089527803
5.1030378341674805 5.1030378341674805
4.7751072718444485 4.815849188015545
4.8031351582987325 4.8031351582987325
4.8622801931280835 4.832057032091864
5.329558690388997 4.6970681326729915
4.616618258027277 4.634564786343961
5.086836678641183 5.086836678641183
4.8923094411375665 4.903403801003886
4.8622801931280835 4.832057032091864
5.28803014755249 4.924442291259766
4.730716745476974 4.65669739921138
4.5276005859375 4.559119304627862
5.195976257324219 5.094066691848467
4.519168429904514 4.519168429904514
5.296346491033381 4.717304077148437
4.944228560836227 4.605450174082881
4.623530162464489 4.577895434934701
4.933196067810059 4.935322728650323
4.8336538214432565 4.845290411086309
4.614417345770474 4.614417345770474
4.924336095010081 4.8561278449164496
4.714195760091146 4.655511409678358
4.473561228057484 4.45013427734375
5.361030101776123 5.17548942565918
4.573955189098012 4.5992620558965776
4.973136901855469 4.923891240900213
4.538531096085258 4.56970945178953
4.667038647096549 4.572867108206464
5.0732269287109375 5.219343469498005
4.829065232049851 4.771824098982901
4.801317804509943 4.755521797839506
4.621762084960937 4.621762084960937
4.68652880859375 4.627683367047991
4.619033150050951 4.619033150050951
4.6354418393582275 4.6354418393582275
4.975683530171712 5.0194549560546875
4.739587100935571 4.79937497533933
4.739587100935571 4.79937497533933
4.601853351203763 4.601853351203763
5.284763881138393 5.284763881138393
4.815963242080185 4.815963242080185
4.712059759324597 4.712059759324597
4.590405607876712 4.561802851689326
4.590405607876712 4.561802851689326
5.068099483366935 4.63511137120864
4.624667663574218 4.565612227828415
4.670684518165959 4.670684518165959
4.745316569010416 4.692088453075554
4.887788471422698 4.89395593713831
4.887788471422698 4.89395593713831
4.690494537353516 4.808457874116444
4.690494537353516 4.808457874116444
4.690494537353516 4.808457874116444
4.7127907492897725 4.7127907492897725
4.554602112432923 4.566707904522236
4.994180361429851 4.994180361429851
4.59353139449139 4.539974212646484
4.8323548634847 4.8323548634847
4.859572531960227 4.859572531960227
5.284164760423743 5.187732837818287
4.68641045752992 4.708734848920037
4.683928545783548 4.683928545783548
4.72386962890625 4.72386962890625
4.842339804006177 4.933965108480798
4.760984644396552 4.760984644396552
4.71276193294885 4.71276193294885
4.815420755525914 4.815420755525914
4.764373111028741 4.764373111028741
4.744528574486301 4.7024322113433445
4.57009521484375 4.5641724593996065
4.461626425556753 4.518742725102588
4.358590518727022 4.442340087890625
5.647561391194661 5.296119689941406
4.889295305524554 4.867505131935586
4.883466448102679 4.85012666678723
4.572638291579026 4.572638291579026
4.4922389124964806 4.53442330195986
4.700765078829736 4.700765078829736
4.566166804387019 4.566166804387019
4.558549854853382 4.56217998798077
4.584909822658402 4.587661784741145
5.063966665694963 5.063966665694963
5.0332183837890625 4.98280143737793
4.410107612609863 4.410107612609863
4.737621986702697 4.737621986702697
4.708560519748264 4.651968819754464
4.943149400793987 4.943149400793987
5.5025177001953125 5.50460468639027
4.779257082471661 4.773866985915998
4.90722888448964 4.90722888448964
4.585157527480015 4.546940324113176
4.67727783203125 4.618969095164332
4.8927435874938965 4.8927435874938965
4.685039043426514 4.685039043426514
4.941993976461476 4.884431298099347
4.760228286554784 4.691327776227679
4.653423539744128 4.653423539744128
4.833818708147321 4.764128766741071
4.717610337999132 4.717610337999132
4.890867171748992 4.907643285290948
4.521177118474787 4.47648209791917
5.053078902395148 4.875718821649966
4.828863004358803 4.790009187397204
5.053078902395148 4.875718821649966
4.828863004358803 4.790009187397204
4.765425297251919 4.808070725661057
5.045462714301215 5.045462714301215
4.482775324041193 4.482775324041193
5.01890380859375 4.890088533100329
4.6683208759014425 4.396529947916667
4.854146728515625 4.8619248526436945
4.894974459134615 4.894974459134615
4.6749692644391745 4.8485870361328125
4.686190374966325 4.686190374966325
4.613345597141473 4.667309847745028
5.245933214823405 4.95868154672476
4.686164566233188 4.686164566233188
4.750452248446913 4.701446533203125
5.397088857797476 5.397088857797476
5.2315283203125 5.2315283203125
4.6953672751402245 4.649116693541061
4.445421980100897 4.445421980100897
4.745605889682112 4.726057353772615
4.834192669580853 4.79711484237456
4.597143200860507 4.577127805897887
4.504604804806593 4.523708262342088
4.554882882655352 4.572933312618371
4.739247120209854 4.755142426826585
4.514611514998071 4.62030759632078
4.720315175513699 4.720315175513699
4.720315175513699 4.720315175513699
4.9050829487462195 4.9050829487462195
4.872280591154752 4.812189275568182
4.757509255711036 4.814969744001116
4.809692737668059 4.809692737668059
4.881594815097013 4.881594815097013
5.248564849028716 5.248564849028716
5.109422870710785 5.123026166643415
5.069631723257212 5.069631723257212
5.114383273654514 5.008940149526127
4.747160775320871 4.747160775320871
4.699334247295673 4.699334247295673
5.19144287109375 4.554695553249783
5.19144287109375 4.554695553249783
4.598018840207892 4.62586956713573
4.8417394110497005 4.8417394110497005
5.363902752216045 5.363902752216045
4.882564343904194 4.759996202256945
4.71719094981318 4.659172693888347
4.850450439453125 4.850450439453125
4.8285980224609375 4.853104301120924
4.90438528621898 4.852364973588423
4.902122946346507 4.915635245186942
5.663525668057528 5.62983644925631
5.663525668057528 5.62983644925631
4.520127181168441 4.694789491850754
4.794822291324013 4.756197477641859
4.787594881924716 4.776779065029227
5.0426286266696065 5.0426286266696065
5.0426286266696065 5.0426286266696065
4.454469379625823 4.569075389574933
5.2912059583162 5.084690856933594
4.775948588053385 4.775948588053385
4.775948588053385 4.775948588053385
4.760566711425781 4.647825453016493
4.538856401835402 4.5251841359324265
4.459760245630297 4.459760245630297
4.805104131283968 4.805104131283968
4.7576751708984375 4.7576751708984375
4.634714650583791 4.634714650583791
4.9659684704196065 4.849224437366832
4.69289844440964 4.69289844440964
4.626086753486787 4.626086753486787
4.69289844440964 4.69289844440964
5.045177957286006 5.00164560171274
4.626953660396108 4.626953660396108
4.696713167078355 4.696713167078355
4.975294325086805 4.975294325086805
4.626086753486787 4.626086753486787
4.7366383870442705 4.699777582640289
4.994563362815163 4.994563362815163
4.411881417939157 4.411881417939157
4.690821883702042 4.770287649972098
5.400001889183407 5.428673638237847
4.413250732421875 4.413250732421875
4.7032454499101215 4.6774585520038165
4.740142392440581 4.746882216735456
4.847351978443287 4.847351978443287
4.464931053451345 4.464931053451345
5.528870215782752 5.291316312902114
5.108026215524385 5.108026215524385
4.598429947448292 4.598429947448292
5.030368886095412 5.030368886095412
4.651983297096108 4.651983297096108
4.564501565600199 4.559607837818287
4.763873601363877 4.754630921378968
4.852556795687289 4.852556795687289
5.060181299845378 4.953270696824597
4.822912307012649 4.822912307012649
4.783944857322563 4.783944857322563
5.111582829402043 5.077775435014204
5.726749965122768 5.188912527901786
4.6161981838852615 4.6161981838852615
5.221259223090278 4.960691452026367
4.591521391997466 4.573493758491848
4.83912593760389 4.839312133789062
4.8354849564401725 4.681451885516827
5.026523590087891 5.026523590087891
5.164210815429687 5.042960857522899
4.715720466945482 4.6889329826307
4.750422335219109 4.750422335219109
4.876882032914595 4.753226216634115
4.681942630123783 4.681942630123783
4.765946161179316 4.421095297370158
4.831362337679477 4.832000732421875
4.72036358488708 4.72036358488708
4.584571144797585 4.565545654296875
5.056112894197789 5.056112894197789
4.563847351074219 4.634276409538424
4.806632576407967 4.888491494315011
4.625612212390434 4.60215589735243
4.940527053106399 4.940527053106399
4.8248108573581865 4.680059079770689
4.614162610924763 4.614162610924763
4.6671554323226685 4.630394313646399
4.750581802860383 4.699635968889509
4.634140386814025 4.634008198033054
5.106012232163373 5.113288879394531
4.7521661722435145 4.7521661722435145
4.614827093676986 4.614827093676986
4.696218872070313 4.654706001281738
4.585229056222098 4.53870981389826
4.673654197750235 4.629466931573276
4.823137613932292 4.823137613932292
4.768320544012662 4.768320544012662
4.692753718449519 4.7072035569411055
5.5940399169921875 5.5940399169921875
4.495049651557877 4.5008096860323334
4.996241850011489 4.996241850011489
4.870765892235008 4.717967898346657
4.557117716471354 4.488783326867509
5.2816314697265625 5.275658373562795
4.839702531403186 4.839702531403186
4.976103735751793 4.899550543891059
4.529719566231344 4.519228880432831
5.18805160522461 4.940215301513672
4.565401349748884 4.52400384338117
4.4373870453277195 4.482283528645834
4.999811469184028 4.9992020924886065
4.567511196794181 4.533822631835937
4.728357431839924 4.728357431839924
4.825361552991365 4.82054389277591
5.132244110107422 4.614818484284157
4.748736161452073 4.701499938964844
5.730749624746817 5.730749624746817
5.130703926086426 5.130703926086426
4.97289898751796 4.9332936604817705
5.105259486607143 5.105259486607143
4.595659003200301 4.593255977819462
4.784328432436342 4.767483676437044
4.67727209020544 4.67727209020544
4.673293133171237 4.7219782049005685
4.825029926915323 4.758444296347128
4.474735412597656 4.4985708383413465
4.815786473891315 4.750675483037962
4.653680209455819 4.653680209455819
4.675736664034796 4.634067202574455
4.65089596984207 4.6648481096540175
4.574978082830255 4.549186979021345
4.72189794921875 4.7477100343632515
4.679376741734947 4.624484530362216
4.564399043215981 4.572975072967872
4.629056757146662 4.629056757146662
4.561045501191737 4.561045501191737
4.996646410798373 4.83974257759426
4.91356869961353 4.91356869961353
4.868914334279187 4.690016917693309
4.48910071779404 4.513727018731902
4.949146864149306 4.839453931124705
4.611715636797399 4.611715636797399
4.8299705103824015 4.680112513100228
4.595596775864109 4.595596775864109
4.719150119357639 4.654420398530506
4.6098583221435545 4.59714042849657
4.647056472133583 4.647056472133583
4.5472918179766015 4.5472918179766015
4.70555275364926 4.70555275364926
4.823254643654336 4.823254643654336
4.811063351838485 4.6947886149088545
4.9235992431640625 4.921063232421875
4.591378061394942 4.651752430905578
4.684927133413462 4.665706882229099
4.574959694802224 4.574959694802224
4.601953029632568 4.625527310533588
4.876467895507813 4.869332854280767
4.823618108575994 4.905553481158088
4.713203430175781 4.713203430175781
4.654131940302958 4.654131940302958
4.957222522144586 4.892166619551809
4.801989143277392 4.727555159684066
4.85980224609375 4.890206114886558
4.739756844260476 4.739756844260476
4.923900828642004 4.923900828642004
4.9859670003255205 4.9859670003255205
5.074670740076013 5.074670740076013
4.765211252065805 4.836892832880435
4.545185565948486 4.584425889052354
4.664050914623119 4.643988506610577
4.796637725830078 4.701766628689236
4.706874436598557 4.672513689313616
4.623352922712054 4.623352922712054
4.7137646484375 4.550150769822141
4.938540988498264 4.938540988498264
4.827979252256196 4.734258947238116
4.923846700917119 4.923846700917119
4.7677429862644365 4.767981451910895
4.852514266967773 4.832287838584499
4.760601043701172 4.651512397514595
4.798064549763997 4.665728223192823
4.756106376647949 4.641345684344952
4.749732971191406 4.644556401850103
4.8291982014973955 4.682156740964114
4.767471638131649 4.745192230724897
4.993504115513393 4.693395124162946
4.880359649658203 4.892398458131602
4.895603497823079 4.895603497823079
4.758903353821998 4.758903353821998
5.211965862073396 5.211965862073396
4.725118196927584 4.729101365612399
4.352710155730552 4.370732924517463
5.03842306137085 4.661019134521484
5.416857299804687 5.166029575892857
5.34923692183061 5.34923692183061
4.825124359130859 4.825124359130859
4.703896670640327 4.703896670640327
4.87646484375 4.8586781012318125
4.526319915173101 4.526319915173101
4.709400792275706 4.5841284030821265
4.668794706270292 4.668794706270292
4.691624517026155 4.755591652610085
4.676733265752378 4.6280123623934655
5.147569274902343 5.147569274902343
4.623799750145445 4.587151321710325
5.778038024902344 5.334525044759115
4.65473316333912 4.5966033935546875
5.190208171976024 4.966119939630682
4.728533109029134 4.728533109029134
4.83284912109375 4.83284912109375
4.78424072265625 4.651780594226926
4.624606954640355 4.63304679624496
4.790158535571808 4.759359865772481
4.574009399414063 4.574009399414063
5.019649505615234 5.019649505615234
4.650110361527424 4.650110361527424
4.545885104577518 4.545885104577518
4.476919735179228 4.525273749168883
4.642940472952927 4.642940472952927
4.628053347269694 4.621814649932238
4.809800168301197 4.924149051789315
4.54847990337171 4.54847990337171
5.017821175711496 5.00361442565918
5.416235787527902 5.416235787527902
4.642517654984085 4.642517654984085
5.036094544425843 5.036094544425843
4.568595953747234 4.5506570930154915
5.142892201741536 5.142892201741536
4.77379466869213 4.77379466869213
4.789604635799632 4.893858337402344
4.541186770877323 4.460085846656977
5.184498310089111 5.104787445068359
4.593446459089007 4.483365445523648
4.792882745916193 4.792882745916193
4.654969729918385 4.658986684438345
4.812967637005975 4.8029937744140625
4.744834178715796 4.744834178715796
4.884158863740809 4.884158863740809
4.966161840102252 4.856301558645148
4.727827707926433 4.627404574690194
4.506509345874452 4.459832569909474
4.727316397207755 4.705880198759191
5.187335040118243 5.187335040118243
4.881800483254826 4.881800483254826
4.888301425509983 4.888301425509983
4.6812873900406 4.676861712040792
4.63147666237571 4.58109696706136
4.601594712999132 4.524082090796494
5.039218902587891 5.01846765588831
4.5896020029105395 4.5929833673367835
4.608222016834078 4.613223066953855
4.463575744628907 4.443580979567308
4.6051617057956 4.533069087009804
4.817071533203125 4.817071533203125
4.722305699398643 4.716704612554506
4.664734497070312 4.600446503737877
4.802519511401169 4.775120661808894
4.99883048765121 4.8996193625710225
4.525281270345052 4.808495016659007
4.644164123535156 4.71547105577257
5.258275885331003 5.218810325445131
4.880594393102134 4.71302250453404
5.1673264503479 4.97535875108507
4.5577138264973955 4.5577138264973955
4.2848154703776045 4.280155304939516
4.352853548728813 4.334053771136558
4.8512085808648004 4.854472525167785
4.791049575805664 4.687018076578776
4.899485501376065 4.899485501376065
4.780589803059896 4.672422055844907
4.462908694618626 4.384264859286222
4.571740919543851 4.5375316619873045
4.598955939797794 4.590662581197331
4.303457895914714 4.303457895914714
4.889950838955966 4.835861587524414
5.077236720493862 5.077236720493862
4.481408013237847 4.481190074573863
4.633773992091049 4.647003992307232
4.62888534754923 4.634520367878239
4.8980932901071945 4.8980932901071945
4.682577457068102 4.682577457068102
5.2274120330810545 5.2274120330810545
4.509939575195313 4.376012747628348
4.665524727957589 4.648274211140422
4.835035470815805 4.710959598935884
4.569439465486551 4.468918510105299
4.717199966755319 4.7024870676974375
4.9769287109375 4.9769287109375
4.663713727678571 4.620609406502016
4.769160747528076 4.769160747528076
4.672814742378566 4.545642265906701
4.7073548634847 4.67132568359375
4.865977079971977 4.82190845630787
4.863324529474432 4.752395857625933
5.7626465691460504 6.047930997960708
4.77797425468013 4.6784108479817705
4.8219361916566505 4.7404539526962655
5.1882358674080145 5.125491768973214
4.649994744194879 4.546097183227539
4.9353047825346055 4.9353047825346055
4.216923417716191 4.260544073386271
4.663561089094295 4.663561089094295
4.570384216308594 4.570384216308594
5.414956092834473 5.2340198092990455
4.74604237874349 4.74604237874349
5.467707016888787 4.973792336203835
4.63533699075589 4.634970794821009
4.787336918345669 4.739411248101129
4.929451904296875 4.859967549641927
4.7676861102764425 4.7676861102764425
4.776022477583452 4.686873415683178
4.578629364838472 4.578629364838472
4.8661646525065105 4.8661646525065105
5.3269297281901045 5.048546600341797
4.489034992374786 4.489034992374786
4.7023231752457155 4.728284200032552
4.839969889322917 4.678533849581866
4.7505358527688415 4.7505358527688415
5.003971393291767 4.590714518229166
4.894704754432936 4.845301048042848
4.573787200145232 4.594692454618566
4.723391446200284 4.723391446200284
5.1471079950747285 5.157624495656867
4.768777574811663 4.68547900755014
4.631663004557292 4.631663004557292
5.19474846976144 4.73758544921875
4.650003470626532 4.653968811035156
5.011995951334636 4.83953130812872
4.585138753255208 4.585138753255208
5.03232659233941 5.03232659233941
4.902543334960938 4.902543334960938
4.488868126502404 4.464227624841638
4.606835757984834 4.606835757984834
4.638272255345394 4.638272255345394
4.802494995982935 4.808982447574013
4.585630144391741 4.564695687129579
4.776072885798312 4.776072885798312
4.491512645374645 4.491512645374645
4.729051433625768 4.729051433625768
4.789675785945012 4.604247174944196
4.655759538922991 4.748906792534722
4.587659872731855 4.612830185308689
4.961306762695313 4.8383689413265305
4.620675111428286 4.620675111428286
5.65558096078726 5.45338249206543
5.1319806780133925 5.0225462302183495
4.708761215209961 4.708761215209961
4.700855139530066 4.73604679107666
4.622048187255859 4.9417007033889355
4.835650236710258 4.793608665466309
4.627081657858456 4.667599269321987
4.856958849676724 4.856958849676724
4.819847106933594 4.732610473632812
4.554519403176229 4.554519403176229
4.659204622594322 4.621483018663194
5.278801345825196 5.100860595703125
4.69948486328125 4.69948486328125
4.8729095458984375 4.8729095458984375
5.306947835286459 5.306947835286459
4.844843027543049 4.8292158647017045
4.622151894144492 4.654797245338919
4.8496084946852465 4.8496084946852465
5.278615511380709 4.797639734604779
4.731646428342725 4.592445480991417
4.785787274760585 4.622929341084248
4.8357696533203125 4.852578440020161
4.710360935756138 4.710360935756138
4.815563557942708 4.58099907135295
4.930579049246652 4.930579049246652
5.669812393188477 5.669812393188477
4.55644287109375 4.5594663266782405
4.528381760055955 4.492418036403426
5.532865441363791 5.172673034667969
4.93572093822338 4.86714755787569
4.883766174316406 4.883766174316406
4.674644187644676 4.5816862044795865
5.26708519977072 4.7261810302734375
5.282994079589844 5.1783287048339846
4.76061906485722 4.740280834596549
5.182612679221413 5.0687713623046875
4.843017578125 4.843017578125
4.631427471454327 4.63794189453125
4.70505258988361 4.70505258988361
4.542751803256498 4.540296572730655
5.324167160760789 5.324167160760789
4.323165045844184 4.315675688952934
5.105745755709135 5.105745755709135
4.8631835210891 4.8631835210891
4.567974330357143 4.56401484430173
4.856597355433872 4.856597355433872
4.696389590992647 4.654735218394887
5.2407651628766745 5.281102360905828
5.187664689688847 5.187664689688847
5.13244138445173 4.44396231515067
4.804914121274595 4.805685520172119
5.011621687147352 4.809763405539773
4.76368309469784 4.788531329180743
5.023680034436677 5.023680034436677
5.026745135967548 4.905722045898438
4.673911524182968 4.660386827256945
4.704910114247312 4.704910114247312
4.855140991210938 4.796891311119342
4.686224801199777 4.658067226409912
4.610910034179687 4.62793337065598
5.183512878417969 5.159383719308035
4.89256110558143 4.7042635025516635
4.632395899573038 4.6167043050130205
4.510784912109375 4.471862227828415
4.5589277218549675 4.560709222319162
4.781535366125274 4.625090749640214
4.789318508572048 4.653519793254573
4.720177577092097 4.720177577092097
4.362156168619792 4.3983154296875
4.910924738103693 4.899056570870536
4.664879322052002 4.63419729039289
4.812183757404704 4.785319438733553
4.748804804104478 4.748465401785714
4.77582468720257 4.77582468720257
4.340924532908313 4.407833576202393
4.920063817223837 4.7862964498585665
4.658895032159213 4.62646984663166
5.559554508754185 4.896439446343316
4.759564288250812 4.759564288250812
4.836700869278169 4.836700869278169
4.678306502525253 4.644715485749422
4.683329679528061 4.687185434194712
4.667433640052533 4.663880883193597
4.761282407320463 4.713564554850261
4.865535442645733 4.975439256237399
4.531033761160714 4.48989728175172
4.473199197520381 4.533853197854663
4.59248193359375 4.583162850707117
4.788603933233964 4.70086669921875
4.944640265570746 5.009537353515625
4.811685313349185 4.753228994516226
4.749062899885507 4.8765504418349845
4.646605224609375 4.646605224609375
4.613324065706623 4.529586128566576
4.705665555062773 4.70764890491453
4.98752187093099 4.98752187093099
4.747544198665979 4.747544198665979
4.967200851440429 4.967200851440429
4.798329279972957 4.798329279972957
4.744743481016996 4.744743481016996
4.657213275935374 4.657213275935374
5.651799096001519 5.651799096001519
4.69639211461164 4.69639211461164
4.919379290412454 4.914808051530705
5.160106365497295 5.0298583984375
5.126060180664062 4.601867284530249
4.7949702565262955 4.802336748908548
5.075063917371962 5.075063917371962
5.2216135660807295 4.877704488820043
4.793438174860264 4.793438174860264
4.742637961920054 4.688019316075212
4.847462018330892 4.77522133881191
5.14849853515625 5.115138127253606
4.511776394314236 4.5601458381204045
4.898807165757665 4.807939855063834
4.892333984375 4.81616904518821
4.834107032189002 4.871588763068704
4.580898920694987 4.580034467909071
4.768825531005859 4.684801307091346
4.8506705216535435 4.840729619415713
4.876319885253906 4.876319885253906
4.675636291503906 4.652259826660156
4.537930908203125 4.537930908203125
4.643229007720947 4.643229007720947
4.720458984375 4.782968139648437
4.79768656067929 4.763864370492788
4.762708338295541 4.761282009548611
5.442779541015625 4.5952822777532765
4.599140903405976 4.599140903405976
4.649933668671462 4.649933668671462
4.994045681423611 4.775113105773926
4.7922548566545755 4.454672495524089
4.5833637797749125 4.563178966247958
4.685855017768012 4.685855017768012
4.76127524687865 4.707065705330141
4.85274076461792 4.833685012090774
4.610881730621936 4.610881730621936
4.8671200659967235 4.8671200659967235
4.737092517671131 4.775425211588542
5.314646227606412 5.195179784020712
4.800202567622347 4.800202567622347
4.632646833147321 4.5903064816497094
4.632003033747439 4.632003033747439
4.649393081665039 4.649393081665039
4.52058580186632 4.438847667766067
4.810959992585359 4.7005899363550645
5.1491113478137605 5.021468291411528
5.126160212925503 4.990459696451823
5.2367999737079325 4.985962811638327
4.8578619523481885 4.8578619523481885
4.977544784545898 5.053326993375211
4.705277167426216 4.751348322088068
5.11083984375 4.820823306129093
4.637571677183494 4.648123013771187
5.1076495830829325 4.81160122010766
4.497203826904297 4.75508975982666
4.883516947428386 4.801853113007128
4.775679931640625 4.825221391157671
4.635425324135638 4.658724184389468
4.641178131103516 4.114095475938585
4.912134647369385 4.324331919352214
4.669464466183684 4.636531123408565
4.625058057831555 4.575960199883643
4.604371197455753 4.58441768132203
4.934432319972826 4.832336934407552
4.957603717672414 4.924121856689453
4.687153984518612 4.687153984518612
4.758481615643168 4.743724910894297
4.510131496853298 4.510131496853298
4.736273193359375 4.736273193359375
5.02149658203125 4.846160278320313
4.753422106726695 4.716777306476622
4.650444135273973 4.5893326822916665
4.598403518264358 4.590716850466844
4.821330710018382 4.789225876933396
5.013293722401494 5.013293722401494
4.776826081452547 4.776826081452547
4.594749204574093 4.594749204574093
4.944421207203584 4.944421207203584
4.67618490002819 4.67618490002819
4.768084241198255 4.7206289032359185
4.4768739465164815 4.4768739465164815
5.202213287353516 5.044081370035808
4.753214022008384 4.753214022008384
5.128883785671658 5.09789348098467
4.786263858570772 4.772783868963068
5.180571899414063 4.914802365186738
4.426483631134033 4.371241801493877
4.9087066650390625 4.756921583606351
5.742211235894097 4.86965983622783
5.306295955882353 5.306295955882353
4.570034408569336 4.570034408569336
4.936145305633545 4.7449766646984015
4.846892886691624 4.846892886691624
5.119415283203125 4.862301710175305
4.680714086158988 4.642248415479473
4.818222572063577 4.443207927953417
4.732292361375762 4.638173328746449
4.482031053112399 4.760396321614583
4.4275921412876675 4.390088722922585
4.826499575660343 4.7710407185104655
4.3929943508572045 4.639311790466309
4.551324197520381 4.622023582458496
4.991116545921148 4.991116545921148
5.070204648104581 4.743896082827919
4.918541499546596 4.9024607340494795
4.603735074129972 4.618965590295713
4.880086964574353 4.880086964574353
4.741285719313063 4.677323901926288
5.438404628208706 5.438404628208706
4.8585671817555145 4.822039136699602
4.78992919921875 4.75378890498992
4.495539439808239 4.409799349510063
4.914650364925987 4.914650364925987
4.760815630902301 4.760815630902301
4.643526485048492 4.637517532246225
5.196064540318081 5.158639008144163
5.030878067016602 5.030878067016602
5.198559231228298 5.0535646096254005
5.640255737304687 5.596582266000601
4.571584065755208 4.571584065755208
4.613557104970894 4.613557104970894
5.008994793069774 5.043782718846055
4.81310806274414 4.751134432279146
4.6939750671386715 4.742933146158854
5.426241193498884 5.2363232421875
4.6312255859375 4.597036903782895
4.5185495150291315 4.518806898889463
4.814554041082209 4.671164053457755
4.68961256377551 4.709372604949565
4.6392094694226 4.6392094694226
4.952581296021911 4.8587945432079085
4.958074396306818 4.942318115234375
5.1158619756283965 4.947079128689236
4.7661764030782585 4.7661764030782585
4.711339422997008 4.682476268095129
4.370527267456055 4.370527267456055
4.51084730360243 4.51084730360243
5.186030994762074 5.186030994762074
5.27577150785006 5.27577150785006
5.1031119210379465 5.1031119210379465
4.764394124348958 4.764394124348958
4.766842112821691 4.766842112821691
4.879127368592379 4.879127368592379
4.843311982996323 4.843311982996323
5.014956218440358 4.915555871051291
5.04579345703125 5.04579345703125
4.610098489900914 4.610098489900914
4.863063602657109 4.875359329522825
4.7262624104817705 4.7262624104817705
4.648847307477679 4.648847307477679
4.712399604992989 4.785027298272825
4.775663896040483 4.681437174479167
4.903270176478794 4.761392139253163
5.189655445240162 4.759766295716003
4.494194412231446 4.477118143221227
4.897625041457842 4.841579249647797
4.715626944482854 4.740774831464214
5.0405549745301945 4.961392271752451
5.051585388183594 4.9532105980849845
4.728424969841452 4.764502722937782
4.7896481949762 4.855705302470439
4.8009378926737325 4.850218552809495
4.870351267384959 4.80983928605622
4.803544998168945 4.811791461447011
4.765592413433527 4.765592413433527
4.774973993716032 4.765885473976673
5.232719930013021 4.947213979867788
4.761282920837402 4.752241654829546
5.7675628662109375 5.152127192570613
4.526515120166843 4.541719658430233
5.135337166164232 5.030068916186952
4.695898116262335 4.6619056162208015
4.936089409722222 4.936089409722222
5.179571097237723 5.098371887207032
4.470518112182617 4.470518112182617
4.61229808910473 4.735242266987646
4.630230712890625 4.630230712890625
4.5962939792209205 4.5962939792209205
5.144713846842448 4.996431827545166
4.799556671626984 4.799556671626984
4.524648781590813 4.547276194502667
4.757518567537007 4.884526494723647
4.903351493503736 4.903351493503736
5.719557020399305 5.2081146240234375
4.9331862990920605 4.874301817358994
4.788726388591609 4.788726388591609
4.82860107421875 4.795811749886775
4.654268499006305 4.654268499006305
4.740523900741186 4.704591704577934
4.861906869070871 4.916471407010958
4.739218319163603 4.739218319163603
4.752340316772461 4.752340316772461
4.687294006347656 4.693994547526041
4.778596801757812 4.633989606584821
4.647705471900202 4.647705471900202
4.87361692032724 4.87361692032724
4.5707416386567346 4.551035866808536
4.563620174632353 4.550299419620173
4.807719029017857 4.848602965637878
4.6297783484825725 4.6297783484825725
4.757370146194307 4.757370146194307
4.760444192325368 4.747355832891949
4.611879165563206 4.611879165563206
4.862263270786831 4.67550552100466
4.722126915341332 4.772096222522212
5.27487309773763 5.27487309773763
4.546085172086149 4.573586488381411
4.575363011036105 4.574201892671131
4.7358265752377715 4.7358265752377715
4.909599650989879 4.860475133676998
5.1562652587890625 4.656756930881077
4.885508510044643 4.885508510044643
4.8708250131180035 4.907863182357595
4.4624839315609055 4.460205078125
4.920924974524456 4.887596435546875
4.737978548616977 4.737978548616977
4.6985727945963545 4.662651011485927
4.688106455701463 4.647574742635091
4.581806051320043 4.648280288233901
4.660469301285282 4.660469301285282
4.89160041809082 4.717327325994318
4.650789291139633 4.650789291139633
4.747564935064935 4.834161735983455
4.764824918998304 4.744149477427243
4.6325352044753085 4.604773569915254
4.769306492161107 4.818492475762425
4.9555918375651045 4.647494147805607
4.691812515258789 4.665865005985383
4.821760050455729 4.6204274495442705
4.686392822265625 4.571536324240944
4.981595552884615 4.789640638563368
4.79490835016424 4.79490835016424
5.239330768585205 5.110398792085194
4.774829296355552 4.682752538610388
5.183858235677083 5.183858235677083
4.70410640656002 4.6193170627626055
4.785352481308804 4.785352481308804
4.782725226018846 4.796544295090896
4.5688902389171515 4.521588134765625
4.428430730646307 4.513803972516741
5.427757263183594 4.602559706744025
4.621714665339543 4.621714665339543
5.141495575775972 4.951261458858367
4.749180631817512 4.730329478870739
4.813198747306035 4.813198747306035
4.566053466796875 4.619130452473958
4.6036629861231 4.5867481128589525
5.1829469595382465 5.1829469595382465
4.877168406610903 5.044685229920504
4.551939122817096 4.523390526865043
4.904372796779725 4.864672721700465
5.378243079552283 5.378243079552283
5.147434234619141 5.071820940290179
4.700090311341366 4.614962455553886
5.235383987426758 5.18432403029057
4.77499075496898 4.768802897135417
4.721551445093048 4.721551445093048
5.023822925708912 4.998478005149147
5.471016517052283 5.471016517052283
4.942917058497299 4.89957275390625
4.667295183454241 4.692244096235796
4.930659207430753 4.805764334542411
5.020989022603849 4.914252702579942
4.829469160600142 4.8705491046516265
4.51725098797094 4.51725098797094
4.638524235905828 4.58949343363444
4.806164445548222 4.596332349275288
4.808374741498162 4.70324492872807
4.5203998272235575 4.5203998272235575
5.686228665438565 5.141136756310096
4.725080818965517 4.759098726160386
5.003758893694196 5.003758893694196
4.913821133700284 4.913821133700284
5.686228665438565 4.519480387369792
4.823526894173971 4.823526894173971
5.274405343191964 5.15312402898615
4.651851712740385 4.60111477500514
4.664408569335937 4.651820995189525
4.598772834329044 4.5340581929908605
4.4814308295815675 4.4814308295815675
4.667622477213541 4.667622477213541
4.9109448884662825 4.818506094125601
4.627001444498698 4.568877447219122
5.052397988059304 4.981560340294471
4.794480323791504 4.660754117098722
4.971079508463542 4.909652511794846
4.688636448072351 4.704038549352576
4.808334812973484 4.808334812973484
4.783304403116415 4.762658996582031
4.457577853732639 4.511613039626289
4.7004945336318595 4.643890935724432
4.9166741804643115 4.946121515012255
4.870344161987305 4.870344161987305
4.824052230171535 4.58795166015625
4.651319885253907 4.707116756799086
4.900983783560739 4.805068781346451
5.0588022867838545 5.025128173828125
4.647846402430008 4.629488977088112
4.8758628599105345 4.969747246636285
4.547437645923132 4.608413120485702
4.560521567740092 4.611138916015625
4.563526060523056 4.614409383138021
4.8575897216796875 4.7586221133961395
4.818566095261347 4.631850864576257
5.0462493896484375 5.0462493896484375
4.629325230916341 4.629325230916341
4.806560291963465 4.806560291963465
4.489090347290039 4.50045350540516
4.850504398345947 4.718162985409007
4.974341256277902 4.93409538269043
4.723499048536069 4.736474288137336
4.705188382056452 4.579815673828125
4.79158215645032 4.693180629185268
4.653841018676758 4.603311084565663
4.730864642417594 4.701696370442709
4.678513703522859 4.633886549207899
4.610134765625 4.601948582848837
4.617975015555863 4.5978486328125
4.875881195068359 4.764068603515625
5.3352587890625 5.20342754495555
4.877791976928711 4.819066173625442
4.717242291865458 4.717242291865458
4.626196074904057 4.626196074904057
5.6389241218566895 4.935306072235107
4.541142216435185 4.541142216435185
4.720075499336675 4.720075499336675
5.241506576538086 5.241506576538086
4.845210355870864 4.80870891067217
4.518175529711174 4.310353980874115
4.705027262369792 4.705027262369792
5.058455149332683 5.058455149332683
4.6976064046223955 4.674284991096048
5.633420671735491 4.747475306193034
4.478574454066265 4.574858566810345
5.633420671735491 4.686424842247596
4.812806384398206 4.812806384398206
4.703194754464286 4.694502160904255
5.273247612847222 5.146890947895665
4.828409729003906 4.823136465890067
4.695897985387732 4.695897985387732
4.955868857247489 4.865807705238217
4.841717451046675 4.633711272594976
4.581439971923828 4.578234593512604
4.897158304850261 4.897158304850261
4.620896890129842 4.417843773251488
5.284280081775701 5.245552131721565
4.960465221870236 4.665774345397949
5.15344897183505 4.816564877827962
4.708982948944947 4.706438182729535
4.892307705349392 4.892307705349392
4.956216746363147 4.956216746363147
4.55427360534668 4.55427360534668
4.468110457710598 4.478167724609375
4.959325617009943 4.852441323770059
4.664564062047888 4.664564062047888
4.580025868873074 4.580025868873074
4.874924232219827 4.874924232219827
4.796621322631836 4.796621322631836
4.591738493546195 4.592742004394531
4.682923012591423 4.682923012591423
4.662804685046325 4.662804685046325
4.664125569661459 4.621475434639085
5.122861360248766 4.992941654089726
4.650120915593328 4.433944979580966
5.783453941345215 4.722983224051339
4.769359138441382 4.750089518229166
4.650336198746019 4.635505422724698
4.48769920992564 4.4935488338358915
4.538934201610331 4.477406819661458
4.522980399753736 4.49433339436849
4.503436063243225 4.521881620762712
4.576617770724827 4.576617770724827
4.9332053892074095 4.90035202923943
5.268385800448331 4.95970344543457
4.4112792242141 4.4112792242141
4.660706763174019 4.4781951904296875
4.681597176244703 4.610186576843262
4.611824143100792 4.581311637972608
4.336386598186729 4.336386598186729
4.984769319233141 4.463693386170922
4.554270404461393 4.554270404461393
4.722818332248264 4.722818332248264
4.777305201480263 4.764649362275095
4.569556852357578 4.556011493389423
4.449314402110541 4.449314402110541
4.932865687779018 4.821723351111779
4.514381177497633 4.51595132657797
4.756564004080636 4.480564341825597
4.5569149897648735 4.5569149897648735
5.072351773579915 5.098978482759916
4.796375621448863 4.7574202219645185
4.783921718597412 4.7539794921875
4.295388016046262 4.249285611239347
4.587059176698023 4.563658482820085
4.652162063953488 4.639501718374399
4.861997839522688 4.819563828505479
5.517785505814985 4.860954284667969
4.9115450584282305 4.860006363665471
4.683836267349568 4.683836267349568
4.559796307538007 4.559796307538007
4.835954145951704 4.835954145951704
4.54779052734375 4.54779052734375
4.775642726732337 4.775642726732337
4.748540521978022 4.748540521978022
4.634388799252718 4.623444252825798
4.942286310969172 4.85231335957845
4.6492860375381095 4.640196814903846
4.538755260227959 4.538755260227959
4.492130279541016 4.55879152738131
5.625454493931362 5.337317572699653
4.657866044477983 4.640003797743056
4.910418701171875 4.863959418402778
4.61860498046875 4.609304078867738
4.773513626266312 4.7351726331208885
4.733279453234726 4.70954106928228
4.611110797507226 4.5895840919623945
4.58818599155971 4.58818599155971
4.686362070580051 4.686362070580051
4.744659879314366 4.679070271236796
4.518110795454546 4.494480133056641
4.772472497188684 4.698084662942326
4.771114148591694 4.7745766153140945
4.80676171875 4.720076920150162
4.924616350446429 4.769032323083212
4.957583669888771 4.8848474896143355
4.732083550814925 4.674274328983191
4.618124624399038 4.556889004177517
4.466030256122562 4.397198845358456
4.861000864129317 4.696272384288699
4.54446393492594 4.54446393492594
4.996073246002197 4.98324528446904
4.845015141001919 4.780441746567234
5.273897171020508 5.086887904575893
5.526067799535291 5.526067799535291
4.807175465119191 4.706140730116102
4.956464640299479 4.86952792896944
4.984931945800781 4.7922922770182295
4.9010804494222 4.83489990234375
4.81665531281502 4.8703795539008246
5.07577158610026 4.8996508198399695
4.561856981734155 4.561856981734155
4.558754249855324 4.518854836856618
4.579591422245421 4.579591422245421
4.539408180930398 4.517791230799788
4.698151270548503 4.698151270548503
4.90271980531754 5.017412821451823
5.070709228515625 4.705207061767578
4.562180582682291 4.5687665939331055
4.538117368778069 4.533129240337171
4.597984858921596 4.6014555061005975
4.549689446295892 4.549689446295892
4.474702702012173 4.43247816297743
4.926661524279364 4.86621814303928
4.5068137428977275 4.5068137428977275
4.672909992497142 4.594278508966619
4.822402622388757 4.712854385375977
4.953236974271617 4.885188855622944
4.712611607142857 4.712611607142857
5.085586021686423 4.920436185948989
4.971675221512958 4.870626596304087
4.829326782226563 4.830808477886652
4.699571591331845 4.71292372881356
4.575280531397405 4.584341430664063
4.552742405941612 4.470635223388672
4.6862779505112595 4.624554897876496
4.678844380822981 4.674928977272727
5.033246040344238 4.911083221435547
4.776653352330943 4.746530420639935
4.7307921515570746 4.709101924189815
4.955331873010706 4.8360029651272685
5.168893762536951 5.091806923470846
5.043732587028952 5.043732587028952
4.47049736254143 4.533782958984375
4.9276682535807295 4.833969996525691
4.564011134458392 4.5386505126953125
4.200783334127286 4.311298747639079
4.5007424656348896 4.483104617096657
4.684386513449929 4.684386513449929
4.658458772252818 4.658458772252818
4.653168067503511 4.593928789851641
5.180916468302409 5.002347506009615
4.610672172458693 4.59486233458227
4.841079400510204 4.841079400510204
4.909106983857996 4.909106983857996
4.803004030321465 4.735818398965372
4.811830373910757 4.7411470853365385
4.8914248046875 4.873358380353009
4.582337951660156 4.499902725219727
4.949830680057921 4.73617979537609
4.483480857236542 4.467091073235162
4.821237886868991 4.817537462389147
4.57505957760028 4.57505957760028
4.681972968869093 4.56930866647274
4.634867350260417 4.634867350260417
4.8610992431640625 4.8100876346711186
4.657516229348104 4.6478986740112305
5.087564150492351 5.087564150492351
5.005013602120536 4.912144131130642
4.709257902922453 4.500974572223166
4.762931934301404 4.762931934301404
4.512301870492789 4.512301870492789
4.878886413574219 4.878886413574219
4.648335423962823 4.58288087706635
4.560078761888587 4.582051086425781
4.651200794038319 4.465495215521918
4.5182650291313555 4.5182650291313555
4.740375021229619 4.659967651367188
4.6472159165602465 4.6472159165602465
5.294574991861979 4.727702870088465
4.770336228974012 4.770336228974012
5.305330276489258 5.305330276489258
4.9058481852213545 4.810122770421645
5.349573023178998 5.104896545410156
4.688886176215278 4.843902587890625
4.582996219230098 4.642560206422019
4.595899177320076 4.548232452778876
4.894616137975934 4.894616137975934
4.606193991268382 4.570896055640244
4.685941842886118 4.685941842886118
4.655389878356341 4.618355724299065
4.675445708469372 4.675445708469372
4.739120733542521 4.739120733542521
4.618441977519763 4.633576107721259
4.6358559348366475 4.62188720703125
4.543502281452048 4.661976959745763
4.674922001826299 4.661227756076389
4.772429174306441 4.772429174306441
4.544872339221015 4.534279239987864
4.650707143597899 4.652187660092213
5.268210601806641 3.9796038175884045
4.701341571229877 4.735749580490757
4.499827141309306 4.521290112567204
4.7382711707998855 4.702574603325497
4.8081784929547995 4.7963623046875
4.573582113224225 4.565021694106544
4.785159171895778 4.620960489908854
4.680802596242804 4.621535237630209
4.565560913085937 4.565884676846591
4.575578661387777 4.575578661387777
4.6702532560929 4.6891890914351855
4.935727437337239 4.805335747016655
4.494381675237341 4.494381675237341
4.660392967430321 4.660392967430321
4.518726437590843 4.558106705949113
4.754132102937734 4.7772551129578025
4.7943704683486725 4.7943704683486725
4.750623684484982 4.721129805953415
4.617207206418161 4.617207206418161
4.559935277822066 4.549143473307292
4.691880402741609 4.670983450753348
4.5370941162109375 4.549711681547619
4.4547382555509865 4.492863180649341
4.994880065917969 4.99693169994889
4.785112801244703 4.785112801244703
4.886223687065972 4.858254107306985
4.712386956735819 4.685628751429116
5.686228665438565 5.141136756310096
4.753286542683623 4.687478256225586
4.7897456728178875 4.7897456728178875
4.545628138950893 4.545628138950893
4.5889198996803975 4.590613996478873
4.649410792759487 4.608874381856715
4.467527289139597 4.467527289139597
4.594599609375 4.758417544157608
5.101352598608994 5.101352598608994
4.917820930480957 4.9187849934895835
4.9445628290591035 4.727534596512958
4.9155396355523004 4.895895706979852
4.660237057108275 4.660237057108275
4.83376964509796 4.784902764279306
4.553844983064676 4.615946230681046
4.561728387129934 4.554493565713206
5.02488852446934 4.770572385926178
4.6363440225290695 4.638641022063873
4.671550578899212 4.61483984375
4.642570726799242 4.691011316636029
4.795896659777003 4.673329479289505
4.835412089029948 4.55661672569183
4.608141730813419 4.636608547634548
4.657281104554522 4.620969121327657
4.738066779242621 4.67355947783499
4.373264813663984 4.373264813663984
4.669454907614087 4.669454907614087
4.89843381684402 4.842204374425552
4.987437656947544 4.987437656947544
5.160526275634766 4.978084309895833
4.740499580855918 4.726176798844538
5.340679284298059 5.22148340398615
4.745511655454282 4.68258478223663
4.695111955915179 4.695111955915179
4.88796869913737 4.88796869913737
4.748903644618704 4.748903644618704
4.86684859426398 4.86684859426398
4.860760857077206 4.860760857077206
4.693968148067079 4.693968148067079
4.761730659298781 4.773094069789833
4.900572364010028 4.824649251302083
4.884620971679688 4.879119355799788
4.631186136385289 4.673042385057471
4.614385986328125 4.718448736728766
4.883953387920673 4.861913507634943
4.571634670853112 4.557726678047471
4.511045373004416 4.490503629048665
4.699221365792411 4.6884138200666525
5.613987392849392 5.613987392849392
4.697866439819336 4.701087308217244
4.789729504707532 4.771220604978015
4.537080999006305 4.5184501953125
4.842240212180398 4.761495450647866
4.742647058823529 4.670390174502418
4.8856399123733105 4.8856399123733105
4.770615962513706 4.775140622241349
5.36935078014027 5.236809363731971
4.770890436252626 4.776613163768797
4.726034024866616 4.697609955409788
4.560301353489112 4.599404214810924
5.612190246582031 4.956216985529119
4.611837768554688 4.611837768554688
5.14664306640625 4.99141513600069
4.675948181152344 4.616227447009478
4.846091497512091 4.846091497512091
4.743294740334536 4.658621470133464
4.401214144123134 4.358004519813939
5.260055933243189 5.114526083303052
4.752231174045139 4.762150308360225
4.805019445586622 4.83492234173943
4.72780940843665 4.72780940843665
4.678573283743351 4.702458463757243
5.0218014448116985 5.000014415338411
4.748592419570752 4.694180758494251
4.701839640989142 4.675006103515625
5.293825785319011 4.661069064670139
4.632397590799535 4.603288922991071
5.0841390675511855 4.841909450954861
4.839748764038086 4.907407893690952
4.700172742207845 4.67768483347707
4.716249540254667 4.720795371315696
4.789983749389648 4.923599667019314
4.647313799176898 4.495705003004808
4.748681640625 4.666445255279541
4.766026372494905 4.790289037367877
4.561695701197574 4.547405800122894
5.085951232910157 5.03077907188266
5.1106133460998535 5.1106133460998535
4.665884644445712 4.606461588541666
4.7110167472593245 4.7110167472593245
4.606217025162338 4.588556562151227
4.683961348100142 4.687767430355675
4.4967221860532405 4.492947146189299
4.532381399054277 4.532381399054277
5.064845229640151 5.064845229640151
5.180877685546875 4.962619123787715
4.477277659406566 4.490195447065699
4.649068603515625 4.62627186494715
4.738523328626478 4.6914238562950725
5.3841774680397725 4.8697680305032165
4.76727294921875 4.7470786802230345
4.943974675358953 4.9007784756747155
4.976175242456897 4.951613696653451
4.908937581380209 4.915739681846217
4.970115839048874 4.999230100397478
4.728830437911184 4.728830437911184
4.596558062699589 4.596558062699589
4.960792092715993 4.960792092715993
5.824304754083807 5.146688153666835
4.704603794642857 4.704603794642857
4.567224934895833 4.567224934895833
4.70135007585798 4.392484029134114
4.726188312877309 4.664784749348958
4.647290508563702 4.647290508563702
4.419696593552493 4.420763517680921
4.7491181873139885 4.692815796941773
4.880381708559782 4.867708877778389
4.513698771848517 4.356177855073736
4.689325721518507 4.697273586107337
4.685159879117399 4.685159879117399
4.576372736150568 4.576372736150568
4.593630740517064 4.607869632908555
4.718825845157399 4.686610740951345
5.048828125 4.7199219923753
4.613318307059152 4.636058460582387
4.660814463663444 4.644321254916958
4.556406656901042 4.64230224609375
4.628976440429687 4.628976440429687
5.075885009765625 4.9930910382952005
4.68877291392131 4.661990483601888
5.272613906860352 4.744144757588704
4.67927720811632 4.67927720811632
5.723645296963778 5.001111666361491
4.650058186848958 4.600563049316406
4.788392639160156 4.779311180114746
4.6542481316460504 4.643163537466398
4.801252964564732 4.801252964564732
5.163302157787567 5.078231246383102
4.739217611459585 4.739217611459585
5.080761558131168 4.955964006696429
