4.893471927966102 4.918118214044045
4.7187355041503904 4.7187355041503904
4.669831010632049 4.676748911539714
4.935743001302083 4.935743001302083
4.802080917358398 4.777367523993446
4.713353937322443 4.675796357711943
4.6321423022778 4.608092535109747
4.5208610372340425 4.678453657362196
5.142460462782118 4.958874870749081
4.710333151895492 4.75983244243421
4.878980330838502 4.878980330838502
4.692602369520399 4.748434800368089
4.599524864783654 4.606979694772274
4.584302422140731 4.614851351983533
4.7408738878038195 4.6730072965327
4.512976315942141 4.571761807528409
4.954243442468476 4.834624550559304
4.84092176282728 4.809155433006536
4.745895009909945 4.732579077743902
4.7257145069263595 4.7257145069263595
4.797162617722603 4.850122522424768
5.1806458503969255 5.048244476318359
5.864721124822443 5.572560119628906
4.989968637319712 4.989968637319712
4.749336727781792 4.743407513462217
4.727045355902778 4.709763341670413
4.653505433280513 4.604878170389525
5.127282504377694 5.127282504377694
4.868094623952672 4.804489474826389
4.676662620054472 4.658396736520236
5.133209600681212 5.133209600681212
4.732183237544826 4.697445301527388
4.653505433280513 4.604878170389525
4.699043520035282 4.698744802763968
4.66978175951087 4.7069695391778135
4.862173036087391 4.862173036087391
4.857453696748131 4.8119803166043935
4.632297825168919 4.77151845296224
4.622751089242788 4.5377773161857355
4.755654278923483 4.755654278923483
4.762708955652574 4.653343071371822
4.715576842591003 4.746652221679687
4.748610409823331 4.725709666376528
5.2535687401181175 5.028627283432904
4.864431923314145 4.8521869365985575
4.505687081473214 4.534346935795803
4.9504651521381575 4.962070630944294
4.683658994477371 4.698826855952197
4.826352923103933 4.865231600674716
4.794613260618398 4.778628299110814
4.435374507197627 4.528636114937918
4.903357950846354 4.903357950846354
4.800536667091259 4.769917382134332
4.775837680749726 4.748811141304348
4.498415892151581 4.627863846425935
4.670290492957746 4.670290492957746
4.6600698617788465 4.670264089209402
4.742712178361526 4.719128838900862
4.683584640275186 4.672254240914677
4.778202681107954 4.778202681107954
4.631200974987399 4.663616496760671
4.862096296037946 4.862096296037946
4.775757171295502 4.806816711425781
4.58114506648137 4.631898557984984
4.677955796983507 4.677955796983507
4.845767974853516 4.845767974853516
4.669419978215144 4.711387005974265
4.67027345422196 4.701849437895275
5.191821474017519 5.122878592354911
4.735337702988537 4.735337702988537
4.611987995651533 4.6418044631545605
5.0328509990985575 4.908062205595129
4.747470996997975 4.747470996997975
4.719738047610047 4.670348824806584
4.562909844581117 4.5708984375
4.719046977028918 4.726172129313151
4.601491119902013 4.500364538741438
5.348899841308594 5.113696827607996
4.836770193917411 4.900744691187022
4.702513845343339 4.702513845343339
4.540768681740274 4.605973490168539
4.7686376953125 4.7686376953125
4.5192610217678935 4.515392146698416
4.612371790478801 4.659616910494291
4.547791854194973 4.495811794115149
4.659350757867518 4.659350757867518
4.892056551846591 4.512019437902114
4.704894194731841 4.566521199544271
4.790703062798567 4.792629515927141
4.86091423034668 4.86091423034668
4.765045166015625 4.674017099233774
4.858358963676121 4.7695742006655095
5.209738595145089 5.209738595145089
4.799164248184419 4.886922719527264
4.638279215494792 4.570186533826463
4.622326049804688 4.481756833520266
4.528222870408443 4.599865234375
4.993821577592329 5.105302509508635
4.503202601841518 4.588083751166045
4.554466051933093 4.572393188476562
5.194172450474331 4.973164277918198
4.627908909574468 4.536905561174665
4.612583478291829 4.544922174191942
4.698681539740444 4.7327740009014425
4.832251199861852 4.839097133902616
4.680870281874076 4.617846409918854
4.690477775804924 4.677675035264757
5.139123598734538 5.139123598734538
4.97737657701647 4.888203318526105
4.808331298828125 4.797528076171875
4.638508145771329 4.638508145771329
4.966541983864524 4.966541983864524
5.259435583043982 4.8403480931332235
4.742977781791907 4.796285922101919
4.824796142578125 4.782928631756757
4.808079707158076 4.808079707158076
5.4983344078063965 4.660459518432617
4.616955482796447 4.57216428360849
4.975643076795213 4.835895739103618
4.8530661843039775 4.8457924874775715
4.808079707158076 4.808079707158076
4.972441673278809 4.766055052307831
4.751123046875 4.687029597735164
4.549780643347538 4.567792802580988
5.110010419573102 4.9240644182477675
4.494198589204992 4.494198589204992
5.065088589986165 4.838711738586426
5.035780730070891 5.035780730070891
4.637830010775862 4.7324812897538715
5.068583504098361 5.004376960523201
4.764978582208807 4.764978582208807
4.6087015086206895 4.598979085286459
4.675187633883569 4.705267723570478
4.7428224736993965 4.682904538855088
4.477688876065341 4.47950439453125
5.092141856317935 4.924999095775463
4.405681501116072 4.4126730526194855
4.942951772404813 4.831147036345109
4.563155090924606 4.499090679621292
4.667038647096549 4.6581723998193025
5.03416261218843 4.81108881353022
4.8613840738932295 4.862533857237618
4.940525975720636 4.89344738375756
4.590333987505008 4.521144277041721
4.665233470775463 4.665574327647257
4.594816748775653 4.5989553192515435
4.6427246783412786 4.604549367804276
4.638188316708519 4.706070438508065
4.776301631221065 4.776301631221065
4.776301631221065 4.776301631221065
4.710886354799624 4.730654907226563
5.476021236843533 5.476021236843533
4.7437646484375 4.738767282586348
4.827363666735198 4.827572471217105
4.569571794782366 4.5560546875
4.569571794782366 4.5560546875
4.913626468542851 4.670135870212462
4.7435980224609375 4.7435980224609375
4.64009534395658 4.664964494662048
4.88204626134924 4.88204626134924
4.979555996981534 4.979555996981534
4.979555996981534 4.979555996981534
4.928188800811768 4.922576141357422
4.928188800811768 4.922576141357422
4.928188800811768 4.922576141357422
4.832107256043632 4.823760986328125
4.627486125077351 4.627486125077351
5.004212410219254 4.910466657366071
4.65535322825114 4.614250405320844
4.888453674316406 4.889741734095982
4.918263753255208 4.826299455430773
4.7919868469238285 4.883466547185725
4.709417006548713 4.657070159912109
4.73973289695946 4.689369533372962
4.561785611239347 4.603947091609873
5.038918289483762 4.98389398484003
4.7774523024591025 4.730893678303007
4.714870399152729 4.719346966659813
4.751809825067935 4.664149475097656
4.770546528830457 4.750110489282853
4.664288064707881 4.640543898491011
4.535992382018547 4.5324833984375
4.482636968773532 4.453994575588182
4.376786231994629 4.34769484576057
5.669774142178622 5.02751350402832
4.904422374253862 4.879203411063763
4.820678295732355 4.798708479925497
4.5323743318256575 4.5323743318256575
4.5162247124068235 4.562231766550164
4.594921264648438 4.6099747124068235
4.672985002106311 4.644732666015625
4.5629985249125875 4.583121793815889
4.590640049764555 4.587998801130589
4.993511697520381 4.993511697520381
5.114661322699653 4.970241345857319
4.334227561950684 4.426386814491422
4.7833900890131105 4.7833900890131105
4.712081204927885 4.6054847717285154
4.989214970515325 4.561511415423769
4.852908258852751 4.855476803249783
4.754684149050245 4.745179363500292
4.872247115425441 4.617005615234375
4.600816127232143 4.633421573339333
4.452960968017578 4.4214618389423075
4.798267711292613 4.71481205866887
4.8651407029893665 4.675242684104226
4.909831799958882 4.93537939453125
4.7543161651234565 4.756680477366728
4.738146015242035 4.738146015242035
4.915127922506893 4.838449800931491
4.79249636332194 4.897289674673507
4.627490997314453 4.593876732720269
4.367995834350586 4.367995834350586
4.820412886770148 4.820412886770148
4.755853925432477 4.764850963245738
4.820412886770148 4.820412886770148
4.755853925432477 4.764850963245738
4.779817853655134 4.7939131453230575
5.055031612001616 5.055031612001616
4.359529767717634 4.373223459618723
5.014033423529731 4.859908512660435
4.653969622672872 4.688650735994664
4.7229890643425705 4.647159764024078
4.83317232131958 4.805122658058449
4.711143230569774 4.5716103001644735
4.646289894797585 4.646289894797585
4.593160614712548 4.509821147303428
5.219332013811384 5.219332013811384
4.729548946307723 4.7066461472284224
4.699479675292968 4.540232849121094
5.3312589583858365 5.150705973307292
5.240186418805804 5.240186418805804
4.621996649380388 4.693797520228794
4.459415794437767 4.454547819544057
4.7545797708151225 4.783427133610111
4.839949480191929 4.806050176205843
4.614602351534193 4.742675103081597
4.5148558797715586 4.495376035391566
4.566099621000744 4.550275629216975
4.7896087204200635 4.7896087204200635
4.49404543922061 4.535148219058388
4.787006435109608 4.660623921976461
4.787006435109608 4.660623921976461
4.804287614493535 4.893177470222849
4.656895734261775 4.744043203500601
4.678130340576172 4.691523929294065
4.596496218726749 4.65496826171875
4.773526427566364 4.709555166739005
5.335074929630055 5.404716305616425
4.986892988096993 4.957282886170504
4.990883205247962 4.966717122395833
4.924931452824519 4.924931452824519
4.703035242417279 4.794145550644188
4.744630784254808 4.744630784254808
5.694684709821429 5.694684709821429
5.684678141276041 5.592278521993886
4.4939450123271 4.459137344360352
4.837424045138889 4.83029859893176
5.399753965180496 5.0513350168863935
4.914837230335582 4.717484537760416
4.804987641953931 4.58802700700431
4.736628497088397 4.736628497088397
4.781636307879192 4.799145582245617
4.95840412861592 4.974194481259301
5.074102301346628 4.854311892860814
5.639700571695964 5.639700571695964
5.639700571695964 5.639700571695964
4.60804038824037 4.630560874938965
4.883461127846928 4.925070680217979
4.792584288354013 4.924773198024482
5.027096121651786 4.604173331425108
5.027096121651786 4.604173331425108
4.6109977856016995 4.562535025856712
5.05985537442294 5.05985537442294
5.105719502766927 5.105719502766927
5.105719502766927 5.105719502766927
5.047209676106771 4.800458272298177
4.434303283691406 4.476817372081044
4.485450286031421 4.4778003188037365
4.837632797703598 4.779867107948561
4.866826940465857 4.803393363952637
4.585392878605769 4.585392878605769
5.116058894566128 4.414667825137868
4.737362997872489 4.734689681256404
4.6341106708233175 4.622984065565952
4.737362997872489 4.734689681256404
5.0008107060971465 4.9987548025030835
4.638186806126645 4.690378164316153
4.551050522748162 4.595533801663306
4.8846135293283774 4.578448955829327
4.6341106708233175 4.622984065565952
4.8211584323790015 4.846301912006579
4.9543113270025145 4.9543113270025145
4.473881648137019 4.460439046223958
4.7545759093086675 4.802783567513993
4.932958162747896 4.923733941439925
4.632571605925865 4.6724021218039775
4.726154119318182 4.689332619691506
4.715645316597465 4.62547216796875
4.787136554718018 4.775385076349432
4.500193641299293 4.545985769718252
5.0975238255092075 4.884879760742187
5.100098553825827 5.026746700971555
4.613011899201767 4.578774007161458
4.941712061564128 4.919595157398897
4.79219264610141 4.79219264610141
4.628484375 4.629633123224432
4.8808180588942305 4.831757958255597
4.833762809021832 4.833762809021832
5.085404459635416 4.839224957405253
4.885016123453776 4.622721354166667
4.684104790121822 4.546334994041313
5.213339764138927 4.864934781702553
5.986155192057292 5.409914099651834
4.522042962569225 4.509494075068721
4.96287669306216 4.82663415979456
4.646008943256579 4.646008943256579
4.753083970811632 4.731293049264462
4.7883552551269535 4.73394525246542
4.910493703988882 4.635310960852581
4.871077060699463 4.736874229029605
4.727869955341467 4.719383155906593
4.775424107142857 4.792603791065705
4.97485538404815 4.880305600969979
4.539276486351376 4.574123771823182
4.989098837209302 4.825328281947544
4.725369966947115 4.640094188933677
4.721912448689089 4.74789451656485
4.595984564887153 4.568778213189573
4.973063151041667 4.648701985677083
4.585365696957237 4.591739587616503
4.700594468550249 4.7638226133404356
4.5642480184865555 4.552449003179023
4.752693835599922 4.774624824523926
4.579606307180304 4.401666368756976
4.5517026727849785 4.6322820754278276
4.653643329326923 4.531539538675103
4.676941662299924 4.745179767850079
4.639647052959593 4.630209660184557
4.6470887033562915 4.734469157893483
4.66849422454834 4.481789298679518
4.612719384309288 4.601376778738839
4.706141880580357 4.7113391964934594
4.588835960210756 4.5842152721477
4.6527966951069075 4.732358628425045
4.784680003851232 4.741204975926599
4.688760322436952 4.786674050723805
4.720468568407799 4.743458775111607
5.791937255859375 5.617356835342035
4.529834273298817 4.529834273298817
4.863209533691406 4.978090335161258
5.026297569274902 4.679498944963727
4.546091715494792 4.5481592193851625
5.1775898933410645 5.1775898933410645
4.804962360306291 4.804962360306291
4.885357157389323 4.797338346155678
4.53415292593149 4.450944867050438
4.975338935852051 4.975338935852051
4.514209919147663 4.52346814744016
4.50137451171875 4.551501043911638
5.088035769578887 4.988452617938702
4.580397100033967 4.571546318117252
4.843714287940492 4.82250228582644
4.797003262284873 4.742209041819853
5.231796900431315 4.818467881944445
4.753731079101563 4.753731079101563
5.722397902916217 5.501194602564762
5.0953876126197075 5.069002859933036
4.998217636279845 4.998217636279845
5.2887013753255205 5.2887013753255205
4.616764775028935 4.565574951171875
4.768539200967817 4.754776449764476
4.605613794219628 4.642885809075342
4.832307815551758 4.813359116062974
4.824531710877711 4.673984261446221
4.630787531534831 4.429337010239109
4.705624728732639 4.692921956380208
4.605567215555939 4.594796271073191
4.684899296320922 4.53353859230324
4.644437539457071 4.706334476977323
4.536907468523298 4.608860041132036
4.708581739856351 4.717477321624756
4.584864637586805 4.577162219632056
4.589228618575866 4.5684326171875
4.6117598215738935 4.595937875600962
4.565700058109504 4.563229647549716
4.936587727864583 4.736087735138792
4.902069727579753 4.870560218547952
4.661780106393914 4.652255249023438
4.5040330354747855 4.495252254860386
4.910638046264649 4.708688446969697
4.590790779359879 4.614351606638418
4.864104843139648 4.84878412882487
4.726702690124512 4.726702690124512
4.70271728515625 4.780228809643817
4.597547496448864 4.619076787209024
4.567099253336589 4.627539861769903
4.5476382416073635 4.5507334833559785
4.6712292901400865 4.6712292901400865
4.709739379882812 4.5127172702696265
4.807067272709865 4.735888163248698
4.86359623500279 4.549744752076295
4.574533964458265 4.574533964458265
4.802278489332933 4.912289233917885
4.6574928977272725 4.48218042145735
4.6269815459506205 4.629672426165956
4.8294995896359705 4.826359189789871
4.861969549005682 4.881181817305715
4.734329501065341 4.787276480961772
4.6956892013549805 4.6956892013549805
4.821944115867077 4.88720703125
4.696578414351852 4.6857555300690406
4.807929144965278 4.751092159386837
4.890250069754464 4.7446434020996096
5.010580539703369 4.974524893411776
5.192801273230351 5.10675775437128
5.394857788085938 4.878721923828125
4.772347160007643 4.736937302809495
4.5577820808656755 4.537661182637117
4.656018425436581 4.656018425436581
4.830691092354911 4.830691092354911
4.679337565104166 4.679337565104166
4.634448581271702 4.690417890789128
4.664290980288857 4.623566394715797
4.856264287775213 4.856264287775213
4.73086869089227 4.559028732944542
4.89570058186849 4.81699613683364
4.823578530169548 4.823578530169548
4.749744960239956 4.749744960239956
4.6661718863028065 4.64563972719254
4.702943872522424 4.6882260230279735
4.66395738389757 4.587220191955566
4.741938077486479 4.73299560546875
4.813540776570638 4.780051465304393
4.767173929417387 4.736397963303786
4.930078125 4.8053843180338545
4.917026642830141 4.878118896484375
4.80638739403258 4.80638739403258
4.65203125 4.65203125
5.26880913811761 5.16854975773738
4.72203254699707 4.661451996349897
4.454201231611536 4.512530808221726
5.063417133532073 5.063417133532073
5.234908394191576 5.094700967111895
5.208202708851207 5.208202708851207
4.752486588118912 4.7650159470578455
4.709675885026397 4.69604688547252
4.876442898525281 4.875510886863426
4.517655975964605 4.517655975964605
4.99896240234375 4.705399222995924
4.619711624948602 4.593890179644574
4.85394287109375 4.805765937356388
4.524588818820018 4.524588818820018
4.960861629909939 4.716674239547165
4.628338623046875 4.628338623046875
5.277563985188802 4.811620297639267
4.656911779333044 4.656911779333044
4.795510653791757 4.879006893076795
4.895330429077148 4.807087198893229
4.823019152489778 4.713586359076161
4.785218556722005 4.785218556722005
4.818598066057477 4.799212137858073
4.769640922546387 4.769640922546387
4.525149230957031 4.525149230957031
4.50006103515625 4.287632111580141
4.62485974900266 4.4873636179956895
4.497779995787377 4.511051432291667
4.504128329725151 4.535856073552912
4.744350657743566 4.744350657743566
4.649239030464616 4.599363738415288
4.85237796490009 4.614864064686334
4.569060315583881 4.514362444196428
4.8052858625139505 4.8052858625139505
5.599206872888513 5.474122582412347
5.08335158404182 4.98782027395148
4.883688649823589 4.820713096941021
4.671695709228516 4.641237258911133
5.266995239257812 5.221171626338252
4.798051737122616 4.732974693423412
5.4602498593537705 5.301242351531982
4.611181640625 4.602979118441358
5.411537475585938 4.9958334786551335
4.69945329938616 4.69945329938616
4.962673302852746 4.962673302852746
4.640326138200431 4.64075181090716
4.778269593144806 4.7020093700553796
4.781084968048392 4.806793586575255
4.896637834821429 4.732672010149274
4.760399070945946 4.606495958693484
4.798137498938519 4.760921630859375
4.6418872701710665 4.624674479166667
4.7616931915283205 4.744086492629278
5.033423050590184 4.926058451334636
4.830295085906982 4.830295085906982
4.931083120950839 4.931083120950839
4.614503775069963 4.608651698320761
4.912363225763494 4.813958803812663
4.640663342598157 4.640663342598157
5.134513659354968 4.6628662109375
4.653469085693359 4.654457650533536
4.620307235356191 4.620307235356191
4.520590902376576 4.513834635416667
4.648387908935547 4.5759911630667895
4.855142211914062 4.855142211914062
4.753948974609375 4.649287782866379
4.7388238525390625 4.7388238525390625
4.700642578125 4.7097412109375
4.9656222159402414 4.744835930901605
4.323976215563323 4.323976215563323
4.686301549275716 4.658334055254536
5.077445602416992 5.1038022722516745
4.716285011985085 4.65568591702369
5.193550372945851 4.978480529785156
4.896822738647461 4.623886509945518
4.379999069940476 4.379999069940476
4.4163518941627355 4.4163518941627355
4.89743083232158 4.94377651593543
4.905076922792377 4.61130186568859
4.863655598958333 4.901622538663903
4.934833102756077 4.705686931368671
4.61376838684082 4.516896949624115
4.549280939875422 4.464281815748948
4.609130149663881 4.609130149663881
4.2084660249597885 4.2084660249597885
4.889931360880534 4.642451695033482
5.110342407226563 4.563722963686343
4.502272994429977 4.467953055245536
4.664557311760546 4.660545935997596
4.637948777940538 4.625152252532623
4.8917592366536455 4.8917592366536455
4.823042990944602 4.759584098026671
5.061758422851563 4.807898781516335
4.49260565575133 4.508686503425974
4.607476806640625 4.575577361674249
4.71932609126253 4.730029798533819
4.4972422530011436 4.505862337871663
4.7189486319558664 4.754158494878112
4.956222858834774 4.869333211658071
4.732110704694476 4.745715696420243
4.822467041015625 4.824371337890625
4.647752273914426 4.43707703707511
4.73257180918818 4.714035987854004
4.792604529339334 4.777857163373162
4.805354280291863 4.8524980545043945
4.940553937639509 4.7437010871039496
4.687452189127604 4.748375056340144
5.086165534125434 5.092990112304688
5.173606609476024 5.173606609476024
4.836558173684513 4.734720198834529
4.922812384528083 4.893173014322917
4.264665274784483 4.2300469183152725
4.677576361762153 4.708160400390625
4.731981549944196 4.738355489877554
5.383181120219984 5.383181120219984
4.776483535766602 4.677184210883246
4.995471607555043 4.995471607555043
4.606160158833498 4.605575787022783
4.762558815696023 4.762558815696023
5.1502789088657925 4.917697593814037
4.709684323041867 4.709684323041867
4.903602600097656 4.82896728515625
4.706678844633556 4.572389390733507
4.512128096360427 4.4566172938193045
4.978460424086627 4.978460424086627
4.469796316964286 4.456264166184414
4.551916307018649 4.43356440617488
4.885125411184211 4.818050500118371
4.706153869628906 4.4579620361328125
4.7572021484375 4.7572021484375
4.928097195095486 4.842678550912552
4.573485535460633 4.606893216646634
4.827023696899414 4.811673990885416
5.097215270996093 5.131978225708008
4.701021830240886 4.71332715905231
4.537498737203664 4.564120353536403
5.150651041666666 4.962322528545673
4.66606284087559 4.689216068812779
4.98110019459444 4.728092956542969
4.622049452383307 4.622049452383307
4.827781677246094 4.657320462740385
4.747101919991629 4.796945190429687
4.53506783878102 4.6103160769440406
4.641821610300164 4.532323258646419
4.650859400169137 4.677901611328125
4.817158443827025 4.691978226164858
4.555929067183514 4.609692695813301
4.885376654730903 4.885376654730903
4.436919181577621 4.428602710212629
4.67435359954834 4.5744476318359375
4.744352613176618 4.818747443121833
4.622174349698153 4.707137762331495
4.593441137531459 4.593441137531459
4.825059023770419 4.787239074707031
4.547884772805607 4.547884772805607
5.417604064941406 4.822072505950928
4.976429989463405 4.913994925362723
4.615420532226563 4.615420532226563
4.766836643218994 4.608044792624081
4.825059023770419 4.863435533311632
4.741280237833659 4.741280237833659
4.590830485026042 4.5479877178485575
4.870670318603516 4.953753662109375
4.813568522135417 4.81744384765625
4.547711027770483 4.554802003970816
4.9974508846507355 4.908009496228448
4.815279960632324 4.771473533228824
4.677762349446614 4.515190573299632
4.767755845013787 4.77901231920397
5.259605690285012 5.125804020808293
4.793420908402424 4.735603332519531
4.633408900669643 4.633796587382277
4.837944769090222 4.862402523265166
5.316039494105747 5.316039494105747
4.767236117658944 4.74007859870569
4.851083119710286 4.865995749449119
4.9634924600290695 4.845482078758446
4.480628331502278 4.516146659851074
4.717843448414522 4.701707219503012
4.977631487165179 4.885622714428192
5.488543861790707 5.3239593505859375
4.5325469970703125 4.520754539360435
4.561988624366554 4.5926024608123
5.394766235351563 5.204993438720703
4.741903577532087 4.595856104141626
4.877977689107259 4.738337023504849
5.007637813173491 5.0236653973979335
5.459969369988692 5.432787577311198
4.462968826293945 4.814153989156087
4.7905112818667765 4.6453630719866075
4.857567873868075 4.913796997070312
4.9156427001953125 4.566362934727823
4.604592323303223 4.570993134469697
4.76852915238361 4.784385551840572
4.49692457549426 4.50503599877451
5.121256510416667 5.121256510416667
4.370673179626465 4.350909985994038
4.9418385823567705 5.0771918663611775
4.952599566915761 4.890887260437012
4.546455162798049 4.548736397879464
4.915636467211174 4.702764695690524
4.713537428114149 4.839981491501267
5.3042755126953125 4.671338168057528
5.083268688571069 5.083268688571069
4.575570424397786 4.810738457573785
4.890424004916487 4.8695627848307295
4.77961021245912 4.564644662957442
4.655615997314453 4.573863289572976
4.931641896565755 4.939566040039063
5.351780231182392 4.966630374684053
4.682430770046027 4.7255868484724814
4.723404098343063 4.711497205369016
4.967915126255581 4.9335341915007564
4.6599555382361775 4.592967732747396
4.683006795247396 4.652392387390137
5.123734474182129 4.741558837890625
4.952258948123816 4.952258948123816
4.595461077008928 4.607898497849368
4.610630289713542 4.401749868241567
4.565643310546875 4.52969375238186
4.802677699497768 4.718831987523321
4.678660425646552 4.678660425646552
4.67616335550944 4.639136723109654
4.442680544969512 4.3794340504159175
4.824483235677083 4.794637258429276
4.760180096293604 4.742437877794252
4.737791597173455 4.620793224516369
4.747987634995404 4.840237559442935
4.7759380729831 4.7759380729831
4.352496807391827 4.402721296037947
4.932021179199219 4.667768138323644
4.72699853515625 4.678143887906461
5.285907745361328 4.686746016792629
4.704638278099798 4.693022971929506
4.779364013671875 4.746464029947917
4.67015853582644 4.498048570421007
4.561597926642305 4.590577697753906
4.63516650390625 4.65467823334854
4.778658185686384 4.746620255287247
4.906528049045139 4.834151120529961
4.521488405623526 4.566963775813231
4.4904361441115705 4.4325927734375
4.631943098461355 4.587307355261796
4.888883436048353 4.7166509758936215
4.905288314819336 4.6287355776186345
4.682893793633643 4.633783450071839
4.653748103550503 4.923265360169491
4.576726576861213 4.602197162175583
4.607215988803917 4.7401994232438565
4.696108521533613 4.768343052850566
5.433233049180773 4.910696105957031
4.6959644186085665 4.600285570549242
4.84672064530222 4.84672064530222
4.752953796386719 4.752953796386719
4.690737123842593 4.813040340647978
4.670253031962627 4.670253031962627
4.987184252057757 4.495436350504558
4.70615431841682 4.70615431841682
4.906376647949219 4.906376647949219
5.130128340287642 4.920160081651476
5.126060180664062 4.978293997342469
4.663849603562128 4.529447790694563
4.522255841423483 4.578073572229456
5.222489674886067 5.057011784733953
4.804482014973958 4.804482014973958
4.761539483220322 4.761539483220322
4.753980712890625 4.779038952242944
5.392618279708059 5.270020428825827
4.664898162192487 4.690708028859105
4.835853313577586 4.710230795185217
4.8777295280905335 4.843386332194011
4.782408974387429 4.782408974387429
4.580898920694987 4.44185395674272
4.964905116869056 4.964905116869056
4.805863580783876 4.805863580783876
4.8429324242376515 4.5529590475148165
4.5237591083233175 4.4716083984375
4.519210356135034 4.517987139813312
4.661138173696157 4.81808897506359
4.925081314579133 4.791757621017157
4.663564046223958 4.720175869493599
4.7086549322289155 4.6975258275082235
5.231670061747233 4.8709119908949905
4.629170558763587 4.680663650100295
4.5930313190240515 4.576866934232623
4.720909118652344 4.358418782552083
5.130527271943934 4.377353443818934
4.651795714051573 4.651795714051573
4.7674047076512895 4.7674047076512895
4.690706106332632 4.690706106332632
4.880210016006814 4.806771101351983
4.661593905362216 4.710781521267361
4.7978346688406805 4.880899752103366
4.634385608491444 4.495252938106142
5.045495840219351 4.5227046293370865
4.8598203305844905 4.891308952780331
4.651903374250545 4.612662228670987
4.6935681794819075 4.5692027022198936
4.664325040929458 4.664325040929458
4.551774135855741 4.540670058306525
5.239296913146973 5.239296913146973
5.0575532655458195 4.869167009989421
4.747942097981771 4.580596499972874
4.893381754557292 4.520525977725074
4.889867929311899 4.818365133033608
5.061131403996394 5.061131403996394
4.696151219057233 4.746065451882102
4.9634099160471274 4.884302400287829
4.57587397493274 4.57587397493274
5.030744199399595 4.9082538235572075
5.911354064941406 5.023160117013114
4.751012844509549 4.7518543590198865
4.722505296979632 4.722505296979632
4.597840742631392 4.602709231169327
6.0935312906901045 5.019407050554142
6.068446072665128 4.9801935995778726
4.586473374139695 4.513185158754006
4.585514250255766 4.43924042672822
4.6325807824599 4.676545390932579
4.917805638806573 4.796627468532986
5.244042460123698 4.652062200730847
4.674601660834418 4.705005900065104
4.7620154092478195 4.7460916633279915
4.561755241231715 4.561755241231715
4.754081420898437 4.754081420898437
5.20674669420397 4.961823045161733
4.801390100698002 4.698593282253943
4.614194715345228 4.5342472289419415
4.622032877604167 4.541522015582074
4.739609706548997 4.739609706548997
4.987280038686899 4.678358476240557
5.186787719726563 4.93981273754223
4.632861328125 4.5332701148056405
5.025374019847197 4.981018914116754
4.565253893534343 4.565253893534343
4.763130806587838 4.763130806587838
4.449060972045068 4.455979972050108
5.253114700317383 4.842884205005787
4.700594170148983 4.668103587870696
4.895728858741554 4.793719821506077
4.607533231694648 4.621732110846533
5.192394858912418 4.835764857700893
4.434458877101089 4.412856619698661
4.978771633572048 4.978771633572048
5.6368303298950195 5.043825966971261
5.140725355881911 4.819271511501736
4.649169228293679 4.609490787281709
4.968391155374461 4.881916364034017
4.82569761533995 4.812979840217753
5.204432896205357 4.800927854051777
4.658104024907594 4.658104024907594
4.6483129685924895 4.587273152669271
4.7788714454287575 4.569631525383142
4.414963820884967 4.5357107062088815
4.556362152099609 4.475281270345052
4.6447333441840275 4.564640329844916
4.662615226976799 4.5360521914354015
4.5158467089009084 4.53146041067023
4.844540405273437 4.7965087890625
4.86742673601423 4.845310756138393
4.947272777557373 4.5669989152388135
4.619257095756881 4.560087784476902
4.8418393816266745 4.8418393816266745
4.715882437569754 4.709179389767531
5.126693180629185 5.025213241577148
4.831818757233797 4.831818757233797
4.815853177584135 4.77804830799932
4.57824921189693 4.529034724001025
4.819820827907986 4.616541245404412
4.848499028369634 4.783188087352808
4.660993549185739 4.6179631413640205
5.175994873046875 5.175994873046875
5.436340967814128 5.436340967814128
5.00343994140625 4.957528114318848
5.64658949110243 5.588756306966146
4.68245849609375 4.68245849609375
4.630574346746056 4.629111350119651
4.962537921842982 4.962537921842982
4.805442603858742 4.86793687608507
4.719735952524038 4.694826451743522
5.236946832566034 4.946524271150914
4.630417041564256 4.610343513907967
4.484244283040365 4.4868139451549895
4.86789628571155 4.67250230577257
4.714416082974138 4.686556853395601
4.654968850482315 4.6334775149167235
4.957984924316406 4.954661917179189
4.932767347856001 4.812078687879774
5.113494873046875 4.793429352516352
4.804154829545454 4.750225275213068
4.917180977615655 4.790500525272254
4.657404932482489 4.654048718904194
4.544913095970676 4.574763997395833
5.189469837007069 5.019703991008255
5.314090183803013 5.314090183803013
5.02515140656502 5.02515140656502
5.098746890113468 4.95774016509185
5.362398147583008 5.204259938207166
4.891540010096663 4.841605050223214
4.959281489534198 4.947323390415737
5.106810740935496 4.9945518092105265
4.975210825602214 4.878753662109375
4.5685247941450635 4.425825727746842
4.845805528428819 4.786567008141244
4.684677525570518 4.684677525570518
4.684020148383246 4.684020148383246
4.537859464946546 4.451460702078683
4.879274590070858 4.800360543387277
4.88231762972745 4.803424337635869
5.078668447641226 4.673065740411932
4.490183449961656 4.490183449961656
4.663443671332465 4.749501741849459
4.691812242780413 4.684172005488954
5.257918106882196 5.225025721958706
5.0985634096207155 5.076244723412298
4.703213065011161 4.862451653731497
4.762709426879883 4.762709426879883
4.779840005410684 4.792317708333333
4.8059120616693605 4.770928016075721
4.714803388041835 4.713469996596828
4.660431495079627 4.610143590856482
4.809063207323306 4.810140516493056
4.981535131281072 4.83415052625868
4.726804363193796 4.654095793423587
5.933265262179905 4.654765319824219
4.495452098357371 4.489469202553353
5.075549581776494 4.916159009176587
4.750592278045358 4.704166855922965
5.1027702918419475 4.94512939453125
5.260109750848067 5.260109750848067
4.627360988307643 4.6813364231840096
4.538270280167863 4.780879429408482
4.652673669763513 4.619344339742289
4.73993444442749 4.5724287033081055
4.9547478460496475 4.767016288561699
4.690817761777052 4.664086630178052
4.554858233477618 4.513945248252467
5.019155883789063 4.890862813810023
4.7852944766773895 4.686774917795688
5.04082277086046 5.04082277086046
4.952859538875214 5.00645154587766
4.728354429587339 4.7000164031982425
4.932111896452357 4.6884527587890625
4.566396859975962 4.513587849022562
4.739978888095954 4.739978888095954
4.919572512308757 4.855253305008162
4.79863592918883 4.82489013671875
4.644951343536377 4.642865303235176
4.706167252337346 4.834315708705357
4.66255866156684 4.63397216796875
4.644877772177419 4.638347505773388
4.744002750941685 4.649919033050537
4.63668115234375 4.629305300505265
4.5166440691266745 4.52239674535291
4.824896065848214 4.836650376909234
4.599039582283266 4.599039582283266
4.699743124154898 4.612537073206019
4.720900491019275 4.676642107817293
4.612296646940494 4.643296269645468
4.947261735504749 4.559107506793478
4.550389099121094 4.644589793925383
5.0020500921433975 4.636615953947368
4.572638398857527 4.597028875026573
4.543690418061756 4.730501302083334
4.665151075883345 4.867726643880208
4.985980224609375 4.985980224609375
5.231670061747233 4.3027670118543835
4.729754638671875 4.729754638671875
4.929576873779297 4.854420381433823
4.522928195529514 4.489963732267681
5.013840060763889 4.849453852726863
4.626898466651119 4.625512147561098
4.59561767578125 4.577940199110243
4.628554077148437 4.661165049378301
4.609884293352971 4.46539306640625
4.679884387600806 4.665577689133121
4.754329204559326 4.754329204559326
4.6580305744830826 4.648456280048077
4.7452311455448974 4.8034219180836395
4.745455158290579 4.723873414855072
4.752637590680804 4.712782998121422
4.909423828125 4.9049061861905185
5.6135987501878 4.766248236762153
4.696266555786133 4.541463925032666
4.781750996907552 4.781750996907552
4.682810856745793 4.687697430046237
5.056368146623884 5.056368146623884
4.98452392578125 4.843507603236607
5.198698255750868 5.198698255750868
4.80431896707286 4.767383282001202
4.767615727015904 4.857650355288857
4.685479115631621 4.684725543645423
4.749397697029533 4.749397697029533
4.753722190856934 4.87652353140024
4.609930488500702 4.609930488500702
4.387257721464513 4.50192922569183
4.876814842224121 4.526689600061487
4.70432916088639 4.697563693947988
5.1407419840494795 4.965568542480469
4.603249461380477 4.603249461380477
4.6557159423828125 4.6329655801096274
4.661480447520381 4.6115962840892655
4.62450697157118 4.624119774070946
5.1246661561908144 5.1246661561908144
4.961672465006511 4.99091582602643
4.62660154577804 4.594365503880884
4.766944679054054 4.733987354096913
5.222613166360294 4.840832341326414
4.798779907226563 4.733180215913955
4.665732548154634 4.526206351615287
5.169801076253255 5.079476576585036
4.864224910736084 4.8486471737132355
4.756699286566841 4.723367479112413
4.958457946777344 4.754445283309273
5.618345896402995 4.890269946026546
4.878570556640625 4.888968281362248
4.537551153273809 4.523580522679571
5.0294189453125 4.873621463775635
5.112531621405419 5.112531621405419
4.721934442934782 4.658183850740132
4.483583286830357 4.484298286088016
4.439833207563921 4.3537886336043075
5.0498504638671875 4.695069037543403
4.803036604256466 4.8042457580566404
4.516335057848282 4.516335057848282
5.431365966796875 4.859306335449219
4.579812679650648 4.579812679650648
5.022838047572544 5.022838047572544
4.712237358093262 4.712237358093262
5.832556043352399 4.964669908796038
4.7821533985627 4.777276132621017
5.163585117885044 5.163585117885044
4.66548532679461 4.638343224158654
4.836502907492898 4.815135484331109
4.567370720629422 4.493885138095954
4.468803539610746 4.455758142952967
4.697080588038964 4.568593343098958
4.917953854515439 4.662322998046875
4.905785762902462 4.933929443359375
4.927340472186053 4.927340472186053
4.955250331333706 4.941977691650391
4.880932300121753 4.838062072068118
4.860904269748264 4.60363046746505
4.626575646033654 4.540946451822917
4.753339103098666 4.747286366150442
4.416167549465014 4.416167549465014
4.913285960321841 4.856435675370066
4.873260879516602 4.7228444417317705
4.562139511108398 4.696763392857143
4.854356384277343 4.4999755859375
4.898523504083807 4.794028091430664
4.910349970278532 4.812826717601103
5.048976017878606 4.825966655344203
4.641046833189985 4.632890402421652
4.960462733677455 4.857887727668486
4.497419811430431 4.459989898058833
4.499115743754823 4.444173844134221
4.501997582706404 4.4746689453125
4.6406199137369795 4.733592549308401
4.921035403297061 4.843171830610795
5.032044474283854 5.2457933927837175
4.548661723889802 4.530523376464844
4.876311271421371 4.797816578934833
4.506132888793945 4.512702595103871
4.714779376983643 4.698825215184411
4.6039308820452005 4.6039308820452005
4.697217794565054 4.684911446977956
4.973956298828125 4.885068062024239
4.751911836511948 4.6875356038411455
4.662532476731289 4.636869112650554
4.758216965366417 4.7460437350802955
4.621686662946429 4.851451564479518
4.640179346478175 4.617957481971154
4.604353071333052 4.532235810250947
5.034931640625 4.715069282345656
5.134327189127604 4.905344092327615
4.9024155075485645 4.832937961154514
4.680706602154356 4.658359054231296
4.628680813697077 4.602698802947998
4.4338734944661455 4.669682094029018
4.520662660951968 4.476751641912775
4.60475996428845 4.574971147017045
4.761192016601562 4.761192016601562
4.801939755394345 4.772980021539135
4.70868661063058 4.844018884607263
4.697703043619792 4.71293355650821
4.772671222686768 4.515404110863095
4.662066989474827 4.662066989474827
5.741203689575196 4.727409362792969
4.691413603633283 4.677028111049107
5.104542072002705 4.722567443847656
4.735477484545662 4.725425912552521
4.8213867914109 4.86339610110047
5.193137759254093 4.608833312988281
4.610804966517857 4.125714671855071
4.645618130701669 4.599585236802613
4.914458948537844 4.950607049660604
4.768533405504729 4.586350302659828
4.622276263530028 4.608024970634834
5.187527824850643 5.187527824850643
4.573298454284668 4.545708225197988
5.3842396129261365 5.344796829864759
4.73746074329723 4.559140523274739
4.87606689453125 4.636607134783709
4.659460391638414 4.581907573499177
5.055657876504434 5.055657876504434
4.774895503603179 4.703533074794671
4.601685135452835 4.544282058189655
4.5557066451671515 4.474384713680186
5.033572028664982 5.033572028664982
4.712336987520741 4.661673922498687
4.537898201778018 4.537898201778018
4.789328002929688 4.731564521789551
4.860441419813368 4.7225023634890295
4.573270944448618 4.562787867304104
4.644287109375 4.622200375511532
4.713452516488694 4.688996601880081
4.631589762369791 4.5804588188559325
5.3524059719509545 4.7023154296875
4.578886165175327 4.489690524428638
5.317614468661222 4.484751586914062
4.729455255399085 4.695750110554245
4.642687675280449 4.612614209437887
4.551801151072485 4.519859924316406
4.37330465113863 4.352456834581163
4.492693583170573 4.5019831503591226
4.570020827571903 4.504063958289639
4.425495288990162 4.479580349392361
4.612946082805765 4.809498378208706
5.5122934977213545 5.352118015289307
4.47696963223544 4.455813972317443
4.734970370205966 4.605349333389945
4.709357827396716 4.570489730426972
4.600024237149004 4.479328810566604
4.321208953857422 4.288789999605429
4.927408127557664 4.572910853794643
4.559718874667553 4.574710961078974
4.851328148032135 4.795166015625
4.720461142183554 4.6378527189555925
4.583816130264946 4.583816130264946
4.4319869752914185 4.472850854846015
4.966796439034598 4.865852149757179
4.552795106498756 4.552795106498756
5.027817221248851 4.6432639674136515
4.682366689046224 4.418259741554798
5.036597887674968 4.968938387357271
4.867108431729403 4.7266319861778845
4.684774107852225 4.656309027420847
4.365958531697591 4.328285338386657
4.552135909231086 4.554038414588342
4.704832894461496 4.6454689719460225
4.981785888671875 4.981785888671875
5.040637969970703 4.922674005681818
4.924004947437959 4.948465983072917
4.681023800011837 4.602078655573327
4.643383026123047 4.643383026123047
4.778790098248106 4.749841190078883
4.584400258165725 4.569246145395132
4.41824704124814 4.41824704124814
4.704696163054435 4.704696163054435
4.5982323304854615 4.601793873066804
5.0325512356228295 4.8664647662450395
4.6321211101628155 4.613161391106205
4.519033238507699 4.489180443992077
4.547782897949219 4.547782897949219
5.043780240145597 4.853100516579368
4.673901229254944 4.624736901485559
4.947385787963867 4.722314100999099
4.643672466278076 4.664019089969084
4.6916246916118425 4.710423233485458
4.711497789018609 4.708419224001327
4.620691266741072 4.604636421416725
4.619592559471559 4.638822828020368
4.76326553135702 4.7142108075030436
4.756383923516757 4.652250162760416
4.480067389351981 4.454656666722791
4.781344991334727 4.532188733418782
4.852418557191506 4.66067834802576
4.80350634765625 4.758755942647771
4.672290910993303 4.571375137720352
4.934734598795573 4.866423252650669
4.597231547037761 4.582886872468172
4.509126790364584 4.393715244949243
4.3834678248355265 4.433024223277111
4.847071687940141 4.768075171937334
4.567239118303571 4.603179194501057
4.62127920297476 4.62127920297476
4.77983294792895 4.790074908544147
5.221550319505774 5.18471837926794
5.060769888070913 5.060769888070913
4.756151603929924 4.595508922230113
4.94958005632673 4.731055681095567
4.896701388888889 4.44722891212406
4.75847025120512 4.738301595052083
4.707505659623579 4.494832099238528
4.9569986131456165 4.751482391357422
4.63000945006909 4.703796029788012
4.565308747468172 4.618117823745266
4.6581552734375 4.6399901052000665
4.793603321862599 4.75279395260028
4.890966796875 4.857125600179036
4.984242248535156 4.7417801145523315
5.0041070417924365 4.902943420410156
4.538399251302083 4.523169732862903
4.553330724379595 4.605038465957296
4.553957248263889 4.533661007417315
4.556502594964664 4.549645353618421
4.564610435849144 4.547159174437164
4.97169670691857 4.745580618722098
4.380807650291313 4.450687361352237
4.715978482874428 4.647303494540128
4.691653442382813 4.508596884237753
4.905771503011689 4.9281941434762775
4.712947450835129 4.6358994109721126
5.098695755004883 4.949669781853171
4.805013020833333 4.805013020833333
4.821957756491268 4.821957756491268
4.6505043723366475 4.614291054861886
4.572744187276075 4.6415464227849785
4.846758270263672 4.846758270263672
4.690374814547026 4.617361450195313
4.733379976249036 4.731852099882158
4.911936220915421 4.911936220915421
4.602015269886364 4.533680976191653
4.813734498742509 4.568265391662058
4.843766712007069 4.843766712007069
5.154112785093246 5.154112785093246
5.207750822368421 4.931231794686153
4.751506581025965 4.605486128065321
4.81494140625 4.87575178879958
4.5600830078125 4.5600830078125
4.282562255859375 4.227321624755859
4.394797691932092 4.443361866230867
4.651322120843932 4.651322120843932
4.651476843882415 4.622744242350261
4.644082058681531 4.666486422220866
5.180429077148437 4.966673879912405
4.561944939108455 4.530927336617802
4.82284938698948 4.82284938698948
4.912008497450087 4.77325334220097
4.609644669752854 4.763623918805804
4.76535094018076 4.7326812744140625
4.8351549598259655 4.8090869140625
4.591549827938988 4.591549827938988
4.83024757786801 4.559544438901155
4.503207284432871 4.515261656485948
4.935464242788462 4.818439483642578
4.600507279516945 4.657884724934896
4.858121789020041 4.701963454026442
4.778219254290471 4.678783039470296
5.027432181618431 4.998658987192007
4.61095287181713 4.604457600911458
5.271105346679687 5.053013981999578
4.902471081963901 4.499042857776988
4.914543151855469 4.6674448649088545
4.737120643028846 4.587575812088816
4.481640984030331 4.520439734825721
4.860620351938101 4.71087646484375
4.639201197130927 4.473352136746259
4.571941669170673 4.560667432044164
4.905652727399554 4.768876598727319
4.539252846927966 4.595407625524009
4.765113343583777 4.770339439655173
4.720926724947416 4.5869737990359045
5.546254591508345 4.95335038503011
4.7902575041118425 4.709560818142361
5.449839274088542 5.201783423330269
4.981861877441406 4.942412505278716
5.110293960571289 4.778607087976792
4.6590831667877906 4.548279308881916
4.637402138013519 4.626731453361092
4.53534910413954 4.468213131553249
4.89910424273947 4.875907976602771
4.678096340013587 4.758401424326795
4.700066996729651 4.7056951349431815
4.726617369988952 4.769081293150436
4.685983511117788 4.690072646163439
4.748358493381076 4.718388009578623
4.610262699054119 4.617281954405738
4.740744454520089 4.551587748731303
4.83641278302228 4.7017541700793855
4.691595583545919 4.705111772586138
4.750555481573548 4.805101514696242
4.695605653705019 4.695605653705019
4.6556976996527775 4.6556976996527775
5.4378831045968195 4.8119049072265625
4.673689408735796 4.671844912246919
4.47201560361542 4.475197412634409
4.692237854003906 4.643914058290679
4.70581538502763 4.701534578169899
4.558901618508732 4.660453186035157
4.772807841398278 4.696353426846591
4.667880964867862 4.631136517192042
4.607973699700342 4.616223407048051
4.556812267013008 4.646154203869048
4.6843396976713985 4.687495035417912
4.970157199435764 4.862385559082031
4.532840126439145 4.601831609552557
4.6499951951047205 4.387932288128397
4.53501152269768 4.574677094959077
4.7430808327414775 4.765202144924685
4.88788056709397 4.81675770518544
4.624313816879734 4.626806188512732
4.619706058915043 4.604348647534548
4.553262710571289 4.551524529090295
4.6492635792699355 4.65406010774958
4.655165100097657 4.496952488111413
4.468556614925987 4.459311259161566
4.954162905914615 4.856178283691406
4.751005326194325 4.767039686146349
4.956860430828937 4.803110283111858
4.6967892267007745 4.612759888627147
5.6368303298950195 5.1223388671875
4.7371935488572765 4.71038018588362
4.791948885531039 4.772698653371711
4.582980155944824 4.461422526041667
4.615120286207933 4.605339668892525
4.707838104992378 4.646760940551758
4.587749716676312 4.511569023132324
4.644431774432842 4.58587646484375
4.903315589541481 4.984015782674153
4.8029423083289196 4.798657417297363
4.780145645141602 4.660111525963092
4.893438634738116 4.923342104311343
4.6524420403814934 4.725528048485825
4.820719614078861 4.785394577752976
4.559585962540064 4.542502361795177
4.563605999124461 4.581121700326192
5.0605385520241475 4.953740613213901
4.606512965926205 4.676232379415761
4.683013068305121 4.681007074554581
4.607043519312022 4.636051466485031
4.732739506935586 4.555079604640151
4.775391006469727 4.506466612523916
4.470359155687235 4.415697599712171
4.613469185589029 4.6058416193181815
4.544179455987338 4.499125023410745
4.442462343158144 4.62558075875947
4.690945923783397 4.629933894230769
4.975674947102864 4.975674947102864
4.78752845941588 4.704865365658167
5.129891095842634 4.841061546688988
4.708560534301234 4.716041754099948
5.370510216915246 5.370510216915246
4.724303075872316 4.724303075872316
4.748932410930765 4.701422578545027
4.7265508742559526 4.873896672175481
4.809890961982835 4.834416157490498
4.671777149987599 4.657255970348011
4.962660789489746 4.962660789489746
4.730525319169208 4.738315879875887
4.769338428730867 4.828291067386263
4.874950609709087 4.843335783883427
4.7989152272542315 4.455881370688385
4.63378056393394 4.6335296630859375
4.798623972925647 4.650450788225446
4.9404246012369795 4.840399605887277
4.530411679520566 4.530411679520566
4.477047602335612 4.409200930127911
4.706997531277317 4.706997531277317
4.178726741245815 3.9361614651150174
4.687606029021434 4.741752544202303
4.784559741462629 4.781828227796052
4.569874730603448 4.54778437651405
4.799839414399246 4.813538551330566
4.771556854248047 4.726401304587339
4.864549473353795 4.864549473353795
4.800552906709559 4.798079972414627
5.120148036790931 4.941577542212702
4.814649678893009 4.835912714149746
4.850185818142361 4.892392085148738
4.544061503279099 4.549155759604979
5.516031742095947 4.797550946816631
4.606771741594587 4.642588555058347
5.0199110848563055 4.9687558437915555
4.7113363331761855 4.603827311197917
4.771590096609933 4.686216101182246
4.786998291015625 4.786998291015625
4.45339364716501 4.384182400173611
5.1386427037856155 5.17530029296875
4.787493387858073 4.673123359680176
4.789524623325893 4.655301180752841
4.652438045887465 4.668809066280242
4.6600008484319595 4.6599447171982025
5.042290127154478 5.018919991974784
4.802437640250997 4.802437640250997
4.747891643854577 4.753437715418198
4.969416663760231 4.840105448683647
4.612521263860887 4.616431245349703
5.08731689453125 5.017647743225098
4.910008128096417 4.684395455025338
4.7676115215949295 4.599247666655994
4.74729723808093 4.74729723808093
5.135006297718395 4.775155930292039
4.684306074933308 4.571005558622057
4.774206252325149 4.841011047363281
5.084907955593533 4.620846617455576
4.57330782119542 4.621580560523343
5.09147233229417 5.09147233229417
5.043023681640625 4.5426788330078125
4.669982471054406 4.683689800061678
4.686515432889344 4.614478011157631
4.5955457185444075 4.568092920446909
4.778361002604167 4.720419370211088
4.494211922704646 4.466617942875267
4.520897425518135 4.501373430365297
4.876921220259233 4.918582838408801
4.557963053385417 4.511461530412946
4.487433231238163 4.487433231238163
4.649938209769652 4.577705460365372
4.528163364955357 4.526996446692425
4.572502681187221 4.231351216634114
5.057308556898585 5.057308556898585
4.934053693498884 4.755576841292843
5.001780727453399 4.884742999898976
4.832590857217478 4.712041723819179
4.806355794270833 4.753627611243206
4.741358901515151 4.741358901515151
4.596599469866072 4.625228254762415
4.941021189970129 4.932336807250977
5.508246994018554 4.8586217486669145
4.704204358552632 4.704204358552632
4.5557961765723896 4.5557961765723896
5.234994070870536 4.708479745047433
4.794721188752548 4.741394896607299
4.641146752142137 4.615839451919367
4.445163091023763 4.385683076875704
4.7070534446022725 4.70963786419173
4.777341554490782 4.7430061297228105
4.598062411221591 4.693895612444196
4.693676121426985 4.693676121426985
4.664721089024698 4.664721089024698
4.56845202746692 4.619637324892241
4.653705503882431 4.597947184244791
4.718816656815378 4.673005639052972
5.179412841796875 4.785669377419801
4.659230475878194 4.659230475878194
4.672129911534927 4.641706074753853
4.653432745682566 4.653432745682566
4.641722144150153 4.684990234375
5.028697902873411 5.044095656451057
4.678307111873183 4.686464197495404
5.1466803117231885 4.687309852013221
4.643409103643699 4.619817602725429
5.1466803117231885 4.687309852013221
4.694382105118189 4.694382105118189
4.728098966637436 4.642504705899004
4.72115099107897 4.816342537863212
4.7318620681762695 4.805452619280134
5.241049993605841 5.0649609375
4.670443811149241 4.589450733081715
5.041138679750504 4.998186819893974
