3.3698886235555015 2.8067935446034307
2.8695279289694393 2.7172295065487133
3.3698886235555015 3.3698886235555015
3.0751866550310285 3.0548091606805787
3.102981765548904 3.082885177047164
4.547168731689453 2.9150959361683237
2.974667957850865 2.925487756729126
3.3698886235555015 3.3921154022216795
3.4011151240422177 3.3502404349190846
3.643042130903764 3.444331850324358
2.9993496704101563 2.9456520080566406
3.005875374506978 3.0011236281622025
2.7168247617524246 2.716754977985964
2.931460173233696 2.916777007433833
3.0130588428394214 2.910276730855306
3.785950183868408 3.405824221097506
2.794522372159091 2.7821495056152346
3.005690002441406 2.9660837650299072
3.8633836315524195 3.744325474330357
3.3641055879138766 3.1923863337590146
2.9555812737880607 2.9455692291259767
3.715577584725839 3.264095730251736
3.9472334725516185 2.959660121372768
2.937007359095982 2.9150848388671875
3.4878734241832388 3.2645833333333334
3.192313454367898 3.1833744049072266
3.3184547424316406 3.2998312872809334
3.9604857308523997 3.9604857308523997
2.686551557268415 2.5622295673076922
2.805445671081543 2.798210375236742
4.336127281188965 3.016689724392361
2.8995365750962407 2.889742999009683
2.787307326858108 2.7714641901451773
3.1209859074773014 3.076150475478754
2.661591610666049 2.660658772786458
2.8794009560032894 2.856500716436477
2.8720999191056436 2.8662556542290583
2.773566246032715 2.773566246032715
2.8711521751002262 2.8711521751002262
3.127786134418688 2.908783451203377
3.9414258003234863 3.503125704251803
3.6625573900010853 3.4197190602620444
3.7769100666046143 3.3609096820537863
2.8711521751002262 2.6409663609095984
4.383099555969238 3.3512373893491683
4.3803627707741475 3.053682861328125
3.0184182559742645 3.0184182559742645
4.02169189453125 2.976318091676946
5.192421468098958 4.48476741624915
3.1043069773706895 2.83537518536603
3.3698886235555015 3.3698886235555015
3.0128297351655506 2.9189840463491588
3.3698886235555015 2.6041585884842218
3.0428609433381455 2.8033061981201173
4.155267079671224 3.9472334725516185
3.593062973022461 2.80241951575646
4.316697692871093 4.093441327412923
3.991461048955503 3.6656341552734375
6.103020804268973 4.945506731669108
3.020418340509588 2.999899491019871
4.611583094443044 4.428386143275669
3.2540979385375977 3.071471675749748
2.9900999677942153 2.8965027372715837
2.7540545317292944 2.7547771174733233
2.8323637309827303 2.833811131106714
2.7236173387984155 2.7187305607207835
2.9318808697639627 2.9160511291104982
3.1263302889737217 2.856500716436477
2.7266717726184475 2.630657817042151
3.0618752872242645 3.009061879125135
2.9900999677942153 2.756879638671875
2.5544607979910716 2.556481037664851
3.1554794311523438 2.7491894283810177
2.549506333295037 2.5498211200420675
2.8206847054617747 2.7472734723772323
3.2645833333333334 3.0139621098836265
3.3096555982317244 2.853562638566301
3.937519073486328 3.758918489728655
3.3247722278941763 3.0042404174804687
3.296018747182993 3.0936815598431755
4.092738850911458 3.639521105536099
3.380735609266493 2.754130686361959
3.2170573319538986 3.1856163094896788
2.92593752682864 2.899169619720761
4.234106063842773 4.051968892415364
3.7169169550356655 3.3277760041065707
3.1266422271728516 3.0805862971714566
3.037713187081473 2.932981654575893
3.0983269585503472 3.0106903651975236
2.779906661422164 2.686551557268415
4.190535227457683 3.370295933314732
2.8358802795410156 2.8358802795410156
2.9624553479646383 2.6109361039831285
2.686551557268415 2.6423075606183306
2.8669664655412945 2.827508108956473
2.765496826171875 2.762415354837201
3.444331850324358 3.343252658843994
3.631212694891568 3.4355155326224662
2.58011711968316 2.5767603556315106
2.8308849869487442 2.8098536128491425
3.7267859674269155 3.523680858122997
3.3698886235555015 3.071347323330966
4.134305136544364 3.6797447204589844
3.2591016557481556 3.1558630807059154
2.909389993418818 2.7798368665907116
2.958317806846217 2.936229139271349
2.9027181772085338 2.745084654610112
2.8952570206079726 2.877198382121761
2.933622952165275 2.766425132751465
2.8119850970329123 2.803982603783701
3.26954863792242 2.962628776644483
3.0470749122509058 2.945492071854441
2.955729054880666 2.936496619022254
3.147772780987395 3.118846983421506
5.454020182291667 5.139772687639509
2.9928383567116477 2.961012500827595
3.1541878304830413 3.1541878304830413
2.9663698296797905 2.9555812737880607
3.0335146033245586 2.933622952165275
3.1502791184645433 3.044730446555398
3.3042663998074002 3.1717279607599433
3.6625573900010853 3.3096555982317244
3.256938430498231 3.2477349175347223
2.9456520080566406 2.9052325833228325
3.4879593319363065 3.31644023548473
2.7989724477132163 2.77314965199616
3.186610698699951 3.066651725769043
3.4687066078186035 2.720380859375
3.611218119776526 3.545420545212766
3.3072106255425346 3.0174453170211226
5.435995248647837 4.708329853258635
4.0809429713657925 3.050189208984375
3.9261651611328126 3.5815933582394623
3.391421454293387 3.269200219048394
3.4878734241832388 3.4197190602620444
3.3698886235555015 3.3698886235555015
3.8768223353794644 3.075725809733073
3.185955047607422 3.168941995371943
3.045356288100734 3.0274978637695313
3.676407708062066 3.1543603194387337
4.267530822753907 2.854479719952839
4.208420889718192 2.7412567138671875
2.845356920030382 2.7412567138671875
2.999899491019871 2.8736705780029297
3.3698886235555015 3.2657579694475447
3.066651725769043 3.066651725769043
3.3698886235555015 2.598071980026533
3.2330372661625573 3.200063423488451
3.505509009728065 3.505509009728065
3.860571119520399 3.761920166015625
3.1857387836162863 3.0509425571986606
3.2540979385375977 3.071471675749748
3.3698886235555015 3.071347323330966
3.0090063589590565 3.0090063589590565
2.7559922015080685 2.7412567138671875
3.3871870963804183 3.1912618237872454
2.9438887532552083 2.917673369984568
2.7926889579986858 2.776458235811596
3.031720878664127 3.02153662109375
3.027301450318928 2.999301686006434
3.1984270881204044 3.1383094787597656
3.293759028116862 2.8501564799875454
3.066523058661099 2.8582684993743896
4.919968668619791 4.140680541992188
3.462189038594564 3.100921630859375
2.8806411534139555 2.8437856651214233
5.081627478966346 4.324463980538504
3.237896591869753 3.1130099009318526
2.960580322265625 2.9449914917910007
3.0908612060546874 3.0353176073096266
4.48978017171224 3.0696387954905062
2.959660121372768 2.7472734723772323
3.0100327788806354 2.927039010184152
3.6797447204589844 3.310001172517475
3.5483341217041016 3.1984270881204044
3.88820563422309 3.7232596657492896
3.1362664699554443 2.700507585392442
2.8514005220853367 2.80731201171875
4.225716484917535 3.793416536771334
3.066399892171224 2.9879188537597656
3.643042130903764 3.643042130903764
5.373038844058388 5.174879528227306
3.2700963513604524 3.247797393798828
3.5134260995047435 3.056733661227756
2.8695279289694393 2.749879754107931
3.882824617273667 3.5128948974609373
3.0106903651975236 3.0106903651975236
5.484772576226129 4.187612433182566
3.073579788208008 2.89432250128852
4.102692237267127 3.934278869628906
3.224626064300537 3.188941282384536
3.7902300357818604 3.262629191080729
2.8694997151692707 2.8537398307554183
2.909389993418818 2.8785369873046873
4.240927378336589 3.5976909001668296
2.6979360078510486 2.686671665736607
3.277226765950521 2.9161758422851562
3.275815602895376 3.0696599786931817
5.448001861572266 4.523786272321429
4.093441327412923 4.093441327412923
3.7328785982998935 3.42153263092041
3.9472334725516185 2.988438034057617
3.443405498157848 3.0936815598431755
3.1173681961862663 3.1040369669596353
3.4894693665585277 3.3969596748921407
3.1358143199573862 2.9464951459099264
3.5586776733398438 2.7161876537181713
3.9182811313205295 3.728486494584517
3.6717212818287037 3.5275428967598157
4.190889798677885 3.5853782322095786
2.7640875614050664 2.7472734723772323
3.041694164276123 2.912933894566127
3.8633836315524195 3.375963800603693
2.9625906944274902 2.923453630719866
3.093702090683804 3.00825026055344
3.3698886235555015 2.740446682634025
2.9408518997664306 2.915209521044482
3.127786134418688 3.101283836364746
2.9192481268019903 2.7201421032213187
2.717664776426373 2.7210260009765626
3.3698886235555015 3.071347323330966
2.875506301153274 2.8626202966412926
2.8869319106593276 2.8775100708007812
3.3698886235555015 2.903989455279182
3.3698886235555015 3.3921154022216795
3.225062052408854 3.225062052408854
2.9473653940054088 2.760284949993265
3.480233913514672 3.418409898546007
2.7497365012097714 2.746165507548564
3.803042996314264 3.703840855189732
3.4329973418137123 3.245228107158954
3.7857581605302526 3.5826753315172697
3.8693036679868347 3.6656341552734375
3.1236385345458983 2.827508108956473
3.055340106670673 2.948816132127193
4.744893646240234 4.476818402608235
3.5217900131687974 3.2576751708984375
3.0139621098836265 3.0139621098836265
3.0398645708637853 3.004621617934283
3.882824617273667 3.298260313091856
3.303729248046875 3.186885318240604
3.035283908038072 3.0050082516360592
3.790234120686849 3.0561734713040867
3.1554794311523438 3.0482523441314697
3.1012415268841913 3.0901538366558907
2.938151561430771 2.9289446210527754
2.6651658403112535 2.5294149647588315
3.3698886235555015 3.071347323330966
3.747884750366211 3.6675796508789062
4.613720703125 3.8412482079039227
3.8713043876316235 3.6530435496363145
3.3698886235555015 3.3921154022216795
4.093441327412923 3.4878734241832388
3.7446131302138506 3.668514675564236
3.0619747455303488 3.0475746437355324
2.8916315598921343 2.877532958984375
3.435427643531977 3.435427643531977
3.4180881894867996 3.3406052589416504
3.495847865513393 3.368833674940952
3.691004435221354 3.372823378619026
2.920729573567708 2.8233617146809897
3.747711420059204 3.333996213715652
4.3845415115356445 3.8796205520629883
3.73482929576527 3.73482929576527
4.703281749378551 4.382844034830729
3.944659423828125 3.5989169166201638
3.186610698699951 2.906147134715113
4.500890731811523 4.07349123273577
3.0201677021227384 2.8885072072347007
4.04494431439568 4.04494431439568
3.3698886235555015 3.071347323330966
3.9174417768205916 3.5677421569824217
3.101283836364746 3.054443359375
3.3603359858194985 2.9697249276297435
3.472468678544207 3.3564514809466424
2.902397882370722 2.779906661422164
2.5525113932291665 2.5525113932291665
3.170175093638746 3.170175093638746
4.944068527221679 4.633798917134603
2.9161758422851562 2.819836283839026
3.9472334725516185 3.6477313571506076
3.751141684395926 3.1516530173165456
3.5128948974609373 3.298260313091856
4.416522598266601 3.9391021728515625
3.724409341812134 2.8839966456095376
3.0382627599379597 2.5728785627979343
3.1835258483886717 3.0201677021227384
2.588571512474204 2.5622295673076922
5.398108742453835 4.025345458984375
4.372764880840595 4.372764880840595
3.942677001953125 3.79076990587958
2.7472734723772323 2.700507585392442
3.298260313091856 3.298260313091856
3.767007928145559 3.393390523976293
3.3732147216796875 2.862469012920673
3.7504362768056443 3.5551032394659323
4.955420176188151 4.6302101828835225
3.3095474243164062 3.1827163696289062
3.955357478215144 3.4012736444887905
4.038559232439313 3.737259312679893
3.7300113331187856 3.1076931762695312
3.7324530283610025 3.3094497680664063
2.937480163574219 2.825085762219551
2.7950790405273436 2.7553473079905793
4.212668282645089 3.367657605339499
3.444331850324358 3.299365099738626
3.144870260487432 2.971467642948545
3.3072106255425346 3.2147688955630898
3.0936815598431755 2.909936656122622
2.9335750233043325 2.7950790405273436
3.8604819774627686 3.3216069539388022
3.1568332947406574 3.135241215771968
3.6477313571506076 3.1835258483886717
4.032554263160343 3.7482212987439385
4.102692237267127 3.5903414771670388
2.930896759033203 2.930896759033203
3.444331850324358 3.2219975120142887
2.87800194235409 2.8233617146809897
3.141573698624321 2.9150848388671875
3.2502708435058594 3.0806543986002604
3.5356698665978774 3.3873443603515625
3.0960546422887734 3.066523058661099
2.6769839477539064 2.6667519309303978
4.155267079671224 3.443405498157848
3.8960595381887337 3.480010986328125
3.391338094075521 3.343252658843994
2.817968874561543 2.7941456920695753
4.051968892415364 3.2645573335535385
3.882824617273667 3.882824617273667
2.8569780180725872 2.8322946833468032
2.92250239054362 2.8575367518833708
3.3698886235555015 3.3698886235555015
3.087950272993608 3.0036116379957933
5.004396166120257 3.44112057156033
4.190889798677885 3.2573638916015626
2.959660121372768 2.7049758547828313
3.115957980685764 3.071584584761639
3.107454087999132 2.995249355540556
2.6116112342247595 2.586909732303104
3.629329480622944 3.4501777317212974
2.7586347251940686 2.7575889451969307
3.4878734241832388 3.3096555982317244
3.3654814929496952 3.2576751708984375
4.190889798677885 4.190889798677885
5.268697102864583 5.268697102864583
3.3698886235555015 3.2657579694475447
3.5576161702473956 3.5145207619180483
3.6136182149251304 3.441665302623402
2.9473653940054088 2.8944600423177085
6.094508700900608 6.094508700900608
2.80241951575646 2.7948305808891685
3.5575337129480697 3.1645050048828125
4.40097392689098 4.02169189453125
3.030007755055147 3.0106903651975236
2.784855125224696 2.7589979602444554
3.566643434412339 3.351866982199929
3.8693036679868347 3.353822520081426
3.3075949350992837 3.232890803639482
3.0183618517889492 2.9779950426770494
4.0671335856119795 3.73482929576527
2.82284137814544 2.8098456200132977
4.102276000976563 3.8633836315524195
4.738787482766544 4.353455916694973
3.9414258003234863 3.568861643473307
3.5365795135498046 3.5365795135498046
3.0610237540779535 3.032375759548611
3.269810380606816 3.1843613133285986
5.371753056844075 5.084352765764509
3.5853782322095786 2.8501511562017745
3.3342136480869393 3.3342136480869393
3.0482523441314697 3.0482523441314697
2.84833251953125 2.800860964018723
3.054747122305411 2.7941456920695753
3.126163169985912 3.0364774576822917
4.755638122558594 4.755638122558594
3.3698886235555015 3.071347323330966
4.190889798677885 3.767007928145559
3.9781306873668325 3.587278366088867
4.155267079671224 3.1362664699554443
3.4300142485519935 3.346021988812615
3.380735609266493 3.1061838661752095
4.474060906304254 3.790234120686849
2.8792367662702287 2.7940747878130745
3.041694164276123 2.9924752371651784
3.101283836364746 3.054443359375
2.8291038513183593 2.7886310333901263
2.9122242647058822 2.8865245097392314
3.654553971200619 3.600291737338953
3.3738330905720337 3.3389195033482144
3.1156626825747282 3.0367541704021517
2.617626483623798 2.5835795574877634
2.6615055271836576 2.6224580310639882
2.943316792332849 2.9392862807225137
2.912517293294271 2.9051545378449677
2.8865245097392314 2.847746242176403
2.8144920612203665 2.8010472749408923
3.1263302889737217 3.050189208984375
2.93375563621521 2.9122242647058822
2.773566246032715 2.6745572557636335
2.739802466498481 2.7049758547828313
3.8944309779575894 3.457612991333008
3.0456349547480195 2.927137528342762
2.5653008355034723 2.5554065972986355
4.007077625819615 3.4871832529703775
5.481974029541016 4.57762336730957
2.937007359095982 2.8606389955032703
3.1316790771484375 2.862469012920673
3.4871832529703775 3.202792909410265
3.9472334725516185 3.296018747182993
2.801270745017312 2.801270745017312
3.277940273284912 3.202792909410265
3.9174417768205916 2.933622952165275
4.35455946488814 3.7250639971564796
2.9624690303096064 2.9624690303096064
3.1541878304830413 3.030007755055147
2.961012500827595 2.9468203685322747
3.2315458100417565 3.189543693296371
2.821935017903646 2.7798368665907116
3.188675251412899 3.1395155962775734
3.5677421569824217 3.054443359375
3.4329167416221216 3.348891848609561
3.393667221069336 3.393667221069336
3.77478273453251 3.6353481977413864
3.7125878585012337 3.391090958206742
3.196120125906808 2.988766577935988
3.0201677021227384 2.988438034057617
2.9651176051089636 2.8989764126864346
4.69951027318051 3.980660178444602
3.685309311439251 3.4196952261575837
4.225716484917535 3.6488616943359373
3.3502404349190846 3.1874349382188587
3.113868611653646 3.0566546560704024
3.4494682594581887 3.298260313091856
4.046604503284801 3.758918489728655
3.909313201904297 3.7003271314832897
4.803116538307884 4.803116538307884
3.96219974093967 3.96219974093967
3.5258629538796167 3.309521230061849
3.6656341552734375 3.5353107858211437
4.63841552734375 2.958771868449886
2.7836562125913558 2.7697210600881865
3.277940273284912 3.170241908023232
3.4012736444887905 3.086545789563978
3.955357478215144 3.955357478215144
3.577632997094131 3.0204442074424342
3.6842196655273436 3.5585895406788794
3.676407708062066 2.9456520080566406
4.075303819444445 3.9260785502772175
3.1554794311523438 3.0806543986002604
3.7324530283610025 3.3094497680664063
3.4532298496791296 3.2543084976520946
3.3433600531684027 3.3433600531684027
3.7663358052571616 3.7127159520199426
4.568975830078125 4.247019254244291
2.6026159792530295 2.5573186459748642
3.543368412898137 3.421495310465495
4.324522336324056 3.950226727653952
3.6978691948784723 3.631212694891568
3.4012736444887905 3.086545789563978
3.2115667724609374 2.922106486995046
3.700352718955592 2.8160494952134685
3.1835258483886717 2.7264542830617806
2.920729573567708 2.908783451203377
4.091046142578125 3.1903064085705446
3.1903064085705446 3.1441290439703526
2.864765343299279 2.8399849475269585
3.1864981302400914 3.1701892671130953
3.882824617273667 3.4494682594581887
3.9385910034179688 3.2502708435058594
3.4989402524886595 3.3271537986961572
3.4721606024380387 3.452251180013021
3.058724194038205 3.0109998914930554
3.1912618237872454 3.167291259765625
2.878154795656922 2.8601370329904086
3.617823839187622 3.2882040272588315
2.5653008355034723 2.5514728496601053
2.5500929090711804 2.5500929090711804
2.838834762573242 2.727787562779018
3.2645833333333334 3.054443359375
2.885911599183694 2.885911599183694
3.6353481977413864 3.5576161702473956
3.3093163626534596 3.0696599786931817
4.660834679236779 3.9468572707403276
2.8375919529649076 2.8375919529649076
3.77478273453251 3.177945798581785
3.77478273453251 3.5815933582394623
3.9385910034179688 2.791803995768229
4.011458901798024 2.9912430826822916
3.9385910034179688 3.7324530283610025
3.1383094787597656 3.0642880526455967
5.242346572875976 3.530581792195638
3.286284874225485 3.2443375126008065
3.751141684395926 2.821935017903646
3.408806906806098 3.1610981623331704
3.1230672861074473 3.013677453482023
3.024891276935955 3.013677453482023
2.960580322265625 2.923444060241284
4.529415424053486 3.991461048955503
3.0616330598530017 2.9351116943359377
3.8654045436693276 3.1276995946490573
3.304063924153646 3.0683968283913354
4.0671335856119795 3.6656341552734375
2.7584036690848213 2.7286141135475854
3.0184182559742645 2.800860964018723
3.782078742980957 2.909936656122622
2.6963511380282315 2.6888956816300102
2.6591745192004788 2.6581568717956543
3.373146226671007 3.260728593306108
3.3698886235555015 3.3921154022216795
3.0329534357244317 2.9421891432542067
2.923411560058594 2.8827760277724845
4.456117757161459 2.892041748046875
3.568861643473307 3.1876810073852537
2.9028634207589286 2.872889983348357
2.8341697057088218 2.8043924967447915
3.3698886235555015 3.071347323330966
3.8633836315524195 2.9896791171183628
3.013916015625 3.007426324291764
3.782078742980957 3.782078742980957
3.3698886235555015 3.3921154022216795
2.803802490234375 2.801422322591146
2.933622952165275 2.920729573567708
3.3698886235555015 2.903989455279182
3.4374340950174536 3.368328618068321
3.0171852571418487 2.9893555373288274
3.097800580193015 3.018814499313767
3.67683474222819 3.64220703125
4.519185384114583 4.057092575799851
3.8693036679868347 3.47695577369546
2.897695556640625 2.880615444841056
3.7769100666046143 3.054443359375
3.3142447038130327 3.1921929253472223
3.172761917114258 3.104487827845982
3.304294773789703 3.2851310608878967
3.1889102642352762 3.1711448386863426
3.0445345710305607 2.9675649642944335
3.428956112619174 3.3886540339543267
3.089385986328125 3.0128297351655506
3.393390523976293 3.12511355377907
3.909313201904297 3.794837236404419
3.6136182149251304 3.2684707641601562
3.3698886235555015 3.2657579694475447
2.845356920030382 2.8311774071226727
2.672714100713315 2.672034891242655
2.7763237953186035 2.7697210600881865
3.269810380606816 3.1156599714949325
3.0780548551189364 3.0102994942370755
3.037823175979873 3.037823175979873
3.4947087904986214 3.242947998046875
3.705202969637784 3.6456454594930015
2.96194260208695 2.9174095153808595
3.3698886235555015 3.1573113335503473
2.846583316200658 2.8401123438126
3.6310544221297554 3.343466366038603
4.438381195068359 2.9625906944274902
2.928188711564171 2.928188711564171
4.259180854348576 3.0487017822265625
2.8078158019018953 2.7956946739783652
2.7496675190172697 2.748957633972168
2.8861668027680496 2.8694997151692707
3.660351401881168 3.053501189701141
3.1326943856698497 3.0852986653645833
3.292333152077415 3.00591215245864
3.1342104957217263 3.1029728976163
3.1568482716878257 3.0769457135881697
4.021609099014945 3.7780049641927085
3.3698886235555015 3.3698886235555015
3.3698886235555015 3.2657579694475447
4.92531140645345 3.9104886736188615
3.3258095674736556 3.3006395128038193
3.299365099738626 3.1876810073852537
3.3642492294311523 3.055134031507704
3.214015415736607 3.0557118611163405
3.3698886235555015 2.9487101236979165
3.132731582179214 3.0898971557617188
3.0119687860662285 2.971589630725337
3.31644023548473 2.909389993418818
3.747884750366211 3.7064488728841147
3.12511355377907 3.030007755055147
2.861793362364477 2.8451444185697117
3.1543603194387337 2.979815263014573
3.6623429008152173 3.5224793045609086
4.151509857177734 3.8960595381887337
4.92531140645345 3.9104886736188615
3.633974552154541 3.5286748674180775
4.40097392689098 3.220015242293074
3.2546749114990234 3.2315458100417565
3.224626064300537 2.9624690303096064
2.9775393086095012 2.9486419215346826
2.8555551344348538 2.8459744453430176
2.9928383567116477 2.9214282696063703
3.9725465320405506 3.5217900131687974
2.869063720703125 2.7049758547828313
3.8654045436693276 3.4355155326224662
4.133895472476357 3.461249772892442
3.4879593319363065 3.393667221069336
3.043603980022928 2.9993496704101563
4.092108154296875 3.348891848609561
3.3698886235555015 2.834580557686942
2.868407985142299 2.8576816420957267
5.311343383789063 5.1242877415248325
4.190889798677885 4.02169189453125
2.7313374220722855 2.7205790582104266
5.094737333409927 4.055686332084037
5.3644848991842835 5.130492762515419
2.9475206647600447 2.933622952165275
3.09893566629161 2.93375563621521
3.12511355377907 3.0106903651975236
3.0506088108692353 3.0423758370535716
3.1322330013736264 3.11834716796875
4.096845453435725 3.8822530110677085
3.3519784109933037 3.259403410412016
3.566622314453125 3.533921168400691
2.7174560546875 2.717945611298974
3.343252658843994 3.299365099738626
3.340469148423937 3.0210111345563617
3.3042663998074002 2.7986356295072117
2.857264927455357 2.753149783972538
3.4197190602620444 3.4197190602620444
3.228834117542614 3.198650812698623
2.961012500827595 2.8643063631924717
3.090901904635959 3.066695163124486
3.3698886235555015 2.866550646330181
3.2246776516154663 3.1924632238963295
2.840382783309273 2.8371458662317153
3.1156599714949325 3.033817025118096
3.5365795135498046 2.988438034057617
3.374942398071289 3.1921929253472223
3.0632969953011777 2.9962352405894888
2.792120414867736 2.791070346174569
3.461051722935268 3.0203751124692766
3.090901904635959 3.066695163124486
3.1541878304830413 2.976318091676946
2.999777097959776 2.980912819886819
3.101283836364746 3.101283836364746
3.4106993675231934 3.4106993675231934
2.7289685235507246 2.7289685235507246
3.1645050048828125 3.1645050048828125
3.277940273284912 3.140476608276367
2.8514005220853367 2.8206847054617747
4.204063122089092 3.9295005798339844
3.3805503845214844 3.3094497680664063
3.4362228855942236 3.26954863792242
3.0036116379957933 3.0036116379957933
3.09893566629161 2.8289080810546876
3.014330037434896 2.988333808051215
3.1980411695397417 2.801815456814236
2.890651868737262 2.863077891956676
3.554149921123798 2.988766577935988
4.072485703688401 3.3808489990234376
3.725362014770508 3.120962142944336
2.749648384425951 2.750954161299036
3.1701160777698862 3.1701160777698862
2.969445851223528 2.964917190675813
3.029144287109375 2.965283988726021
2.801270745017312 2.781957543414572
3.202956136067708 3.170841932296753
3.5365795135498046 3.5365795135498046
3.2677013874053955 3.2677013874053955
3.094493894648731 3.0863079433023493
2.984987320438508 2.819836283839026
2.859540515475803 2.8528112463048987
3.1558630807059154 3.1263302889737217
3.64212646484375 3.3216069539388022
3.0769457135881697 2.8285379177186547
2.806004068125849 2.802369462682846
3.116003701853198 3.0004472212357953
3.1161507197788785 2.9651176051089636
2.920729573567708 2.780499267578125
2.8711521751002262 2.578559330531529
2.8569780180725872 2.8222455035199174
4.02169189453125 3.767007928145559
4.174061168323863 2.761855666701858
2.9150848388671875 2.877198382121761
4.514266087458684 4.23362398147583
2.5514728496601053 2.551936448222459
3.869687080383301 3.420924151385272
2.655360099596855 2.6026159792530295
2.5653008355034723 2.553813777557791
3.4878734241832388 3.224626064300537
5.232078552246094 4.893558184305827
3.6353481977413864 3.607428573980564
2.9508594015370244 2.944013554999169
3.752423321759259 3.5753680142489346
3.1362664699554443 2.909936656122622
3.0769457135881697 3.0335146033245586
3.520999561656605 3.304063924153646
4.151509857177734 3.799315679640997
2.8322946833468032 2.817691926033266
2.6652333395821706 2.660658772786458
3.0201677021227384 2.8206847054617747
3.338464060137349 3.226654052734375
2.912517293294271 2.8982878093478046
3.131702828914561 3.111695270149075
2.953532570286801 2.8961902965198862
3.1857387836162863 3.1541878304830413
5.2912445068359375 5.2912445068359375
3.9781773885091147 3.884569549560547
3.1821746826171875 3.1285482134137834
3.7512371178829307 3.619816315479768
3.3698886235555015 3.2657579694475447
3.64212646484375 3.370295933314732
3.1980411695397417 3.0753202085141784
2.801815456814236 2.727747866981908
3.6477313571506076 3.5365795135498046
3.2820064544677736 3.188645044962565
2.630657817042151 2.5826901522549717
4.470561218261719 4.219822247823079
2.835330539279514 2.7204863719451122
3.0226318359375 2.895685831705729
4.613075919773268 3.6629464285714284
3.5500643803523135 3.497786113194057
3.703840855189732 3.582268319478849
3.414168357849121 3.1984270881204044
3.12586376953125 3.112011576807776
2.8222455035199174 2.8021016640238243
2.9036973098228716 2.9012784796246027
2.734831624956273 2.699817151908415
3.304063924153646 2.9308445371430496
3.6625573900010853 2.9956515502929686
3.6691236950102306 3.1541878304830413
3.31644023548473 3.2522408167521157
3.6889397303263345 3.0999789237976074
2.901897365764036 2.856597198837105
2.991201574152166 2.9189840463491588
4.40097392689098 3.882824617273667
2.8869319106593276 2.8775100708007812
3.0435626690204325 3.00078369140625
3.3679577055431547 3.0616658528645835
5.724131011962891 4.4401092529296875
3.3698886235555015 3.2657579694475447
3.3351816205836053 3.25837890625
3.188941282384536 3.188941282384536
3.631212694891568 3.4762642996651785
4.02169189453125 3.882824617273667
2.8329800122404754 2.815021176881428
3.842545142540565 3.5575337129480697
3.938063939412435 2.734046630859375
3.188941282384536 3.188941282384536
2.972330093383789 2.9432123357599433
2.892853328159877 2.8764607906341553
3.029144287109375 3.029144287109375
2.9335750233043325 2.7472734723772323
3.348386359937263 3.3313286725212548
3.539599609375 3.382435313442297
3.381678941514757 3.1922736733646717
4.20693704356318 3.670845217821075
3.4762642996651785 3.4355155326224662
4.225716484917535 2.818505122743804
2.8224206221731087 2.7879400814280793
3.1299591064453125 3.1299591064453125
3.3984361731487773 3.157944940887721
3.9725465320405506 3.5217900131687974
4.200481233142671 3.823676324659778
3.5365795135498046 3.443405498157848
4.509591674804687 4.3294359094956345
3.4197190602620444 3.3609096820537863
2.908783451203377 2.8977222442626953
3.563506587859123 3.1228585970603815
3.260850989300272 3.099284871419271
2.789915592298595 2.784855125224696
4.546572685241699 3.129708671569824
3.3698886235555015 2.8067935446034307
2.979815263014573 2.8751629100126377
2.9358018109587585 2.9343425277011845
3.188708986554827 3.138707224527995
3.2053559716068096 3.165865885416667
2.9473653940054088 2.8944600423177085
2.7535608079698353 2.738479232788086
3.2820064544677736 2.999777097959776
3.3698886235555015 3.2657579694475447
2.8109800757431405 2.7657304243607954
3.1161507197788785 3.0806543986002604
2.7900273940142464 2.7784761701311385
2.7634919579349346 2.7612662179129464
3.6530435496363145 3.3544325717659884
2.845356920030382 2.8311774071226727
3.1516530173165456 2.9463907877604165
3.949718713760376 3.3042663998074002
3.370295933314732 3.3216069539388022
2.847047960436022 2.847047960436022
2.9048892550998264 2.8982643459154214
3.443405498157848 3.1835258483886717
2.933622952165275 2.846583316200658
3.0482523441314697 2.9907849629720054
3.5833072146853886 3.223482726050205
4.808969020843506 4.536878967285157
3.3698886235555015 3.0032979525052586
3.5258629538796167 3.309521230061849
4.902833251953125 3.7572457832202577
3.2363575526646207 3.055134031507704
3.3698886235555015 3.3698886235555015
3.6409576416015623 3.6409576416015623
2.9150848388671875 2.805642520680147
3.1857387836162863 3.073659044630984
2.937007359095982 2.8606389955032703
3.3698886235555015 3.3698886235555015
3.9781306873668325 3.8796205520629883
4.5570686885288785 3.229669386340726
3.1835258483886717 2.8206847054617747
2.7472734723772323 2.7328788138724662
5.484772576226129 4.5354248046875
3.3698886235555015 2.782262878417969
3.2820064544677736 3.1326943856698497
3.6625573900010853 3.3609096820537863
2.9785021268404446 2.87800194235409
3.631212694891568 3.4762642996651785
3.467298619887408 3.4274158477783203
3.7324530283610025 2.8804450657056724
3.3698886235555015 3.1573113335503473
3.617823839187622 3.502714369032118
3.702468000139509 3.6628116916965796
4.369319098336356 3.154456002371652
2.85751794885706 2.8261821269989014
3.4013788132440474 3.3886540339543267
2.7838656517767135 2.7553473079905793
2.670292116561026 2.66266026990167
3.0226318359375 3.0036116379957933
3.9174417768205916 3.6625573900010853
3.2853823575106533 3.0759714487436653
3.751141684395926 3.075988292694092
3.141573698624321 3.019642007761988
3.751141684395926 2.8415908813476562
2.8109800757431405 2.806217920212519
3.370295933314732 3.3216069539388022
2.9951775444878472 2.983641279504654
3.704174850926255 3.6469266619001117
3.938063939412435 3.2522408167521157
3.8604819774627686 3.8604819774627686
3.389573562976926 3.336182939245346
3.0753202085141784 2.887727685876795
2.713384659563909 2.695548237233922
3.297559795957623 3.167029404058689
2.892846476236979 2.831429221413352
3.9781306873668325 3.081782023111979
3.7411007351345487 3.64212646484375
3.198054387019231 3.1113797505696614
3.3094497680664063 2.8989764126864346
3.676407708062066 3.0683968283913354
3.2188216499660327 3.1529128830154223
3.882824617273667 3.5853782322095786
4.4701995849609375 3.909313201904297
2.8865245097392314 2.8669357299804688
2.9028634207589286 2.8794009560032894
3.825761159261068 3.825761159261068
4.356688279371995 4.18967030843099
3.4250253530649037 3.1131482805524553
3.27589283818784 2.9043114240779433
3.9385910034179688 2.8989764126864346
3.5318970453171503 3.269810380606816
4.279116981907895 4.075714774753736
3.1923863337590146 2.9906058841281467
6.257045745849609 5.707083615389737
2.9150848388671875 2.877198382121761
5.492456876314604 4.5655975341796875
3.3698886235555015 3.3921154022216795
2.7064259203174448 2.696899952607996
2.8221803937639507 2.8097672333588473
3.4250253530649037 3.170241908023232
3.4359568545692847 3.2921676635742188
3.1953158291903407 3.0487017822265625
3.976738611857096 3.2810484079214244
3.2219975120142887 2.9461251535723285
3.1316790771484375 2.7856627119348403
3.3698886235555015 3.2657579694475447
3.224626064300537 3.188941282384536
3.0806543986002604 2.9192481268019903
2.9325069851345487 2.8736705780029297
3.6812902379918984 3.2513594717349648
3.343252658843994 3.2219975120142887
2.8437856651214233 2.7783592929359244
2.826909746442522 2.807274500528971
2.6855715527946566 2.685023847832737
3.0286929790790262 3.0090063589590565
3.3698886235555015 2.782262878417969
2.988438034057617 2.7640875614050664
2.8222406827486477 2.809967295328776
3.3642492294311523 2.9335750233043325
3.073579788208008 2.93375563621521
2.9924752371651784 2.8224206221731087
4.423043060302734 2.858586629231771
3.797667559455423 3.013109168227838
2.939846116669324 2.8930125843394885
2.770205102785669 2.7654587518601192
2.85751794885706 2.8398763365664723
2.9161758422851562 2.7711950808155295
2.8977222442626953 2.853562638566301
3.4878734241832388 3.4197190602620444
3.4494682594581887 3.220015242293074
3.3609096820537863 3.224626064300537
4.42899915907118 3.8495083279079862
4.154232788085937 3.7789358956473214
3.5677421569824217 3.101283836364746
3.1605453491210938 2.9499914986746654
2.9651176051089636 2.9651176051089636
2.810929979596819 2.7836562125913558
2.9475206647600447 2.846583316200658
3.5318970453171503 3.321387114348235
3.1610981623331704 2.8224004109700522
3.408806906806098 3.311488723754883
6.326198577880859 5.443666185651507
3.4871832529703775 2.762466762376868
3.5576161702473956 3.47695577369546
3.47695577369546 3.1552481366018963
3.276013604525862 3.1627693507982335
3.3698886235555015 2.8067935446034307
3.136022440592448 2.630657817042151
4.428530606356534 3.5337060546875
3.610155317518446 3.48496489091353
3.224626064300537 3.188941282384536
2.846583316200658 2.8233617146809897
2.9224899754379736 2.826581169577206
3.316928785674426 3.316928785674426
3.7003271314832897 3.341621907552083
2.761935026749321 2.7606667532047755
3.8801442926580254 3.503034830093384
3.6477313571506076 3.1362664699554443
3.0106903651975236 3.0106903651975236
2.7995983025966544 2.795243835449219
3.140476608276367 3.087950272993608
2.7330087515024037 2.6838277180989585
2.5767603556315106 2.5773326328822543
3.0522764181788964 3.008572353405899
3.8944309779575894 3.2231561997357536
3.568861643473307 3.444331850324358
3.9385910034179688 2.8635940551757812
2.984987320438508 2.7711950808155295
3.4847225066154235 3.465890407562256
3.1003615280677534 2.9205257709209738
3.0752532958984373 2.894404093424479
3.2540979385375977 3.1923863337590146
3.897250705295139 3.7327110536636843
3.3473278227306547 3.3473278227306547
3.4526005795127466 2.9906058841281467
5.369985961914063 5.369985961914063
3.141573698624321 3.0949911499023437
3.277940273284912 3.202792909410265
3.1965087890625 3.133207048688616
3.222587729400059 2.915230740322156
2.9810852823378164 2.927137528342762
5.757473872258113 4.783085051037016
2.908783451203377 2.8098963419596354
3.277940273284912 3.170241908023232
2.66931394546751 2.6665921211242676
2.9579357440655047 2.9204112013725387
3.2575154160008286 3.0640035230059954
3.347563398645279 3.2804176762418926
3.1627693507982335 3.147772780987395
2.692673828125 2.696129240813079
4.0388173190030185 3.0599570274353027
2.917483785878057 2.8599095662434895
3.277940273284912 2.937480163574219
2.6700210571289062 2.6026159792530295
4.4337957473028276 4.0607186679182385
2.779906661422164 2.686551557268415
5.767345428466797 4.575520234949448
5.081627478966346 4.464336997584293
3.138514927455357 2.8135116577148436
4.296139056865986 3.7261223171068276
3.186610698699951 3.1210795508490667
2.8736705780029297 2.8274483931692025
2.6738008068453882 2.6409663609095984
4.296139056865986 3.909201371042352
3.12511355377907 2.872178751627604
3.444331850324358 3.391338094075521
3.170241908023232 2.9527356377963363
3.7411007351345487 3.4871832529703775
3.9174417768205916 3.3609096820537863
2.9785021268404446 2.9624690303096064
3.0513636271158853 2.981354304722377
4.234106063842773 3.7003271314832897
3.5819184439522878 3.0184182559742645
2.9663698296797905 2.9455692291259767
3.5258629538796167 3.100921630859375
4.382844034830729 3.991461048955503
3.6136182149251304 2.9325069851345487
3.5903414771670388 3.4408724975585936
3.0201677021227384 2.8885072072347007
2.8401123438126 2.8285379177186547
3.170241908023232 3.140476608276367
4.254608154296875 3.719119859778363
3.7619181665880927 3.63535771225438
3.767007928145559 3.0509425571986606
3.539909525120512 3.539909525120512
3.568861643473307 3.444331850324358
4.190889798677885 4.02169189453125
3.8251270112537203 3.6583038330078126
3.0536359820449563 2.998174814077524
3.101283836364746 3.0335146033245586
2.9555812737880607 2.831262403918851
3.77478273453251 3.73482929576527
2.887727685876795 2.7856627119348403
3.8604819774627686 3.5586776733398438
2.9308445371430496 2.8942017555236816
3.9175922169404873 3.6610180082775297
2.9624553479646383 2.6202457004123265
3.3698886235555015 2.7603138111255787
3.3994226763325353 3.238100206529772
2.5951891132429536 2.5688353991899335
3.1161507197788785 2.941288948059082
3.3398370361328125 3.2511559848127694
3.1568482716878257 3.054443359375
3.3447137015206474 3.003114805116758
3.1161507197788785 2.791803995768229
2.9091313248973782 2.8146814273882517
2.686551557268415 2.686551557268415
3.961971706814236 3.599339411808894
3.8633836315524195 3.5645964866460758
3.4762642996651785 3.1276995946490573
3.29552985297309 3.1763194691051138
4.5035404878504135 4.126846645189368
2.5573186459748642 2.5573186459748642
2.9956515502929686 2.8098963419596354
3.073659044630984 3.030007755055147
3.472939990815662 2.8930125843394885
2.8584409619941087 2.8584409619941087
3.5586776733398438 3.170241908023232
2.937007359095982 2.8952570206079726
2.957217823375355 2.8178248405456543
3.3698886235555015 2.866550646330181
3.5146007537841797 3.351866982199929
2.941288948059082 2.9192481268019903
3.5624639723036022 3.119873944450827
3.600197863222948 3.568753449813179
3.2862290362922515 3.2862290362922515
3.0277502315560567 3.022693056048769
3.060936712449597 3.041694164276123
3.619999852673761 3.619999852673761
3.5677421569824217 2.9624690303096064
3.188941282384536 2.9785021268404446
4.174061168323863 3.955357478215144
2.762946732547305 2.761855666701858
3.198054387019231 2.8932615915934243
4.456117757161459 3.3654814929496952
3.9252429962158204 3.874573480515253
3.6691236950102306 3.5128948974609373
3.0509425571986606 2.9928383567116477
3.8304866790771483 3.426007800632053
2.7856627119348403 2.7467818350162148
3.767007928145559 3.6691236950102306
4.190889798677885 4.02169189453125
3.2385327956255745 3.202792909410265
3.9174417768205916 3.224626064300537
3.361764453706287 3.229156494140625
2.9979627742323767 2.9790437117866846
2.931252052044046 2.9188709561786954
2.80731201171875 2.773566246032715
3.9174417768205916 3.6625573900010853
3.6477313571506076 3.6477313571506076
3.5365795135498046 3.443405498157848
3.4735092163085937 2.9351116943359377
2.8293589423684513 2.7995983025966544
3.293144370025059 3.1392614392266758
2.9505516639122598 2.9444836602694746
2.991713879155178 2.9660021025559
3.443405498157848 3.3642492294311523
3.299365099738626 2.8144920612203665
4.007077625819615 3.2385327956255745
2.984987320438508 2.6855715527946566
2.687285236109083 2.696846175367815
5.791897455851237 5.253172874450684
2.764502315197961 2.764106875560323
3.442807878766741 3.0819997285541736
4.167829160337095 3.8410313197544643
3.1362664699554443 2.959660121372768
3.4599465110085226 3.284967400045956
4.07894287109375 3.9266330494600186
3.3698886235555015 3.1573113335503473
5.311343383789063 3.8693036679868347
2.9665284333405673 2.8689344133649555
2.839957818752382 2.6846719180836396
3.151362452013739 3.097745418548584
2.773566246032715 2.7640875614050664
3.220015242293074 2.910078361852845
3.087950272993608 3.0226318359375
2.7266717726184475 2.7266717726184475
4.313097953796387 3.97658954967152
3.629329480622944 2.970954116509885
3.8604819774627686 2.9687788827078685
3.724672794342041 3.634207831488715
2.6409663609095984 2.5884626706441245
3.101283836364746 2.8401123438126
2.853746497112772 2.7266717726184475
2.908783451203377 2.818548867868823
3.036220932006836 2.9189840463491588
3.9781306873668325 3.6488616943359373
4.6120155334472654 4.1740104130336215
3.0866559982299804 2.9037987845284596
3.727710723876953 3.643042130903764
3.3698886235555015 3.071347323330966
3.866225106375558 3.7267730236053467
2.909936656122622 2.8514005220853367
3.148302786690848 3.1156599714949325
3.090488378552423 2.9713703023976294
4.456117757161459 4.259180854348576
3.0201677021227384 2.8885072072347007
2.5506740521781053 2.5501900949785785
3.340469148423937 3.310001172517475
3.0350776441169507 2.9455692291259767
3.167923583984375 3.0433302417243877
4.565688069661459 3.5467859216638513
4.796260288783482 4.160676782781428
2.847047960436022 2.8358802795410156
4.80483003096147 4.362691752115885
3.3698886235555015 3.071347323330966
3.2219975120142887 3.1558630807059154
3.563506587859123 3.466949680873326
3.3698886235555015 3.3921154022216795
2.9037987845284596 2.8537398307554183
4.75262451171875 4.471647262573242
3.5365795135498046 3.296018747182993
4.101423564710115 3.15968452065678
3.3342136480869393 3.268698758857195
2.964289967606707 2.9432123357599433
3.53789792742048 3.4838475545247394
3.758918489728655 3.406570053100586
3.4494682594581887 3.2573638916015626
3.188941282384536 3.0769457135881697
2.8372670953924004 2.8156685299343533
3.3698886235555015 3.3921154022216795
2.7716021219889324 2.7701606125128073
3.0100907219780817 2.9567718505859375
3.4329973418137123 2.9861413756413246
2.6750208999171403 2.677107604623538
3.1554794311523438 3.0184182559742645
2.920320372650589 2.892846476236979
2.920320372650589 2.892846476236979
3.3642492294311523 3.0936815598431755
3.7531967163085938 3.059196276542468
3.192944561993634 3.1638901809166216
2.9555812737880607 2.875517578125
4.073324475969587 3.4522539336105873
3.296018747182993 3.055134031507704
3.2533751267653246 3.213741030011858
2.7995698889907525 2.7942109284577548
2.6343421936035156 2.608763718023533
3.6691236950102306 2.8271043756034935
2.9287332388070912 2.9249982691522853
4.456117757161459 3.8654045436693276
2.5611319256643963 2.5748812264769616
3.3427190206137047 3.305764873376053
3.5036979444099194 3.3950606126051683
3.4871832529703775 3.4250253530649037
3.6625573900010853 3.4878734241832388
2.869223894391741 2.8140695745294746
3.1876810073852537 3.1558630807059154
3.9234986481843173 3.619816315479768
3.6477313571506076 3.3642492294311523
3.3698886235555015 2.903989455279182
3.0913816077686915 3.0657835888261555
3.3609096820537863 3.127786134418688
2.8977222442626953 2.846583316200658
3.751141684395926 3.31644023548473
3.9321420192718506 3.6445947126908735
3.2300914417613638 2.930896759033203
4.4243011474609375 3.0936815598431755
3.4228240966796877 3.187843746609158
3.376617431640625 3.237796436656605
3.101283836364746 3.0139621098836265
2.7097776459484564 2.7049758547828313
3.938063939412435 3.1516530173165456
3.202792909410265 3.1131482805524553
3.5421266101655506 3.5421266101655506
2.835330539279514 2.7950790405273436
2.9150848388671875 2.8606389955032703
2.9122242647058822 2.8224464272553065
2.887727685876795 2.862469012920673
4.190889798677885 3.0509425571986606
3.202792909410265 3.140476608276367
4.522427082061768 3.869645799909319
3.9174417768205916 3.6625573900010853
3.5853782322095786 3.393390523976293
2.9639093103543135 2.9259152955646757
3.6477313571506076 3.0201677021227384
3.4878734241832388 3.188941282384536
3.440398174783458 3.3761358642578125
3.4250253530649037 3.277940273284912
4.205203844153362 3.8633836315524195
3.5365795135498046 3.2363575526646207
4.208420889718192 3.7088824185458096
3.3698886235555015 3.3698886235555015
4.259590597713695 3.4013788132440474
3.47695577369546 3.443979363692434
3.492143597519189 3.3332745277718323
5.1242877415248325 4.259590597713695
2.976318091676946 2.9468203685322747
4.079159545898437 3.677625783284505
3.1857387836162863 3.1541878304830413
4.240927378336589 3.840215047200521
4.4243011474609375 4.4243011474609375
2.8514005220853367 2.835330539279514
3.5500643803523135 3.2320931174538354
3.0246178578522245 2.901272044462316
3.4355155326224662 3.3654814929496952
3.7824542705829325 3.547591564702053
3.341621907552083 3.2308921813964844
2.7264542830617806 2.7149383544921877
2.9651176051089636 2.941288948059082
3.296018747182993 3.296018747182993
2.935427024147727 2.8790470811187245
3.7378575461251393 3.677625783284505
3.9174417768205916 3.6625573900010853
2.92119140625 2.916900634765625
3.468184621710526 3.107590184067235
3.277940273284912 3.087950272993608
3.0509425571986606 3.0106903651975236
2.8806411534139555 2.872178751627604
3.8604819774627686 3.7411007351345487
3.393390523976293 3.0509425571986606
3.3698886235555015 3.1573113335503473
3.054443359375 2.9956515502929686
2.959660121372768 2.7264542830617806
2.835330539279514 2.80731201171875
3.476770189073351 3.4077392578125
3.937519073486328 3.4526005795127466
2.7612662179129464 2.759664666162778
3.1906111867804277 3.03707370510349
3.4871832529703775 3.0646153325619907
3.5365795135498046 2.80731201171875
4.190889798677885 3.4494682594581887
3.073659044630984 3.0509425571986606
2.8514005220853367 2.80731201171875
3.6845431009928387 3.406570053100586
3.520999561656605 3.0950393676757812
2.8942017555236816 2.8411837846804886
2.988766577935988 2.9614116784298057
2.7236173387984155 2.7142635091145833
4.448769342331659 3.6270933759973403
3.373354783698694 3.355240531589674
3.066695163124486 2.880948466639365
3.2581729888916016 2.9776730744735054
3.476770189073351 3.066695163124486
2.959660121372768 2.869063720703125
3.908606679815995 3.805485316685268
4.75262451171875 2.9461251535723285
3.8313722156343006 3.4869525048040573
3.3698886235555015 3.3921154022216795
2.7559922015080685 2.748293922061012
2.948816132127193 2.9249982691522853
3.0258172353108725 3.0258172353108725
3.112011576807776 3.0016557917248603
2.889742999009683 2.8569780180725872
3.1478765487670897 3.0772393544514975
3.210810271786972 3.154553377175633
3.2645833333333334 3.0769457135881697
3.5388732260846076 3.4062286376953126
2.999899491019871 2.9473653940054088
2.748772303263346 2.686551493983115
3.767007928145559 3.5853782322095786
2.805445671081543 2.7854575020926338
3.054747122305411 2.937007359095982
3.1838780233304793 3.1529128830154223
3.225062052408854 3.066651725769043
3.172761917114258 3.1366541935847354
2.9351116943359377 2.8459744453430176
3.2522408167521157 3.1516530173165456
3.277940273284912 3.0646153325619907
3.6201869419642856 3.4539042628088663
3.4939205088513963 3.431723501168045
2.8437856651214233 2.8271043756034935
3.620166015625 3.2308921813964844
4.227094650268555 3.0482523441314697
3.3732147216796875 3.1980411695397417
3.2591016557481556 3.1876810073852537
3.3698886235555015 2.834580557686942
3.3975677490234375 3.039344292182427
2.909022331237793 2.858586629231771
3.3698886235555015 3.1573113335503473
3.237896591869753 2.984280793563179
3.4655297019264917 2.994126637776693
3.77127742767334 3.386398951212565
4.406058367560892 3.942677001953125
4.211825202493107 3.7886538696289063
3.3215437995062933 3.3215437995062933
3.6625573900010853 2.9956515502929686
2.933651878720238 2.8995365750962407
4.051968892415364 2.8652967664930555
3.5500643803523135 3.5500643803523135
3.497786113194057 3.209660073985224
3.09270557604338 3.09270557604338
3.935512966579861 3.369778719815341
2.869063720703125 2.7950790405273436
3.9414258003234863 3.0286929790790262
3.3012286687301375 3.142822845072686
3.6711935997009277 3.149993678501674
3.224626064300537 3.054443359375
4.731788158416748 3.710311086554276
3.36724879823882 3.342754618326823
5.3865640428331165 4.787051861102764
3.640305027817235 3.3774797155501997
3.6691236950102306 3.1857387836162863
3.3698886235555015 3.1573113335503473
3.1912618237872454 3.124263841278699
3.5217900131687974 3.398790799654447
3.7324530283610025 3.3094497680664063
3.3396881103515623 2.8584409619941087
3.3698886235555015 3.3698886235555015
4.190535227457683 3.7411007351345487
5.279108220880682 3.760650634765625
3.2385327956255745 3.170241908023232
4.339345997777478 4.2584607524256555
2.8614879701195695 2.826581169577206
4.261301676432292 3.1188981533050537
3.3438296847873263 3.1762109375
3.6713531494140623 3.507471720377604
4.515788222804214 4.428386143275669
3.8654045436693276 3.5730381627236643
3.5538339325875947 3.430389795547877
3.0980874766474185 2.923411560058594
3.3698886235555015 3.1573113335503473
3.4871832529703775 3.2385327956255745
3.587278366088867 3.242757797241211
2.7697210600881865 2.7584036690848213
2.846712212813528 2.817307535807292
3.9414258003234863 3.299365099738626
3.09893566629161 3.09893566629161
4.072281936119342 3.910183993252841
2.920729573567708 2.87800194235409
2.8548583984375 2.8375933098070547
2.979987954193691 2.947398330226089
3.5218356205866885 3.2469550238715277
3.3642492294311523 2.988438034057617
3.281499984416556 3.1276995946490573
4.075962914360894 3.7559890747070312
4.093441327412923 3.4197190602620444
3.3805503845214844 2.8635940551757812
4.247762298583984 4.034873008728027
3.5365795135498046 3.3642492294311523
3.6344420693137427 2.9710652968462776
3.0031704660189353 2.9884833664190573
3.5465829031808034 3.4478167909564394
2.941288948059082 2.7836562125913558
3.394696807861328 3.07457102899966
3.4250253530649037 3.3216069539388022
2.8114029379451977 2.754866184332432
3.660204500765414 3.5472302104151527
3.279385763501364 2.960580322265625
3.6656341552734375 3.607428573980564
3.03934576572516 3.002650174227628
3.245947145948223 3.119048587859623
4.093441327412923 3.1568482716878257
4.240927378336589 3.840215047200521
3.939469424161044 3.8655573527018228
3.2087560193292024 3.1393710865693936
3.089385986328125 3.0616330598530017
3.220015242293074 3.0509425571986606
3.0382627599379597 3.0382627599379597
2.655360099596855 2.655360099596855
4.190889798677885 4.190889798677885
2.5826901522549717 2.5653008355034723
2.5826901522549717 2.5826901522549717
4.441012214211857 3.909661865234375
2.809410488482603 2.798770645289745
2.9285533127275487 2.904466388606224
3.9174417768205916 3.6625573900010853
3.393390523976293 3.2573638916015626
5.1878486046424275 4.017858999746817
3.5677421569824217 3.0335146033245586
3.1661286787553267 3.0489383273654513
3.138069678997171 3.0928071917909565
3.0191802978515625 3.005926465231275
3.3698886235555015 3.3921154022216795
2.899437586466471 2.801270745017312
3.245947145948223 3.222587729400059
3.6119099492612095 3.3462295532226562
2.764253616333008 2.7064571380615234
3.3698886235555015 3.071347323330966
3.7267730236053467 2.797608635642312
3.4197190602620444 3.0335146033245586
2.846583316200658 2.776580810546875
3.9781306873668325 3.587278366088867
2.802369462682846 2.7849584615455485
3.3698886235555015 3.2657579694475447
2.835330539279514 2.700507585392442
3.727710723876953 2.89432250128852
3.4878734241832388 2.9624690303096064
3.6233126732610885 3.2246776516154663
3.3698886235555015 2.866550646330181
3.767007928145559 3.5128948974609373
4.390535990397136 4.241266587201287
3.3433330905052925 3.2573638916015626
3.0895596208243536 3.0752532958984373
3.141573698624321 3.019642007761988
3.0382627599379597 2.9624553479646383
2.9316804673936634 2.914576832841082
4.007077625819615 2.762466762376868
3.9385910034179688 2.7330047970726374
3.2081298828125 3.1253402918985445
3.3311478585907905 3.2349722446539464
3.0226318359375 2.9687788827078685
2.549506333295037 2.5506720291940788
2.8135836791992186 2.5525113932291665
2.853746497112772 2.686551557268415
3.224626064300537 3.224626064300537
2.834109878540039 2.8285379177186547
3.4250253530649037 3.170241908023232
3.0859200893304286 2.9534077363855697
3.2115667724609374 3.154507389775029
2.933651878720238 2.889742999009683
3.9472334725516185 3.9472334725516185
4.02169189453125 4.02169189453125
2.9928383567116477 2.976318091676946
3.64212646484375 2.98570223207827
4.129991946013077 3.606146240234375
2.8885072072347007 2.7204863719451122
3.134025182479467 3.0297119140625
3.5730381627236643 3.4355155326224662
5.097138977050781 3.712219783238002
3.1236385345458983 3.1236385345458983
2.70528828014027 2.686551557268415
3.955357478215144 3.790234120686849
3.5853782322095786 3.4494682594581887
3.1810317620998476 3.1527220986106177
2.8554579790900734 2.8264825282952724
3.3698886235555015 3.3921154022216795
2.5595814719128964 2.5573186459748642
3.12511355377907 2.9928383567116477
3.0269251856310615 2.819836283839026
2.9335750233043325 2.700507585392442
3.5461067430900806 3.2967308531416224
2.7637706083409928 2.7637706083409928
3.6492525736490884 3.2309676579066684
3.3698886235555015 3.3921154022216795
2.910078361852845 2.8222455035199174
2.9161758422851562 2.7711950808155295
3.0201677021227384 2.959660121372768
3.3698886235555015 3.1573113335503473
2.7735392252604165 2.76439524505098
3.5784395279422885 3.5784395279422885
2.869223894391741 2.8285379177186547
4.529415424053486 4.529415424053486
3.098916419466635 3.069783884328562
3.5128948974609373 3.4494682594581887
3.1919788784450955 3.0330950927734377
4.19154052734375 3.9512421364007992
4.051968892415364 3.4349690950833836
2.8660863240559897 2.8459744453430176
3.0399388207329645 3.027659441973712
4.699121226435122 4.064988007416597
3.089385986328125 2.952472368876139
3.5585895406788794 3.411885070800781
4.072485703688401 3.321387114348235
3.194787302324849 3.086545789563978
3.1446522303989957 2.9914857864379885
3.3704519271850586 3.2359952290852863
2.9785684438852162 2.948956625802176
3.0422149658203126 2.91683732702377
2.966421546005621 2.939181241122159
5.110973739624024 4.3845415115356445
3.9725465320405506 3.3072106255425346
2.912933894566127 2.8224206221731087
3.0487017822265625 3.0081206172345634
3.3808489990234376 3.0859200893304286
3.2320931174538354 3.032552382525276
3.2320931174538354 3.032552382525276
4.066230297088623 4.000076742733226
4.190889798677885 2.933651878720238
3.5128948974609373 3.4494682594581887
3.3698886235555015 2.903989455279182
2.816522997479106 2.8116058002818716
3.0384455813637263 2.9981363230738145
2.8914616233424137 2.865053502524771
4.151509857177734 4.011458901798024
3.349518966674805 3.024269797585227
3.618922986482319 3.4997889200846353
3.793416536771334 3.3893447875976563
3.582268319478849 3.483653616397939
3.1980411695397417 3.1316790771484375
3.4420637164199563 3.418803586798199
3.2645833333333334 3.224626064300537
4.703281749378551 4.155539261667352
3.1502791184645433 2.9567718505859375
3.7411007351345487 3.4871832529703775
3.444331850324358 3.391338094075521
2.8865245097392314 2.856500716436477
3.1911333719889323 3.036220932006836
3.6044171241021927 3.284397670200893
2.853746497112772 2.5653008355034723
3.4879593319363065 3.4879593319363065
2.904049343532986 2.8902792249407088
3.7171083177839006 3.6488616943359373
3.4113239833286833 3.229123703976895
3.03854783914857 2.9259152955646757
3.676407708062066 3.593062973022461
3.241622121710526 3.2170573319538986
2.7900273940142464 2.782657199435764
3.3698886235555015 2.7603138111255787
3.081782023111979 2.93188591003418
2.7266717726184475 2.7266717726184475
3.568861643473307 3.343252658843994
3.805919353778546 3.805919353778546
2.853746497112772 2.686551557268415
3.019025914809283 2.9195109522619913
3.340469148423937 3.2820064544677736
3.3698886235555015 3.3698886235555015
3.4760173450816763 3.232815980911255
3.676407708062066 3.3502404349190846
3.3893447875976563 3.1821746826171875
4.227094650268555 3.1554794311523438
3.5677421569824217 3.4197190602620444
3.9261651611328126 3.5576161702473956
3.1996847788492837 3.0482523441314697
3.7769100666046143 2.87800194235409
3.4876375470842635 3.286942773935746
3.6625573900010853 3.4197190602620444
3.127786134418688 2.9475206647600447
2.9280070367260516 2.8888653131920523
2.5514728496601053 2.5500929090711804
3.5677421569824217 3.4878734241832388
5.7642082801231975 5.217428768382353
3.238674587673611 3.1150649126838235
2.902397882370722 2.7266717726184475
3.0108821808345736 2.917673369984568
3.566072998046875 3.216502215411212
2.6202457004123265 2.5622295673076922
3.396784552212419 3.089220744807546
3.091089884440104 3.0624228084788605
4.5679679870605465 3.567192713419596
3.499770164489746 3.443099388709435
4.133885123512962 3.559583096890836
3.268698758857195 3.10546660841557
3.477389335632324 3.3286853790283204
3.793416536771334 3.4800523122151694
3.4217026321976274 3.156128903652759
2.963053894042969 2.8861668027680496
3.676407708062066 3.593062973022461
3.3698886235555015 3.1573113335503473
3.1002731323242188 3.057563304901123
3.5819184439522878 3.3805503845214844
3.3698886235555015 3.3921154022216795
4.482761859893799 3.7749180793762207
4.674028570001775 4.3490464346749445
2.937480163574219 2.847047960436022
3.3698886235555015 3.2657579694475447
3.671405029296875 3.3609697496568836
3.866225106375558 3.520092010498047
4.456117757161459 3.775040283203125
2.8932615915934243 2.8785369873046873
2.742570960003397 2.72922760585569
2.8390581948416576 2.8328147012679303
4.714384078979492 4.714384078979492
3.2808928951140373 2.7587835138494317
3.4203720092773438 3.379434296579072
2.805445671081543 2.765476324619391
3.3698886235555015 2.740446682634025
4.227094650268555 3.9385910034179688
2.9732648213704427 2.936276984937263
4.273416791643415 4.0084619140625
3.6625573900010853 3.3609096820537863
2.999301686006434 2.983069944917486
2.918719867328266 2.8888653131920523
3.4517138163248697 3.4517138163248697
3.767007928145559 3.030007755055147
3.767007928145559 3.073659044630984
3.1362664699554443 2.7640875614050664
3.298260313091856 3.1857387836162863
5.894700792100695 5.487737135453657
3.2730906858282576 2.9810856198801576
4.513282374331825 3.568419293659489
4.385972829965445 4.285522188459124
2.84833251953125 2.8345477764423075
3.2502708435058594 3.1554794311523438
3.9385910034179688 2.7637706083409928
3.9385910034179688 2.9651176051089636
3.64212646484375 3.042909304300944
2.9373817443847656 2.817676862080892
2.9537026087443032 2.9311138916015627
3.439126205444336 3.3244702021280923
3.0628926346941694 3.0245898702870244
3.5853782322095786 3.4494682594581887
3.7411007351345487 3.370295933314732
3.6625573900010853 3.4197190602620444
3.569020053796601 3.506875710409196
3.4250253530649037 3.4250253530649037
2.5826901522549717 2.5774787768983005
3.1175970780222038 3.0837802574282787
3.5576161702473956 3.5353107858211437
3.5353107858211437 3.332751668294271
2.937480163574219 2.895685831705729
4.451042175292969 4.451042175292969
2.9214282696063703 2.787307326858108
3.2820064544677736 2.8617577490868507
4.240927378336589 3.949718713760376
3.61800695348669 3.4562407984878076
3.112872783954327 2.932981654575893
3.348891848609561 2.9043114240779433
4.406058367560892 3.342651989995217
3.061901545120498 2.9952290852864585
3.5258629538796167 3.355294636317662
3.073659044630984 3.0509425571986606
3.4878734241832388 3.3096555982317244
4.847591106708233 3.836472473144531
3.4871832529703775 3.3216069539388022
4.015807822898582 3.4333066073330967
3.8604819774627686 3.7411007351345487
2.8514005220853367 2.773566246032715
2.9028634207589286 2.89432250128852
3.882824617273667 3.5128948974609373
4.360358605018029 4.1598258972167965
3.087950272993608 3.087950272993608
2.789915592298595 2.78038820446047
3.45288569132487 3.2612366449265253
3.3789585658482144 3.2973793225410657
4.515788222804214 4.428386143275669
3.0184182559742645 2.941288948059082
2.80731201171875 2.7472734723772323
3.9385910034179688 3.0184182559742645
3.5365795135498046 3.443405498157848
2.7868705325656467 2.7453372955322264
3.1835258483886717 2.773566246032715
3.2107006008342163 3.073477783203125
3.751141684395926 2.821935017903646
2.686551557268415 2.630657817042151
2.5719808707559917 2.5719808707559917
2.818548867868823 2.818548867868823
3.9414258003234863 3.444331850324358
4.456117757161459 3.6978691948784723
3.4330225857821377 2.902397882370722
3.3698886235555015 2.834580557686942
3.1626226251775567 3.1626226251775567
2.7748073709422143 2.767576187375992
2.920729573567708 2.8874821518406724
3.8480354757869946 3.679093497140067
3.232815980911255 3.111783027648926
2.6888956816300102 2.6684355559172452
4.127738659198467 3.0547966957092285
3.057589818560888 3.0547966957092285
3.4501777317212974 3.4501777317212974
3.4494682594581887 3.393390523976293
3.073659044630984 3.0509425571986606
2.9468203685322747 2.910078361852845
3.4735092163085937 2.8293589423684513
3.1174529393514 2.84991455078125
3.0936815598431755 2.6769839477539064
3.3698886235555015 3.0032979525052586
3.050189208984375 3.0286929790790262
3.836421379676232 3.567448335535386
3.6811601793443836 3.623285146859976
2.887727685876795 2.819836283839026
2.7306853893191314 2.726771206325955
3.6295513576931424 3.5726242065429688
3.5677421569824217 2.846583316200658
5.467655944824219 4.2116443634033205
3.6353481977413864 3.428956112619174
3.6353481977413864 3.6353481977413864
3.9472334725516185 3.5365795135498046
3.250362765404486 2.8888343224158652
3.0109346597501547 3.005875374506978
2.9538476206090327 2.950439236688276
2.9687788827078685 2.9229327786353325
2.988438034057617 2.9335750233043325
2.9907849629720054 2.8635940551757812
3.4205090752963363 3.037378133138021
3.1465660003294427 3.0638047020034036
4.705686715932993 3.3072106255425346
2.85043212890625 2.830864558144221
2.8350499039989407 2.8318070442445817
3.1396412096525492 3.054367692503211
3.7470404681037452 3.2245466170772428
4.080995832170759 3.840215047200521
2.9037987845284596 2.838834762573242
3.676407708062066 3.1543603194387337
3.5853782322095786 2.910078361852845
3.924706063619474 3.36303955078125
2.87800194235409 2.834109878540039
3.2219975120142887 2.8794009560032894
2.89432250128852 2.856500716436477
2.840382783309273 2.8314308633609695
5.143063227335612 3.3648978339301214
3.3609096820537863 3.3096555982317244
3.805919353778546 3.0898971557617188
4.633452945285374 3.4262175926795373
3.45682373046875 3.4262175926795373
3.0720458984375 3.0556174613334037
3.285803618254485 3.1555490204782197
3.4878734241832388 2.920729573567708
6.028277079264323 5.428493499755859
3.658770424979074 3.1799278259277344
5.778730010986328 4.9996161460876465
3.058724194038205 3.0109998914930554
2.9224899754379736 2.9028634207589286
3.311181155118075 3.311181155118075
3.2363575526646207 2.988438034057617
3.4838769846949083 3.2689877560264184
3.7789358956473214 3.465325803172832
3.4013766584725214 3.3004730526763613
3.044730446555398 2.9497536947560863
3.7769100666046143 3.1568482716878257
4.316697692871093 2.9624690303096064
3.170241908023232 3.087950272993608
3.5819184439522878 3.0482523441314697
3.1568482716878257 3.054443359375
3.3096555982317244 3.0139621098836265
3.3094497680664063 3.2502708435058594
2.984622075007512 2.9499914986746654
3.3698886235555015 3.3698886235555015
3.097536954012784 3.097536954012784
3.0849609375 2.827053687686012
2.705229123433431 2.705229123433431
3.0834142049153646 2.904514387542126
3.944659423828125 2.980614083712218
2.8135836791992186 2.5951891132429536
2.5774787768983005 2.5728785627979343
4.234106063842773 2.9324571946088005
4.2734825134277346 3.8921966552734375
3.348957755348899 3.1782745361328124
2.7266717726184475 2.6202457004123265
2.6026159792530295 2.5951891132429536
3.797667559455423 3.033572582488364
2.8989764126864346 2.8989764126864346
4.225716484917535 4.092108154296875
3.3666713319975754 3.2460767473493304
2.9412161020132213 2.930180563855527
3.384316853114537 3.340864054361979
3.086545789563978 3.086545789563978
3.274166987492488 3.004977756076389
2.9470017377068016 2.943275158221905
3.3698886235555015 3.1573113335503473
2.910078361852845 2.8806411534139555
3.6625573900010853 3.2645833333333334
2.8669357299804688 2.8289080810546876
3.2055829804519127 2.910613231169872
2.79213962039432 2.7769559534584602
2.7467818350162148 2.6905795580720246
3.4808409554617747 3.1717279607599433
3.4770923614501954 2.8026310511997767
2.9956515502929686 2.8233617146809897
3.3698886235555015 3.071347323330966
2.786331354185592 2.7778960141268643
5.582603454589844 5.582603454589844
2.9249982691522853 2.9232839696547566
2.894345199852659 2.88574468894083
2.8747778499827668 2.871184443084287
3.232890803639482 3.185595703125
3.0239495942086885 2.912933894566127
3.274807929992676 3.1493819799178686
2.686551557268415 2.5525113932291665
2.5728785627979343 2.5514728496601053
3.531316969129774 3.274166987492488
3.9509808858235678 3.1557706507240852
3.1843613133285986 2.783108038651316
2.698889888934235 2.695548237233922
2.6858922372950187 2.6878074156034977
4.438381195068359 3.949718713760376
2.858586629231771 2.847047960436022
3.2645833333333334 3.101283836364746
2.9475206647600447 2.87800194235409
3.577744410588191 2.921859550476074
3.0837802574282787 3.0532982459435094
3.1874349382188587 3.0683968283913354
3.1568482716878257 2.8977222442626953
3.2354984657437194 2.990960482893319
4.072485703688401 3.4501777317212974
3.2277112688337053 2.922161420186361
2.9785021268404446 2.920729573567708
2.846583316200658 2.8401123438126
3.2645833333333334 3.2645833333333334
4.403280506963315 4.0370362804782
3.4349690950833836 3.3859560830252513
3.5280388726128473 3.301815845927254
3.3698886235555015 3.3921154022216795
3.9385910034179688 3.0482523441314697
3.9261651611328126 3.8693036679868347
3.723771667480469 3.452044350760324
3.1789930912486293 3.0632969953011777
3.7411007351345487 3.5586776733398438
2.8985055994104454 2.8955804998224433
4.92531140645345 3.5258629538796167
5.494300842285156 5.494300842285156
4.076632080078125 3.4239894785779588
3.882824617273667 3.4494682594581887
3.016307406955295 2.9675649642944335
3.054443359375 2.8874821518406724
2.685500636245265 2.6878074156034977
3.391338094075521 3.343252658843994
3.8897765023367747 3.5095239119096235
3.073659044630984 3.030007755055147
2.959869776016627 2.926441192626953
3.845481109619141 3.237604224163553
3.020005382191051 2.9579357440655047
4.312587738037109 3.917392306857639
3.3619140625 3.255662282307943
3.4704183850969588 3.445439042716191
3.7749180793762207 3.4011151240422177
3.9781306873668325 3.6488616943359373
2.819456503424846 2.778865939968235
3.708729214138455 3.5137835415926846
4.422972785101996 3.671009063720703
3.4263444788315716 3.0759714487436653
4.051968892415364 3.909313201904297
4.134305136544364 3.497786113194057
3.030007755055147 2.8806411534139555
2.8932615915934243 2.7359348219268176
2.6570359062902704 2.648095763555848
3.909313201904297 2.953029155731201
3.932990409232475 3.4505535188268444
3.0632969953011777 2.9962352405894888
2.7291057353117028 2.711812239426833
3.4501777317212974 2.796717150457974
2.908974898488898 2.864765343299279
3.9385910034179688 3.3094497680664063
3.866552654065584 3.25032256370367
3.3560999994692593 3.327232996622721
2.7266717726184475 2.5653008355034723
2.8705150059291293 2.825085762219551
2.8982878093478046 2.8656639685997596
3.604673385620117 2.9675649642944335
3.6556666447566104 2.6651658403112535
3.0954740677756827 3.077631353021978
3.938063939412435 2.8650926443246694
3.0806543986002604 2.8989764126864346
2.80731201171875 2.7553473079905793
2.773403803507487 2.768372755784255
3.8980800083705356 3.8980800083705356
3.299365099738626 3.2219975120142887
4.080995832170759 2.923453630719866
3.3072106255425346 3.281499984416556
3.3698886235555015 3.2657579694475447
2.7200296692929027 2.713384659563909
4.155267079671224 3.6477313571506076
3.4408724975585936 3.380735609266493
3.224626064300537 3.224626064300537
2.8156016956676138 2.7640656816198472
3.5853782322095786 2.8322946833468032
3.3698886235555015 3.2657579694475447
3.428956112619174 3.332751668294271
3.4916965260225186 3.1980411695397417
3.3286871141003025 3.203339405548878
3.3096555982317244 3.188941282384536
3.7324530283610025 2.8345477764423075
3.5586776733398438 3.4250253530649037
3.0338495994100767 2.96511723445012
3.8604819774627686 2.98570223207827
3.0945336478097096 3.0759714487436653
3.1375210918957674 3.096611636808549
2.8885072072347007 2.6684355559172452
2.927053278142756 2.8650926443246694
2.698889888934235 2.698889888934235
3.9174417768205916 3.7769100666046143
3.5388732260846076 3.4676280302159928
4.007077625819615 3.370295933314732
2.6618194580078125 2.6541284259996916
3.558049252158717 3.558049252158717
3.3094497680664063 3.0482523441314697
2.79232182578435 2.791010538736979
3.1153353736514138 2.7881210327148436
2.7200296692929027 2.7077132936507935
4.4701995849609375 3.794837236404419
2.8635940551757812 2.8345477764423075
2.7637706083409928 2.716882028887349
2.965492757161458 2.9202999538845487
3.3698886235555015 3.3698886235555015
2.7699508666992188 2.736614990234375
2.655964152018229 2.6523453353287336
3.842545142540565 3.2882040272588315
4.011458901798024 3.297516985637386
3.1236385345458983 2.846712212813528
3.220015242293074 2.961012500827595
3.6625573900010853 3.4878734241832388
3.0782880843824643 3.043141634270335
3.405824221097506 3.309521230061849
3.321387114348235 3.0859200893304286
4.571783701578776 3.6018259865897044
3.3698886235555015 2.5795394655257935
3.391421454293387 2.9787530444917225
2.8221803937639507 2.7995983025966544
3.3921154022216795 2.6386289374772893
3.550689697265625 3.2308921813964844
3.5819184439522878 3.2502708435058594
3.4687066078186035 3.1996847788492837
4.093441327412923 3.188941282384536
4.447845840454102 3.9932659694126675
3.5819184439522878 2.9192481268019903
4.12074454171317 3.6952383003982843
2.933622952165275 2.853562638566301
3.3805503845214844 2.8989764126864346
3.2882040272588315 2.92759522937593
3.1131482805524553 3.0646153325619907
2.882867027731503 2.825085762219551
2.9475206647600447 2.920729573567708
3.296018747182993 3.0201677021227384
2.9675649642944335 2.909389993418818
3.2573638916015626 3.0983269585503472
4.324798583984375 3.4276026799128605
4.259180854348576 4.101423564710115
3.201717558361235 3.0930023193359375
4.190889798677885 3.3433330905052925
2.942520347801415 2.9394460824819713
3.7324530283610025 2.9907849629720054
3.188941282384536 2.782657199435764
3.0642880526455967 3.0428609433381455
4.01013288826778 3.7688404804951436
2.8228803935803866 2.8215450286865233
3.767007928145559 3.1541878304830413
3.8513630834119073 3.795037546465474
3.2292258318732765 2.9499914986746654
4.297744433085124 3.903793783748851
3.3642492294311523 3.1835258483886717
3.4878734241832388 2.8401123438126
3.6859557136656744 3.5249369303385416
2.976318091676946 2.9468203685322747
2.7866318073678524 2.761977346319901
3.004576382571704 2.976690557938588
3.054443359375 2.9785021268404446
2.837844669117647 2.8322946833468032
3.443405498157848 3.0936815598431755
3.087950272993608 2.9527356377963363
3.066651725769043 2.918799809047154
2.819836283839026 2.7200296692929027
3.1568482716878257 2.9624690303096064
2.7029141939603365 2.709859569170322
3.3698886235555015 2.6499256040991805
3.4934237553523135 3.4397190638950894
2.819836283839026 2.758271161247702
2.8099072364068802 2.7991143384026094
3.8055498676915325 3.41469991432046
2.894930124282837 2.6232091431976645
2.6569622264188877 2.625719028049045
3.0987494169776117 2.9756013639680634
3.281499984416556 3.2354984657437194
3.2147688955630898 3.15968452065678
3.0174453170211226 2.9280070367260516
3.0509425571986606 2.8569780180725872
3.4791512922807173 3.4154717127482095
2.676959737141927 2.676959737141927
3.050189208984375 2.9122242647058822
4.1057498070501515 3.969427490234375
3.1835089044256524 3.0372992621527777
3.001138480605593 2.949137559047965
3.9654630025227866 3.4012149464000356
3.73482929576527 3.73482929576527
3.8344707878268496 3.6010194808717757
2.8356388279649076 2.8357784612392023
3.3944310602152123 3.3663610284978693
2.751598810745498 2.7434436504657453
3.935334368449886 3.6940295649509802
2.9351116943359377 2.8660863240559897
3.100265244306144 3.0021199265571488
3.491755852332482 3.4011049906412762
4.0246725643382355 3.537339274088542
3.909313201904297 3.489499092102051
2.696846175367815 2.7082671205440683
2.8222455035199174 2.817691926033266
3.3500724926329495 3.2580801156850963
4.411857604980469 4.223157564798991
3.2320931174538354 3.1326943856698497
3.298260313091856 3.298260313091856
3.050189208984375 2.959711710611979
3.825761159261068 3.444331850324358
3.060936712449597 3.0239495942086885
5.154138776991102 3.595238276890346
3.1113797505696614 2.9463907877604165
3.3463516235351562 3.1726827376928086
4.02169189453125 3.5128948974609373
2.8087766310747933 2.8026310511997767
3.12511355377907 3.12511355377907
2.7673743353949654 2.7570285549411526
3.6477313571506076 3.2363575526646207
2.959660121372768 2.9335750233043325
2.7838656517767135 2.7264542830617806
3.5677421569824217 3.3609096820537863
3.12511355377907 3.0106903651975236
3.7324530283610025 3.7324530283610025
3.278416560246394 3.039656789679276
3.043603980022928 2.9052325833228325
4.259180854348576 4.259180854348576
3.220015242293074 3.1857387836162863
2.7838656517767135 2.6888956816300102
2.8874821518406724 2.861093944973416
3.2645833333333334 3.2645833333333334
3.0283426424352133 2.907079444741303
2.9956515502929686 2.9624690303096064
3.882824617273667 2.933651878720238
2.9475206647600447 2.8874821518406724
3.3654814929496952 3.15968452065678
3.0572998046875 2.964688208795363
3.199970245361328 3.021810178403501
3.2354984657437194 3.1769952606736567
2.7584036690848213 2.7452442771510075
3.224626064300537 2.9475206647600447
2.9624690303096064 2.9475206647600447
2.9335750233043325 2.7264542830617806
4.035613250732422 3.478540119371916
2.76704336743836 2.76704336743836
4.911682715782752 4.686003621419271
3.6932463774809965 3.5280388726128473
2.773566246032715 2.7149383544921877
3.1541878304830413 3.073659044630984
3.1688937377929687 2.990056088096217
2.9727775172183386 2.7827293395996096
4.190889798677885 4.02169189453125
3.0269251856310615 2.862469012920673
3.1263302889737217 3.073579788208008
4.352504730224609 4.057192993164063
3.568861643473307 2.9746372617524246
3.4230286280314126 3.1827163696289062
3.461272499778054 3.387281205919054
4.803116538307884 4.079048558285362
3.054443359375 2.9624690303096064
3.587278366088867 3.4329167416221216
3.1838780233304793 3.1838780233304793
3.659731183733259 3.2455629915804476
3.4878734241832388 3.3096555982317244
2.915930059891713 2.884476908137289
3.8971619606018066 3.4397190638950894
3.3641357421875 3.32083740234375
2.8231747150421143 2.8026310511997767
2.87800194235409 2.780499267578125
3.4687066078186035 3.1161507197788785
2.941288948059082 2.8635940551757812
3.082885177047164 3.082885177047164
2.9475206647600447 2.920729573567708
2.713384659563909 2.698889888934235
3.054443359375 2.8140695745294746
3.3698886235555015 3.0032979525052586
4.561051108620384 3.900498962402344
3.85323248969184 3.5589620150052586
4.093441327412923 2.8977222442626953
3.652643839518229 3.336397405256305
3.5853782322095786 3.220015242293074
2.98570223207827 2.882867027731503
4.225716484917535 3.8796205520629883
4.40097392689098 3.5853782322095786
3.9174417768205916 3.7769100666046143
2.8285379177186547 2.7900273940142464
3.309521230061849 3.0043621826171876
3.662325772372159 3.3900845050811768
2.910276730855306 2.878076341417101
3.0983269585503472 2.872178751627604
2.847047960436022 2.847047960436022
2.9651176051089636 2.741685524964944
3.42452221381955 3.393761923146802
3.188941282384536 3.0139621098836265
2.9624690303096064 2.933622952165275
2.920729573567708 2.920729573567708
2.988438034057617 2.7149383544921877
4.956414699554443 4.1361409700833836
3.233328907760148 3.225142661971275
3.348957755348899 3.2533751267653246
2.89107666015625 2.880948466639365
3.5145207619180483 3.3129365172567247
4.85405387878418 3.583990732828776
3.327232996622721 3.0194613434547604
2.8408777872721354 2.8087766310747933
3.672976493835449 3.278416560246394
4.223356701078869 3.743429472952178
3.7411007351345487 3.64212646484375
3.64212646484375 3.64212646484375
3.0139621098836265 2.8874821518406724
2.9497536947560863 2.9213129679361978
3.007584066951976 2.861793362364477
2.7328788138724662 2.682476043701172
3.4770923614501954 3.335712114969889
4.382844034830729 3.414785166255763
3.5128948974609373 2.910078361852845
2.9687788827078685 2.8047403475133383
3.556344441005162 3.2853823575106533
3.828912588266226 3.663327124810988
4.02169189453125 3.6691236950102306
3.220015242293074 3.073659044630984
2.920729573567708 2.869223894391741
3.391338094075521 3.2219975120142887
3.9236894495346966 3.7953555458470394
4.241710935320173 4.080235481262207
2.9161758422851562 2.819836283839026
4.181099700927734 3.2522408167521157
3.0642880526455967 2.711812239426833
2.695548237233922 2.6874143922483764
3.842545142540565 3.502714369032118
3.1161507197788785 2.8345477764423075
4.259868621826172 3.7519348689488004
2.859540515475803 2.8528112463048987
3.3209978268470293 3.3209978268470293
3.556738046499399 3.367657605339499
3.0201677021227384 2.988438034057617
3.4596580222800926 3.1825837480260972
4.011458901798024 3.7169169550356655
3.2625905087119653 3.2625905087119653
3.6488616943359373 3.587278366088867
4.173446273803711 4.173446273803711
4.007077625819615 2.8047403475133383
3.3247125087640224 3.2146951426630435
4.101423564710115 3.631212694891568
3.523680858122997 3.2107006008342163
4.5950400612571025 3.1685045030381946
3.742090606689453 3.512359619140625
3.8449072265625 3.651380920410156
3.313770375353225 3.2563548368566178
3.2645833333333334 3.0769457135881697
3.294782198392428 3.140394244277686
3.1568482716878257 3.0335146033245586
3.4761910787442836 3.29165303932046
3.0831003824869794 3.0488241690176503
2.8222455035199174 2.789915592298595
3.337784903390067 3.015531984094071
3.4760173450816763 3.414168357849121
2.9928383567116477 2.933651878720238
3.0769457135881697 2.9624690303096064
3.8693036679868347 3.81927306076576
2.810929979596819 2.735594586628239
2.963478698730469 2.8736705780029297
3.2231561997357536 2.979815263014573
3.81927306076576 3.73482929576527
3.360680863663957 3.2435699462890626
3.3094497680664063 3.3094497680664063
2.8347910288217903 2.7576977199978296
3.6919572938163325 3.39261379489651
3.1581756591796877 3.138650894165039
3.579409577125727 3.3477826034813596
3.3698886235555015 3.2657579694475447
2.909022331237793 2.8358802795410156
3.3698886235555015 2.705555771336411
2.754866184332432 2.644258771623884
3.3698886235555015 3.1573113335503473
4.153710451993075 3.9417560283954325
5.523467472621372 3.7383721393087637
4.489047050476074 3.335721015930176
4.2185275268554685 3.7872227849187077
3.797667559455423 3.1349004109700522
3.0090063589590565 2.9461251535723285
4.213271822248187 3.650645891825358
2.854328367445204 2.8347651163736978
3.1554794311523438 2.738479232788086
3.4687066078186035 3.0184182559742645
3.1362664699554443 2.835330539279514
3.075988292694092 2.909389993418818
3.767007928145559 3.298260313091856
3.1924632238963295 3.102981765548904
3.0335146033245586 2.8977222442626953
3.9174417768205916 3.7769100666046143
3.073659044630984 2.8995365750962407
3.1558630807059154 3.073579788208008
3.767007928145559 3.5853782322095786
2.6963511380282315 2.682476043701172
3.237227303641183 3.104487827845982
3.2820064544677736 3.0710756855626262
3.2852840847439237 3.2610512591422873
4.438381195068359 4.080995832170759
4.080995832170759 3.840215047200521
3.0950393676757812 2.9993496704101563
2.918124291204637 2.709590609111483
2.706993341445923 2.706993341445923
2.671231897865854 2.669672770672534
3.2817142193134012 3.139741897583008
2.8212803807751885 2.743694408519848
2.685345879916487 2.681773557501324
2.932404168761603 2.9095615552819294
2.847047960436022 2.8146909713745116
3.0983269585503472 3.0983269585503472
3.2677013874053955 3.2292258318732765
3.9472334725516185 3.2363575526646207
3.0835617527817236 3.0599600655691965
4.07349123273577 3.7246456146240234
3.2115667724609374 3.2115667724609374
3.8581411743164065 3.0913014131433822
3.064203618646978 3.0487240439967107
2.6913661483890756 2.6947191544161497
3.0589846656436013 2.7868705325656467
2.686353659328026 2.6851548656974873
3.2652388021979535 3.1813876600150603
2.988766577935988 2.9150848388671875
3.646688216771835 3.4939205088513963
3.508215566781851 3.3439980899586397
3.1438045861586086 2.9967003391213614
3.0433821458082932 3.007137674680898
3.042909304300944 2.909022331237793
3.0895596208243536 3.022318222943474
3.3698886235555015 3.2657579694475447
3.0859200893304286 2.970954116509885
2.8140695745294746 2.7928170776367187
3.4494682594581887 3.4494682594581887
2.66266026990167 2.661591610666049
3.1564505864115593 3.1265289586618406
3.276013604525862 3.276013604525862
3.177945798581785 3.12586376953125
2.988438034057617 2.7640875614050664
2.794528648501537 2.7931306900516635
3.991461048955503 3.9261651611328126
5.3865640428331165 4.383812848259421
3.312206127025463 3.312206127025463
2.988438034057617 2.835330539279514
2.976318091676946 2.8995365750962407
3.2245466170772428 3.0859200893304286
3.3833774473608993 3.0967119885729506
3.7433026123046873 3.7433026123046873
2.8952570206079726 2.8952570206079726
3.296018747182993 3.2363575526646207
2.8165527893616273 2.8098536128491425
2.9926201315487133 2.9510406949626864
3.2256025834517046 3.1771507263183594
2.9468203685322747 2.7714641901451773
3.3096555982317244 3.3096555982317244
3.1362664699554443 3.0936815598431755
3.1362664699554443 2.9335750233043325
3.934278869628906 3.238809990160393
3.414168357849121 3.3603955782376804
3.9472334725516185 3.0201677021227384
4.591070175170898 3.761920166015625
2.961012500827595 2.910078361852845
4.555534885354238 4.555534885354238
4.943062815946691 4.920590122767857
4.667226155598958 4.649899317213326
5.0349102598248106 4.653592300415039
4.801734076605903 4.588996039496528
4.829180117006655 4.838322230747768
4.653149604797363 4.630641249359631
4.915579659598214 4.915579659598214
5.22384770711263 4.686313726963141
4.783872956682922 4.76553955078125
4.884727611876371 4.884727611876371
4.475958188374837 4.453927088265467
4.563881520474895 4.4855933779761905
4.9218429129464285 4.904611174593267
4.696795354123975 4.741920047336155
4.595514890526523 4.570267406862174
4.702128712723895 4.702128712723895
4.97067590661951 4.875980334335498
4.811582907652244 4.811582907652244
4.22282470703125 4.22282470703125
4.732762212338655 4.701651646540715
5.092286220816678 5.092286220816678
4.509753241055254 4.274923642476399
4.558814592258905 4.537320454915364
5.076379527216372 5.016581217447917
4.84395295670889 4.6783440290178575
4.906094719381893 4.682653356481482
4.650270349839154 4.5595703125
4.450956798735119 4.523378545587713
4.631103515625 4.607463388790486
5.144927300347222 5.172085232204861
4.895182132720947 4.895182132720947
4.49445070539202 4.537302054610907
4.791288005771921 4.835761028787364
5.1310098436143665 4.988031659807477
4.591045726429332 4.591045726429332
4.730457979090073 4.6964650339894485
5.006978352864583 5.006978352864583
4.714361947342004 4.714361947342004
5.117164958607066 5.117164958607066
4.411612277560764 4.277564213193696
4.690218691794288 4.72829833984375
4.892174614800347 4.655230712890625
4.528071539742606 4.593110028435202
4.933436936598557 4.766261596679687
4.851123609040913 4.80329347268129
4.821071515764509 4.711177516627956
4.613182067871094 4.613182067871094
4.682793442083865 4.711350213913691
4.8833229758522725 4.8833229758522725
4.752273361404221 4.752273361404221
4.779925178079044 4.624096238469503
4.400018746512277 4.490418976428462
4.678011067708334 4.678011067708334
4.713765311535494 4.7143768383730515
4.533864772066157 4.59347652464874
4.656839121942935 4.66869688870614
4.819424438476562 4.716584808972417
4.652375654740767 4.663627624511719
5.008159768992457 4.9421761648995535
5.022669623879826 4.909955411343961
4.729907114571388 4.729907114571388
4.774212847699176 4.774212847699176
4.719797419405531 4.721153115326503
5.204965030445772 4.922438236705044
4.816387067522322 4.827979518942637
4.561222885594224 4.595712515024038
5.232591756184896 5.232591756184896
5.0531747436523435 4.89938780318859
5.067813555399577 4.9214865944602275
4.64280055513318 4.631187296802213
4.554403042574541 4.698520108588837
4.813736353165064 4.698653481223366
4.892119905841884 4.713376301090892
4.529575147126851 4.454532042244412
4.574121935614224 4.57837160669192
4.617013642282197 4.567803775562959
4.835180443453502 4.810972667875744
4.6771960559192 4.686790064761513
4.8902426326976105 4.845054626464844
4.764134237211045 4.670976118607954
4.7715864181518555 4.716626567225302
4.715184190538195 4.81027099609375
4.650434121318247 4.547539127030562
4.675653745050299 4.657150065104167
4.47861925760905 4.47861925760905
4.799408178535296 4.757675915229611
4.36694819752763 4.5550401904914954
4.504256277373343 4.685293597375561
4.67096562348595 4.67096562348595
4.632332393101284 4.632332393101284
4.637792200475306 4.655060541062128
4.692140851702009 4.644118476159794
4.698628874747984 4.753554316292032
4.565792377178486 4.5175801790677586
4.4110028948102675 4.795437034116972
4.582449191954078 4.469937028556035
4.709901398303462 4.63448696794181
4.346999698215061 4.770881446632179
4.352650282118056 4.352650282118056
4.762320018949962 4.762320018949962
4.945680317125823 4.478488829077744
4.779317611303085 4.773400200737847
5.2250315348307295 4.922756298168285
4.630492500636889 4.616247812906901
4.741033619847791 4.666624140918703
4.738235936020359 4.684591854319853
4.669027774891955 4.775734456380208
4.865625718060662 4.574154038027109
5.395530700683594 5.395530700683594
4.7590576171875 4.780977269222862
5.091275666889391 4.9843189239501955
5.255037356645633 4.91239095471569
4.618746898213371 4.673631147904829
5.056572596232097 5.056572596232097
4.615379125042692 4.629439871651786
4.537739216780462 4.453387582902428
4.640892664591472 4.643831225933057
4.700137998999619 4.816926986452133
4.838441582136257 4.838441582136257
4.691591599408318 4.596707857572115
4.765969134391622 4.765969134391622
4.9610078699448525 4.932233983820135
4.827163850418245 4.811288797630454
4.68472182959841 4.818324213442595
4.57746696472168 4.57746696472168
4.573261575137868 4.575934249363589
4.8034190302309785 4.843003285082081
4.749436519316983 4.729793128188776
5.005323573521205 4.9797738564981
4.783044603135851 4.7417146381578945
4.566612523915817 4.565657222972197
4.777319964240579 4.777319964240579
4.873566209224233 4.600128173828125
4.880999442858574 4.631963752297795
4.71732731335982 4.722678610543224
5.085244920518663 5.085244920518663
4.760268773788061 4.700937826802411
4.965333397708722 4.8832350767375345
4.896928523137019 4.68218429950105
4.97496103140024 4.907816269818475
4.708589054987981 4.673717550098094
4.886556380834335 4.867436662504945
4.7755584716796875 4.763497684778792
4.9860788981119795 4.614306561358563
4.884676764993107 4.6335989815848215
4.859547008167613 4.859547008167613
4.402523803710937 4.330038042210821
4.71885471717984 4.7634124755859375
4.79485535353757 4.79485535353757
5.169696807861328 5.169696807861328
4.682389922955069 4.705639869379242
4.8614349365234375 4.839859595665565
4.939136962890625 4.86249683521412
4.375458635602679 4.407266272119729
4.756348690744174 4.756348690744174
4.807495513519683 4.75925644584324
4.617912968502769 4.693945212442367
5.001021030970982 4.944520670572917
4.9382958984375 4.762136510900549
4.765378844063237 4.556904093424479
5.1793282645089285 5.099889654862253
4.999046556877367 4.796764720569957
4.636297663417431 4.621929530679744
5.028590066092355 4.811638365400598
4.909604159268466 4.766646385192871
4.787669067382812 4.581107691714638
4.659856284536967 4.611403222177543
5.023207891555059 4.90175030682538
4.619711211233428 4.619711211233428
4.840424262152778 4.652501886541193
4.752662140188865 4.752662140188865
4.993443489074707 4.910765857231326
4.616608911631059 4.543488412533167
4.564230056036086 4.535401777787642
4.782372646644467 4.626422588641827
5.12232186453683 5.019635084198742
4.876133567408512 4.743262581203295
4.944042499248798 4.944042499248798
4.670142491658528 4.7043923770680145
4.843252182006836 4.831506701483243
4.781620314141281 4.76599462890625
4.476403002469045 4.468186272515191
4.388184547424316 4.388184547424316
4.801087496573465 4.745664469401041
4.76585929624496 4.621132483849158
4.571817346521326 4.528903052920387
4.6568519005408655 4.650375738376525
4.671943359375 4.561840715079472
4.531185052333734 4.490658351353237
4.6981964111328125 4.471779812587781
4.649169177543826 4.6113594748757105
4.843720626831055 4.635132598876953
4.853653733747719 4.788892528678797
4.385557348077947 4.385557348077947
4.995471477508545 4.707119523986312
4.717687855596128 4.4713618580887955
5.008951941201853 4.890345902876421
4.819253154184627 4.825751410590278
5.061381270245808 4.908945017847522
4.6044603135850695 4.6044603135850695
4.837965223524305 4.837965223524305
4.602681699006454 4.602189184914173
4.560917374894426 4.615838900479403
4.900571823120117 4.900571823120117
4.486774444580078 4.623089308965774
4.583161510120739 4.63402660472973
4.506056994926639 4.5101088579963236
4.881984363902699 4.915315676958133
4.992894952947443 4.876078578404018
4.7271131727430555 4.745153090533088
5.04646246773856 4.88878940014129
4.958538925438597 4.972916666666666
4.570578918457032 4.570578918457032
4.46230813731318 4.46230813731318
4.712227884928385 4.6251764166845035
4.737248375302269 4.585990058051215
5.079538822174072 4.690119045883862
4.702280836838942 4.702280836838942
5.319989013671875 4.863733652475718
4.2183789571126304 4.2183789571126304
4.760548253213206 4.7579299347310124
4.5498301188151045 4.49360013295369
4.506780450994318 4.506780450994318
4.702454940132473 4.596545918782552
4.447492599487305 4.536899689705141
5.101712740384615 4.976999202244718
4.646191041861007 4.597348813657407
4.903805381373355 4.812985604269462
4.433266916582661 4.433266916582661
4.480363054973323 4.394918001615084
4.687419573465983 4.696545350898817
4.874635395250823 4.867133322726475
4.903801551231971 4.590592956542968
4.888066218449519 4.838195260647124
5.097854223006811 4.98986536428469
5.045247395833333 4.868009294782366
4.795921119483742 4.723433358328683
4.611982272781488 4.611982272781488
4.593073362945228 4.593073362945228
4.770056066378741 4.822302858801883
5.124533843994141 5.172118123372396
4.834463314134247 4.787910970052083
4.667831186147836 4.667831186147836
4.796226501464844 4.815150107106855
4.636995035807292 4.636995035807292
4.678595254587573 4.656715249115566
4.8745698671083195 4.880011733697385
4.827751422750539 4.858705520629883
5.003835824819712 4.99694771602236
4.613424777984619 4.56286872785116
4.926352945963542 4.659875680014725
4.414233792212702 4.450556574641047
4.893577858253762 4.904722712590144
4.822855198636968 4.7701161702473955
4.567635361029177 4.5487892844460225
5.028952654670267 5.028952654670267
4.594236909673455 4.722006962217134
4.767891161369555 4.796864939259959
4.477145565257353 4.555868397588315
4.556202076099537 4.6126350268983005
4.625542776925223 4.512735703412225
4.912234138039982 4.912234138039982
4.56034541309328 4.6044166966488485
5.035997517903646 4.912107514172066
4.560061136881511 4.615209797084732
4.728570884450927 4.728570884450927
4.614801580255682 4.570613059676996
4.565901447955827 4.580175605609263
5.02422780004041 4.752927529691446
4.620484069153503 4.576227969215029
5.364469800676618 5.364469800676618
4.735523025424494 4.735523025424494
4.628878163025442 4.624261085023272
4.636423110961914 4.628810925430127
4.831283341592817 4.9012467375898785
4.539941104841821 4.538293882857921
4.794481682054924 4.772986986360498
4.814296998839447 4.814296998839447
4.885616302490234 4.842647377961601
4.708418709891183 4.595315987723215
4.5335825794148 4.491821016584124
5.430515891627262 5.031751098632813
4.694922553168403 4.703073994094777
4.634097063982928 4.6311897143983005
5.186668395996094 5.186668395996094
4.838005542755127 4.669809115135063
4.717390979794289 4.723119203736182
4.785781077849559 4.750315725067516
4.7416357421875 4.812920772668087
4.655641850736952 4.641797306561711
4.804058036418876 4.804058036418876
4.989480477792245 4.613620064475319
4.803475952148437 5.026028655296148
4.819694688585069 4.689520835876465
4.559858049665179 4.420486886160714
4.746590449892241 4.752405885790215
5.149776683134191 5.035192316228693
4.499307779165415 4.629994710286458
4.6792725783128 4.811425698770059
4.97445333228921 4.935294983878968
4.700529953529095 4.632979393005371
4.990405933277027 4.753422489872685
4.954392311789773 4.8509462271163715
4.840795762046089 4.731384534876055
4.645486293694912 4.424950533134993
4.784243999711619 4.68538031176986
4.454194953642696 4.489159652867268
5.013982863653274 5.013982863653274
4.514173816499256 4.514173816499256
4.71326706172284 4.71326706172284
4.79840087890625 4.79840087890625
4.859347806118502 4.887244297907903
4.952774803237159 4.906288655598958
4.595343557344813 4.627331783896999
5.337472098214286 5.007070367986506
4.867840442028674 4.863335560944121
4.832929158948131 4.801375816608298
4.924011747715837 4.899484114213423
4.767367168537621 4.784876319126309
4.693913713286195 4.814649684454805
4.903648113382274 4.863307291666667
5.451384408133371 5.060696207682292
5.173025948660714 5.022664388020833
4.798550415039062 4.62378358004386
4.4885879024382564 4.526999337332589
4.772086007254464 4.767845686091933
4.8720561326152145 4.811209272044573
4.698392427884615 4.665956009265988
4.961202725497159 4.837136118035567
4.7016448974609375 4.7016448974609375
4.791513125101726 4.786668194835209
4.921111704310555 4.91267062309093
4.819757409997888 4.900191196175509
4.786993353216498 4.770902715177617
4.568860240818299 4.495790152714171
4.633805411202567 4.6279397759555785
4.665970836611961 4.649275237438726
4.754085540771484 4.723363110142896
4.5299530029296875 4.1701212343962295
4.911381489521748 4.739466951921653
4.533864772066157 4.611224996632543
4.530931690071203 4.61913056069232
4.3111315275493425 4.657764523528343
4.657805412046371 4.670097582267992
4.69591064453125 4.699596967853483
4.615775119052844 4.596259223090278
4.672497703915551 4.666078295026507
4.852871802545363 4.852871802545363
4.533217708621405 4.759952545166016
4.930722554524739 4.930722554524739
4.641540131011567 4.598541259765625
4.782031812165913 4.782031812165913
4.988558893618376 4.988558893618376
4.662486200747282 4.6847887541118425
4.754827565160291 4.718919097400103
4.459664481026786 4.407641242532169
5.044508056640625 4.7133841263620475
4.718154709060471 4.6808002178485575
4.905654698202055 4.849533376386089
4.3950916158741915 4.616618229792668
4.722326178299753 4.722326178299753
5.360948001637178 5.360948001637178
4.59845874927662 4.557253766741072
4.661155620374178 4.638990922407671
4.446394623303022 4.389305962456597
4.52703541722791 4.455504197340745
4.548859038910308 4.546914907602163
4.377101099768351 4.457321454893868
5.073239281063988 4.797531421367939
5.025913238525391 4.749741236368815
4.532105879350142 4.519632975260417
4.572399751639661 4.562336490028783
4.4244441184677 4.474603074596774
4.601581338011188 4.654392032172736
4.566808262477915 4.57395634034864
4.634328481313345 4.63925041670908
4.664700344876126 4.5787372441254846
4.696507486064783 4.696507486064783
4.78639013671875 4.715341228328339
4.636172242743201 4.638538250707304
4.759857855902778 4.703866640726726
4.8161736983287184 4.727621895926339
4.644694010416667 4.606584870413448
4.599559583162007 4.5471314139988115
4.467940902709961 4.467940902709961
4.660586270419034 4.611530848911831
4.729027963902828 4.62919426843318
4.533525953105852 4.485462033371041
5.0139722322162825 4.84612006110114
4.659892188178168 4.739898411573562
4.770748697916667 4.751283157703488
4.844934463500977 4.803834374271222
4.630462646484375 4.4309744107521185
4.554310692681207 4.60279342891034
4.697512568259726 4.748542522561961
4.925606929894649 4.757403132891414
4.670751550695399 4.703867206136689
4.489305998149671 4.505617831615692
5.215424026268116 5.141004240914677
4.56128960686761 4.507233976586464
4.637149073496587 4.661764197716346
4.597531976252256 4.571027483258929
4.68906676094487 4.625069381844284
4.790104413273359 4.594768948025173
4.631429672241211 4.657072824279379
4.659898792613636 4.654113235696064
4.363289781796035 4.36445122260552
4.805640869140625 4.773495785824887
4.80255873426259 4.795989165434966
4.923251527728456 4.648009102299528
4.597792891768722 4.543773367745536
4.688424293031084 4.6735370342548075
4.753351211547852 4.696583103489232
4.813993733723958 4.759584576896067
4.593832632211538 4.618844810439033
5.94721083207564 4.832639906141493
4.450948715209961 4.450948715209961
4.699275652567546 4.516428133336509
4.459042561848959 4.527044040053638
4.670404110314711 4.870787029024921
4.664950942993164 4.519074852786847
4.615020058371804 4.435609972154772
4.577175140380859 4.593281567581301
4.45206298828125 4.45206298828125
4.648081506401431 4.605929565429688
4.670099431818182 4.642959693170363
4.869762166341146 4.48297598702567
4.637887665719697 4.661764912221623
4.759273529052734 4.729709400850184
4.649869478665865 4.616217719184028
4.5010264326886436 4.45013111255787
4.963856371143196 4.739627000762195
5.2283172607421875 5.217001971076517
4.649881114130435 4.656753425311325
4.699705969769021 4.698625548811983
4.705105689264113 4.7086202687230605
4.686043148949032 4.676145281110491
4.8346405029296875 4.499848105690696
4.522365382460297 4.457731246948242
4.586818017330266 4.605246526544744
4.706712689316063 4.7219794488722275
4.717688949019821 4.550405696946747
4.6491546630859375 4.6285144250649815
4.792464615462662 4.750429518679355
4.7827392578125 4.490893085186298
4.532805009321733 4.436993001302083
4.573097492086476 4.637760573167068
4.724067306518554 4.840842051048801
4.550644459443934 4.496722801695479
4.361189293737856 4.3603972716478525
4.962864176432292 4.758669061175848
4.708150227864583 4.718062061374471
4.680128658519072 4.687229671280277
4.8351528930664065 4.685363016010802
4.659339904785156 4.637614552567645
