5.428737640380859 5.0973866780598955
2.8695279289694393 2.8575367518833708
4.650030771891276 3.141573698624321
3.0751866550310285 3.069783884328562
3.102981765548904 3.064901912913603
4.547168731689453 4.05133056640625
2.974667957850865 2.9366268034904235
5.333884102957589 4.327066548665365
3.4011151240422177 3.2231561997357536
3.643042130903764 3.299365099738626
2.9993496704101563 2.979815263014573
3.005875374506978 3.0011236281622025
2.7168247617524246 2.716788620245261
2.931460173233696 2.916777007433833
3.0130588428394214 2.9312510172526043
3.785950183868408 3.462189038594564
2.794522372159091 2.7932682037353516
3.050591060093471 2.801270745017312
3.8633836315524195 3.301815845927254
3.3641055879138766 3.3247722278941763
2.9555812737880607 2.9455692291259767
3.715577584725839 3.060091362624872
3.9472334725516185 3.782078742980957
2.937007359095982 2.7941456920695753
3.4878734241832388 3.4878734241832388
3.192313454367898 3.192313454367898
3.3184547424316406 3.2998312872809334
3.9604857308523997 3.9604857308523997
2.686551557268415 2.630657817042151
2.805445671081543 2.798210375236742
4.336127281188965 3.6191495259602866
2.8995365750962407 2.872178751627604
2.787307326858108 2.78038820446047
3.1209859074773014 3.0971703162560096
2.661591610666049 2.660658772786458
2.8794009560032894 2.851932791776435
2.8720999191056436 2.8708018134622013
2.773566246032715 2.7553473079905793
2.8711521751002262 2.781957543414572
3.127786134418688 3.101283836364746
3.9414258003234863 3.0286929790790262
3.6625573900010853 3.4197190602620444
3.7769100666046143 3.4878734241832388
2.8711521751002262 2.781957543414572
4.383099555969238 4.265881171593299
4.3803627707741475 3.866820391486673
3.0184182559742645 3.0184182559742645
4.02169189453125 3.882824617273667
5.192421468098958 4.48476741624915
3.1043069773706895 3.007584066951976
4.650030771891276 3.141573698624321
3.0128297351655506 2.991201574152166
4.650030771891276 4.208420889718192
3.0428609433381455 3.022735595703125
4.155267079671224 3.9472334725516185
3.593062973022461 3.457612991333008
4.316697692871093 3.7769100666046143
3.991461048955503 3.9261651611328126
6.103020804268973 5.791848659515381
3.020418340509588 2.864428895892519
4.611583094443044 4.081653849283854
3.2540979385375977 3.092058563232422
2.9900999677942153 2.970954116509885
2.7540545317292944 2.7547771174733233
2.8323637309827303 2.833811131106714
2.7236173387984155 2.7236173387984155
2.9318808697639627 2.9289446210527754
3.1263302889737217 3.050189208984375
2.7266717726184475 2.686551557268415
3.0618752872242645 3.0530445392315206
2.9900999677942153 2.9900999677942153
2.5544607979910716 2.556481037664851
3.1554794311523438 3.0806543986002604
2.549506333295037 2.5494667140916847
2.8206847054617747 2.80731201171875
3.2645833333333334 3.2645833333333334
3.3096555982317244 3.127786134418688
3.937519073486328 3.842545142540565
3.3247722278941763 3.1923863337590146
3.296018747182993 3.0936815598431755
4.092738850911458 3.76337134319803
3.380735609266493 3.055764431423611
3.2170573319538986 3.1552481366018963
2.92593752682864 2.8904541015625
4.234106063842773 3.7003271314832897
3.7169169550356655 3.6457757568359375
3.1266422271728516 3.1266422271728516
3.037713187081473 3.0174453170211226
3.0983269585503472 3.0509425571986606
2.779906661422164 2.7512851583546607
4.190535227457683 3.4250253530649037
2.8358802795410156 2.825085762219551
2.9624553479646383 2.902397882370722
2.686551557268415 2.686551557268415
2.8669664655412945 2.8669664655412945
2.765496826171875 2.759444197254068
3.444331850324358 3.299365099738626
3.631212694891568 3.5730381627236643
2.58011711968316 2.578559330531529
2.8308849869487442 2.8235568825258026
3.7267859674269155 3.6689899328983193
5.333884102957589 3.462408212515024
4.134305136544364 3.9816842079162598
3.2591016557481556 3.1876810073852537
2.909389993418818 2.909389993418818
2.958317806846217 2.936229139271349
2.9027181772085338 2.8212259928385417
2.8952570206079726 2.8952570206079726
2.933622952165275 2.933622952165275
2.8119850970329123 2.807599126076212
3.26954863792242 3.100265244306144
3.0470749122509058 3.035283908038072
2.955729054880666 2.950442406439012
3.147772780987395 3.1403609346752326
5.454020182291667 4.6791229248046875
2.9928383567116477 2.9928383567116477
3.1541878304830413 2.933651878720238
2.9663698296797905 2.9455692291259767
3.0335146033245586 3.0139621098836265
3.1502791184645433 3.1326943856698497
3.3042663998074002 3.1717279607599433
3.6625573900010853 3.5677421569824217
3.256938430498231 3.2477349175347223
2.9456520080566406 2.9308445371430496
3.4879593319363065 3.198054387019231
2.7989724477132163 2.7957938058035716
3.186610698699951 3.066651725769043
3.4687066078186035 3.0806543986002604
3.611218119776526 3.577306450737847
3.3072106255425346 3.281499984416556
5.435995248647837 4.708329853258635
4.0809429713657925 3.9414258003234863
3.9261651611328126 3.9261651611328126
3.391421454293387 3.269200219048394
3.4878734241832388 3.188941282384536
5.268957138061523 4.924030939737956
3.8768223353794644 3.6704529656304254
3.185955047607422 3.1530771255493164
3.045356288100734 3.0274978637695313
3.676407708062066 3.520999561656605
4.267530822753907 4.267530822753907
4.208420889718192 3.434464772542318
2.845356920030382 2.7941456920695753
2.999899491019871 2.9325069851345487
5.268957138061523 4.559209823608398
3.066651725769043 3.066651725769043
4.650030771891276 3.434464772542318
3.2330372661625573 3.22159143396326
3.505509009728065 3.3268982382381664
3.860571119520399 3.4517138163248697
3.1857387836162863 3.0509425571986606
3.2540979385375977 3.2222158813476565
5.377200444539388 4.591070175170898
3.0090063589590565 2.9461251535723285
2.7559922015080685 2.734831624956273
3.4329973418137123 3.3462295532226562
2.9438887532552083 2.917673369984568
2.7926889579986858 2.787307326858108
3.031720878664127 3.0078162273377864
3.027301450318928 2.9494160353535355
3.1984270881204044 3.1670710245768228
3.293759028116862 3.293759028116862
3.066523058661099 3.016429091944839
4.919968668619791 4.526940596731086
3.462189038594564 3.355294636317662
2.889742999009683 2.7926889579986858
5.081627478966346 4.464336997584293
3.237896591869753 3.1838780233304793
2.960580322265625 2.9564271461306593
3.0908612060546874 3.060105312017747
4.48978017171224 3.685309311439251
2.959660121372768 2.9335750233043325
3.0100327788806354 2.9841418926532453
3.6797447204589844 3.256131853376116
3.5483341217041016 3.3603955782376804
3.88820563422309 3.88820563422309
3.1362664699554443 3.0936815598431755
2.8514005220853367 2.7838656517767135
4.225716484917535 3.9781306873668325
3.066399892171224 3.044372253417969
3.643042130903764 3.444331850324358
5.373038844058388 5.174879528227306
3.2700963513604524 3.2700963513604524
3.5134260995047435 3.413999557495117
2.8695279289694393 2.84596930609809
3.882824617273667 3.767007928145559
3.0106903651975236 2.9928383567116477
5.484772576226129 5.484772576226129
3.073579788208008 3.0090063589590565
4.102692237267127 3.238809990160393
3.224626064300537 3.101283836364746
3.7902300357818604 3.6723348829481335
2.8694997151692707 2.7868705325656467
2.909389993418818 2.7915653901941635
4.240927378336589 4.240927378336589
2.6979360078510486 2.6890243902439024
3.277226765950521 3.1980411695397417
3.275815602895376 3.245228107158954
5.448001861572266 4.987285359700521
4.093441327412923 3.9174417768205916
3.7328785982998935 3.6517346700032554
3.9472334725516185 2.988438034057617
3.443405498157848 3.3642492294311523
3.1173681961862663 3.0794197640767913
3.4894693665585277 3.418269230769231
3.1358143199573862 2.9391935501975577
3.5586776733398438 3.5586776733398438
3.9182811313205295 3.8656648334703947
3.711739196777344 3.6717212818287037
4.190889798677885 3.767007928145559
2.7640875614050664 2.7553473079905793
3.041694164276123 3.0239495942086885
3.8633836315524195 3.6932463774809965
2.9625906944274902 2.923453630719866
3.093702090683804 3.061309210144647
5.268957138061523 2.8017695227334665
2.9408518997664306 2.936496619022254
3.127786134418688 2.933622952165275
2.9192481268019903 2.8635940551757812
2.717664776426373 2.717945611298974
4.650030771891276 3.019642007761988
2.875506301153274 2.8684645644179336
2.8869319106593276 2.8869319106593276
5.428737640380859 5.0973866780598955
5.268957138061523 4.267615127563476
3.225062052408854 3.1210795508490667
2.9473653940054088 2.8836588705739667
3.480233913514672 3.391210677775931
2.7497365012097714 2.747282001334177
3.803042996314264 3.7512371178829307
3.4329973418137123 3.3093163626534596
3.7857581605302526 3.4115770865177764
3.8693036679868347 3.6353481977413864
3.1236385345458983 2.9456520080566406
3.055340106670673 3.04538631439209
4.744893646240234 4.275460379464286
3.5217900131687974 3.2147688955630898
3.0139621098836265 2.9956515502929686
3.0398645708637853 2.985260433620877
3.882824617273667 3.767007928145559
3.303729248046875 3.1125512556596235
3.035283908038072 3.0050082516360592
3.790234120686849 3.3396881103515623
3.1554794311523438 2.8989764126864346
3.1012415268841913 3.0901538366558907
2.938151561430771 2.9349479400854315
2.6651658403112535 2.6041515003551137
5.268957138061523 3.441665302623402
3.747884750366211 3.7064488728841147
4.613720703125 3.933298155318859
3.8713043876316235 3.7165470829716436
4.650030771891276 3.554149921123798
4.316697692871093 4.316697692871093
3.7446131302138506 3.7055579013511784
3.0619747455303488 3.0475746437355324
2.8916315598921343 2.8866265190972222
3.435427643531977 3.2204134959094928
3.4180881894867996 3.149337421764027
3.495847865513393 3.460103215398015
3.691004435221354 3.6503720092773437
2.920729573567708 2.908783451203377
3.747711420059204 3.6986294914694393
4.3845415115356445 3.9781306873668325
3.73482929576527 3.6656341552734375
4.703281749378551 4.529415424053486
3.944659423828125 3.5989169166201638
3.186610698699951 2.918799809047154
4.500890731811523 4.158455481896033
3.0201677021227384 2.9335750233043325
4.04494431439568 3.6864813099736753
5.333884102957589 3.797032470703125
3.9174417768205916 3.7769100666046143
3.101283836364746 3.0769457135881697
3.3603359858194985 3.3603359858194985
3.472468678544207 3.1515640508933145
2.902397882370722 2.779906661422164
2.5525113932291665 2.5500929090711804
3.170175093638746 3.1355942670036763
4.944068527221679 3.889758518763951
2.9161758422851562 2.9161758422851562
3.9472334725516185 3.5365795135498046
3.751141684395926 3.1113797505696614
3.5128948974609373 3.298260313091856
4.416522598266601 4.272338173606179
3.724409341812134 3.724409341812134
3.0382627599379597 2.686551557268415
3.1835258483886717 3.055134031507704
2.588571512474204 2.5653008355034723
5.398108742453835 4.4156341552734375
4.372764880840595 4.372764880840595
3.942677001953125 3.7267859674269155
2.7472734723772323 2.700507585392442
3.298260313091856 3.2573638916015626
3.767007928145559 3.5128948974609373
3.3732147216796875 2.984987320438508
3.7504362768056443 3.612603706226014
4.955420176188151 4.499144236246745
3.3095474243164062 3.262629191080729
3.955357478215144 3.790234120686849
4.038559232439313 3.963660176595052
3.7300113331187856 3.7300113331187856
3.7324530283610025 3.5819184439522878
2.937480163574219 2.882867027731503
2.7950790405273436 2.773566246032715
4.212668282645089 3.9073783026801214
3.444331850324358 3.299365099738626
3.144870260487432 3.019734983091001
3.3072106255425346 3.281499984416556
3.0936815598431755 3.055134031507704
2.9335750233043325 2.909936656122622
3.8604819774627686 3.64212646484375
3.1568332947406574 3.1568332947406574
3.6477313571506076 3.0936815598431755
4.032554263160343 3.946284750233526
4.102692237267127 3.934278869628906
2.930896759033203 2.899437586466471
3.444331850324358 3.391338094075521
2.87800194235409 2.806004068125849
3.141573698624321 3.141573698624321
3.2502708435058594 3.1996847788492837
3.5356698665978774 3.5017894398082388
3.0960546422887734 3.080864497593471
2.6769839477539064 2.6745572557636335
4.155267079671224 3.782078742980957
3.8960595381887337 3.5836382265444153
3.391338094075521 3.343252658843994
2.817968874561543 2.76439524505098
4.051968892415364 3.7003271314832897
3.882824617273667 3.882824617273667
2.8569780180725872 2.8501511562017745
2.92250239054362 2.881979277639678
5.268957138061523 5.268957138061523
3.087950272993608 2.8705150059291293
5.004396166120257 4.274410247802734
4.190889798677885 4.02169189453125
2.959660121372768 2.9335750233043325
3.115957980685764 3.0514999090456496
3.107454087999132 2.945632738944812
2.6116112342247595 2.608553799715909
3.629329480622944 3.629329480622944
2.7586347251940686 2.7580769224936916
3.4878734241832388 3.101283836364746
3.3654814929496952 3.1769952606736567
4.190889798677885 3.6691236950102306
5.268697102864583 5.035737173897879
5.268957138061523 3.1521927328670727
3.5576161702473956 3.49510970770144
3.6136182149251304 3.441665302623402
2.9473653940054088 2.84059821234809
6.094508700900608 4.8333273494944855
2.80241951575646 2.8009991915720813
3.5575337129480697 3.3641055879138766
4.40097392689098 3.6691236950102306
3.030007755055147 3.0106903651975236
2.784855125224696 2.7825511103091034
3.566643434412339 3.5146007537841797
3.8693036679868347 3.8693036679868347
3.3075949350992837 3.2910436681798987
3.0183618517889492 2.9779950426770494
4.0671335856119795 3.5145207619180483
2.82284137814544 2.815748765733507
4.102276000976563 3.9334932524582435
4.738787482766544 4.464278448195684
3.9414258003234863 3.825761159261068
3.5365795135498046 3.5365795135498046
3.0610237540779535 3.0531859038978495
3.269810380606816 3.1156599714949325
5.371753056844075 5.084352765764509
3.5853782322095786 3.5128948974609373
3.3342136480869393 3.3001013034727515
3.0482523441314697 3.0184182559742645
2.84833251953125 2.8221203839337385
3.054747122305411 3.019642007761988
3.126163169985912 3.0364774576822917
4.755638122558594 4.573506673177083
5.337973594665527 4.5401120867047995
4.190889798677885 4.02169189453125
3.9781306873668325 3.8796205520629883
4.155267079671224 3.9472334725516185
3.4300142485519935 3.346021988812615
3.380735609266493 3.1061838661752095
4.474060906304254 3.285803618254485
2.8792367662702287 2.8792367662702287
3.041694164276123 3.041694164276123
3.101283836364746 3.0139621098836265
2.8291038513183593 2.784590721130371
2.9122242647058822 2.8865245097392314
3.654553971200619 3.5294998411148315
3.3738330905720337 3.3389195033482144
3.1156626825747282 3.1072680048581933
2.617626483623798 2.608763718023533
2.6615055271836576 2.644963050956157
2.943316792332849 2.9411391638275375
2.912517293294271 2.9051545378449677
2.8865245097392314 2.872889983348357
2.8144920612203665 2.813221818309719
3.1263302889737217 3.0090063589590565
2.93375563621521 2.9224899754379736
2.773566246032715 2.670292116561026
2.739802466498481 2.7328788138724662
3.8944309779575894 3.3502404349190846
3.0456349547480195 2.9810852823378164
2.5653008355034723 2.5573186459748642
4.007077625819615 3.8604819774627686
5.481974029541016 4.57762336730957
2.937007359095982 2.9150848388671875
3.1316790771484375 3.0269251856310615
3.4871832529703775 3.4250253530649037
3.9472334725516185 3.782078742980957
2.801270745017312 2.6946916251346984
3.277940273284912 3.2385327956255745
3.9174417768205916 3.4878734241832388
4.35455946488814 4.103000347430889
2.9624690303096064 2.933622952165275
3.1541878304830413 3.12511355377907
2.961012500827595 2.9468203685322747
3.2315458100417565 3.170485496520996
2.821935017903646 2.7698842098838403
3.188675251412899 3.163140744579082
3.5677421569824217 3.4197190602620444
3.4329167416221216 3.4329167416221216
3.393667221069336 3.198054387019231
3.77478273453251 3.73482929576527
3.7125878585012337 3.614117213657924
3.196120125906808 3.019642007761988
3.0201677021227384 2.988438034057617
2.9651176051089636 2.941288948059082
4.69951027318051 4.550672258649554
3.685309311439251 3.5298206874302456
4.225716484917535 4.092108154296875
3.3502404349190846 3.2231561997357536
3.113868611653646 3.064901912913603
3.4494682594581887 3.298260313091856
4.046604503284801 3.6845431009928387
3.909313201904297 3.909313201904297
4.803116538307884 3.967006138392857
3.96219974093967 3.6298876953125
3.5258629538796167 3.2677013874053955
3.6656341552734375 3.6353481977413864
4.63841552734375 4.63841552734375
2.7836562125913558 2.7697210600881865
3.277940273284912 3.087950272993608
3.4012736444887905 3.3396881103515623
3.955357478215144 3.955357478215144
3.577632997094131 3.5325267703034156
3.6842196655273436 3.6842196655273436
3.676407708062066 3.593062973022461
4.075303819444445 3.9260785502772175
3.1554794311523438 3.1161507197788785
3.7324530283610025 3.3094497680664063
3.4532298496791296 3.4532298496791296
3.3433600531684027 3.3086411048626077
3.7663358052571616 3.617376055036272
4.568975830078125 4.44806532426314
2.6026159792530295 2.5826901522549717
3.543368412898137 3.510340372721354
4.324522336324056 3.6243209838867188
3.6978691948784723 3.631212694891568
3.4012736444887905 3.3396881103515623
3.2115667724609374 3.1821746826171875
3.700352718955592 3.5061356917671533
3.1835258483886717 3.1362664699554443
2.920729573567708 2.920729573567708
4.091046142578125 3.869482224987399
3.1903064085705446 3.1903064085705446
2.864765343299279 2.847580177196558
3.1864981302400914 3.138769669966264
3.882824617273667 3.767007928145559
3.9385910034179688 3.3805503845214844
3.4989402524886595 3.4364959254409326
3.4721606024380387 3.4721606024380387
3.058724194038205 2.9900999677942153
3.1912618237872454 3.0867053337816923
2.878154795656922 2.878154795656922
3.617823839187622 3.5575337129480697
2.5653008355034723 2.5595814719128964
2.5500929090711804 2.5500929090711804
2.838834762573242 2.8114029379451977
3.2645833333333334 3.101283836364746
2.885911599183694 2.80461737450133
3.6353481977413864 3.49510970770144
3.3093163626534596 3.3093163626534596
4.660834679236779 4.660834679236779
2.8375919529649076 2.8375919529649076
3.77478273453251 3.6656341552734375
3.77478273453251 3.607428573980564
3.9385910034179688 3.0806543986002604
4.011458901798024 3.6457757568359375
3.9385910034179688 3.3094497680664063
3.1383094787597656 3.0037652587890626
5.242346572875976 4.940345128377278
3.286284874225485 3.2443375126008065
3.751141684395926 3.393667221069336
3.408806906806098 3.311488723754883
3.1230672861074473 3.1066442562054983
3.024891276935955 3.013677453482023
2.960580322265625 2.9564271461306593
4.529415424053486 4.259590597713695
3.0616330598530017 3.0128297351655506
3.8654045436693276 3.3350911694903704
3.304063924153646 3.2231561997357536
4.0671335856119795 3.77478273453251
2.7584036690848213 2.7535608079698353
3.0184182559742645 2.9907849629720054
3.782078742980957 3.5365795135498046
2.6963511380282315 2.6963511380282315
2.6591745192004788 2.6581568717956543
3.373146226671007 3.347563398645279
5.920869827270508 5.6038665771484375
3.0329534357244317 2.9850947062174478
2.923411560058594 2.907484312315245
4.456117757161459 4.456117757161459
3.568861643473307 3.1876810073852537
2.9028634207589286 2.89432250128852
2.8341697057088218 2.8173245021275113
6.304990132649739 4.046604503284801
3.8633836315524195 3.800718827681108
3.013916015625 2.9896791171183628
3.782078742980957 3.5365795135498046
5.428737640380859 5.0973866780598955
2.803802490234375 2.803252958915603
2.933622952165275 2.920729573567708
4.650030771891276 4.650030771891276
3.4374340950174536 3.4374340950174536
3.0171852571418487 2.9981363230738145
3.097800580193015 3.0807954595330056
3.67683474222819 3.5795875831886574
4.519185384114583 4.262246873643663
3.8693036679868347 3.81927306076576
2.897695556640625 2.8956402155358023
3.7769100666046143 3.6625573900010853
3.3142447038130327 3.287000573199728
3.172761917114258 3.172761917114258
3.304294773789703 3.2498886336141557
3.1889102642352762 3.138720282192888
3.0445345710305607 2.8785369873046873
3.428956112619174 3.414785166255763
3.089385986328125 3.0616330598530017
3.393390523976293 3.2573638916015626
3.909313201904297 3.7003271314832897
3.6136182149251304 3.3751068115234375
4.650030771891276 4.208420889718192
2.845356920030382 2.805642520680147
2.672714100713315 2.671444676503414
2.7763237953186035 2.7763237953186035
3.321387114348235 2.9900999677942153
3.0780548551189364 3.0185062070436115
3.037823175979873 3.037823175979873
3.4947087904986214 3.4667309455151827
3.705202969637784 3.6743993344514267
2.96194260208695 2.8751629100126377
5.920869827270508 5.920869827270508
2.846583316200658 2.8285379177186547
3.6310544221297554 3.5338216928335338
4.438381195068359 3.5360189584585338
2.928188711564171 2.9259496559023233
4.259180854348576 4.259180854348576
2.8078158019018953 2.7956946739783652
2.7496675190172697 2.747031163687658
2.8861668027680496 2.838834762573242
3.660351401881168 3.660351401881168
3.1326943856698497 3.1326943856698497
3.292333152077415 3.2347344867253707
3.1342104957217263 3.07457102899966
3.1568482716878257 3.1568482716878257
4.021609099014945 3.9808260599772134
4.946657816569011 4.292971747262137
5.920869827270508 3.6409576416015623
4.92531140645345 4.271844482421875
3.3258095674736556 3.3006395128038193
3.299365099738626 3.2591016557481556
3.3642492294311523 3.3642492294311523
3.214015415736607 3.174318683681203
5.428737640380859 5.428737640380859
3.132731582179214 3.132731582179214
3.0119687860662285 3.004977756076389
3.31644023548473 3.1516530173165456
3.747884750366211 3.747884750366211
3.12511355377907 3.0983269585503472
2.861793362364477 2.861793362364477
3.1543603194387337 3.0683968283913354
3.6623429008152173 3.464105014143319
4.151509857177734 3.5836382265444153
4.92531140645345 4.271844482421875
3.633974552154541 3.578753078685087
4.40097392689098 3.6691236950102306
3.2546749114990234 3.120112827845982
3.224626064300537 3.101283836364746
2.9775393086095012 2.935619354248047
2.8555551344348538 2.8097672333588473
2.9928383567116477 2.961012500827595
3.9725465320405506 3.8654045436693276
2.869063720703125 2.80731201171875
3.8654045436693276 3.775040283203125
4.133895472476357 3.806278935185185
3.4879593319363065 3.31644023548473
3.043603980022928 3.0206003189086914
4.092108154296875 3.9781306873668325
5.268957138061523 3.866225106375558
2.868407985142299 2.8652611301369864
5.311343383789063 4.529415424053486
4.190889798677885 4.02169189453125
2.7313374220722855 2.718391628440367
5.299163309733073 4.642355877420177
5.3644848991842835 4.3825094288793105
2.9475206647600447 2.933622952165275
3.09893566629161 3.050189208984375
3.12511355377907 3.0983269585503472
3.0506088108692353 3.0423758370535716
3.1322330013736264 3.114267060250947
4.096845453435725 4.048779694930367
3.3519784109933037 3.3088374890779195
3.566622314453125 3.474066598074777
2.7174560546875 2.716960438510828
3.343252658843994 3.343252658843994
3.340469148423937 3.256131853376116
3.3042663998074002 3.143665479577106
2.857264927455357 2.84991455078125
3.4197190602620444 3.3609096820537863
3.228834117542614 3.198650812698623
2.961012500827595 2.7956374395461308
3.090901904635959 3.023833501906622
5.333884102957589 5.018427954779731
3.2246776516154663 3.2081298828125
2.840382783309273 2.8314308633609695
3.1156599714949325 3.0859200893304286
3.5365795135498046 3.443405498157848
3.374942398071289 3.261387825012207
3.0632969953011777 3.028536861889983
2.792120414867736 2.791070346174569
3.461051722935268 3.095556554659991
3.090901904635959 3.066695163124486
3.1541878304830413 3.073659044630984
2.999777097959776 2.990056088096217
3.101283836364746 3.0769457135881697
3.4106993675231934 3.37385087854722
2.7289685235507246 2.7142635091145833
3.1645050048828125 3.11438146130792
3.277940273284912 3.2385327956255745
2.8514005220853367 2.8206847054617747
4.204063122089092 4.204063122089092
3.3805503845214844 3.1996847788492837
3.4362228855942236 3.2193259381233377
3.0036116379957933 3.0036116379957933
3.09893566629161 3.050189208984375
3.014330037434896 3.0050082516360592
3.1980411695397417 2.984987320438508
2.890651868737262 2.890651868737262
3.554149921123798 2.937007359095982
4.072485703688401 3.7470404681037452
3.725362014770508 3.725362014770508
2.749648384425951 2.75028072890415
3.1701160777698862 3.0027252197265626
2.969445851223528 2.9486398478500715
3.029144287109375 3.0199053596047793
2.801270745017312 2.801270745017312
3.202956136067708 3.1864801222278225
3.5365795135498046 3.443405498157848
3.2677013874053955 3.2677013874053955
3.094493894648731 3.07471706150295
2.984987320438508 2.7467818350162148
2.859540515475803 2.8528112463048987
3.1558630807059154 3.1263302889737217
3.64212646484375 3.4250253530649037
3.0769457135881697 3.0335146033245586
2.806004068125849 2.7989724477132163
3.116003701853198 3.058826446533203
3.1161507197788785 2.8345477764423075
2.920729573567708 2.846583316200658
2.8711521751002262 2.74798583984375
2.8569780180725872 2.8569780180725872
4.02169189453125 3.882824617273667
4.174061168323863 3.955357478215144
2.9150848388671875 2.9150848388671875
4.514266087458684 4.409233365740095
2.5514728496601053 2.5514728496601053
3.869687080383301 3.869687080383301
2.655360099596855 2.655360099596855
2.5653008355034723 2.549506333295037
3.4878734241832388 3.3096555982317244
5.232078552246094 4.893558184305827
3.6353481977413864 3.6353481977413864
2.9508594015370244 2.931444129165338
3.752423321759259 3.685309311439251
3.1362664699554443 3.055134031507704
3.0769457135881697 3.054443359375
3.520999561656605 3.520999561656605
4.151509857177734 3.8960595381887337
2.8322946833468032 2.817691926033266
2.6652333395821706 2.6638718989857457
3.0201677021227384 2.9335750233043325
3.338464060137349 3.226654052734375
2.912517293294271 2.912517293294271
3.131702828914561 3.0926630356732536
2.953532570286801 2.9423366448818107
3.1857387836162863 3.1857387836162863
5.2912445068359375 5.054747581481934
3.9781773885091147 3.929173519736842
3.1821746826171875 3.154507389775029
3.7512371178829307 3.660204500765414
5.546478271484375 4.615624647874099
3.64212646484375 3.5586776733398438
3.1980411695397417 3.1980411695397417
2.801815456814236 2.736635520241477
3.6477313571506076 3.5365795135498046
3.2820064544677736 3.1688937377929687
2.630657817042151 2.5622295673076922
4.470561218261719 4.470561218261719
2.835330539279514 2.7264542830617806
3.0226318359375 2.9527356377963363
4.613075919773268 4.488840942382812
3.5500643803523135 3.4106993675231934
3.703840855189732 3.4017466419147997
3.414168357849121 3.1670710245768228
3.12586376953125 3.080801325736286
2.8222455035199174 2.8021016640238243
2.9036973098228716 2.9012784796246027
2.734831624956273 2.734831624956273
3.304063924153646 3.0950393676757812
3.6625573900010853 3.4878734241832388
3.6691236950102306 3.5853782322095786
3.31644023548473 3.1516530173165456
3.6889397303263345 3.6889397303263345
2.901897365764036 2.8857628455528848
2.991201574152166 2.904049343532986
4.40097392689098 4.190889798677885
2.8869319106593276 2.8611267937554254
3.0435626690204325 3.00078369140625
3.3679577055431547 3.332700814773787
5.724131011962891 5.724131011962891
5.427982754177517 5.199056451970881
3.3351816205836053 3.294702664227553
3.188941282384536 3.188941282384536
3.631212694891568 3.4762642996651785
4.02169189453125 3.767007928145559
2.8329800122404754 2.8099114688826194
3.842545142540565 3.4526005795127466
3.938063939412435 3.4879593319363065
3.188941282384536 3.127786134418688
2.972330093383789 2.972330093383789
2.892853328159877 2.879820792905746
3.029144287109375 3.003287326084094
2.9335750233043325 2.869063720703125
3.348386359937263 3.3313286725212548
3.539599609375 3.4803522849569517
3.381678941514757 3.28821668437883
4.20693704356318 4.20693704356318
3.4762642996651785 3.4762642996651785
4.225716484917535 3.1821746826171875
2.8224206221731087 2.8224206221731087
3.1299591064453125 3.1038389463682434
3.3984361731487773 3.379915479203345
3.9725465320405506 3.9725465320405506
4.200481233142671 3.9515612566912615
3.5365795135498046 3.443405498157848
4.509591674804687 4.4145965576171875
3.4197190602620444 3.3609096820537863
2.908783451203377 2.8977222442626953
3.563506587859123 3.2886555989583335
3.260850989300272 3.0679264068603516
2.789915592298595 2.789915592298595
4.546572685241699 3.6841854519314237
5.428737640380859 5.428737640380859
2.979815263014573 2.9456520080566406
2.9358018109587585 2.932500850793087
3.188708986554827 3.1628389029667296
3.2164931077223557 3.175055098860231
2.9473653940054088 2.864428895892519
2.7535608079698353 2.741685524964944
3.2820064544677736 3.209660073985224
5.268957138061523 3.866225106375558
2.8109800757431405 2.806217920212519
3.1161507197788785 3.0806543986002604
2.7900273940142464 2.7849584615455485
2.7634919579349346 2.759664666162778
3.6530435496363145 3.500532531738281
2.845356920030382 2.8311774071226727
3.1516530173165456 2.9907784712942025
3.949718713760376 3.747370147705078
3.370295933314732 3.3216069539388022
2.847047960436022 2.8358802795410156
2.9048892550998264 2.8982643459154214
3.443405498157848 3.443405498157848
2.933622952165275 2.908783451203377
3.0482523441314697 3.0184182559742645
3.5833072146853886 3.5833072146853886
4.808969020843506 4.536878967285157
3.3698886235555015 4.335591242863582
3.5258629538796167 3.405824221097506
4.902833251953125 4.53361560452369
3.2363575526646207 3.2363575526646207
5.920869827270508 4.932665143694196
3.6409576416015623 3.6409576416015623
2.9150848388671875 2.8952570206079726
3.1857387836162863 3.0509425571986606
2.937007359095982 2.805642520680147
5.428737640380859 3.299365099738626
3.9781306873668325 3.8796205520629883
4.5570686885288785 4.217045254177517
3.1835258483886717 3.1362664699554443
2.7472734723772323 2.7328788138724662
5.484772576226129 5.484772576226129
4.650030771891276 4.650030771891276
3.2820064544677736 3.2320931174538354
3.6625573900010853 3.5677421569824217
2.9785021268404446 2.9785021268404446
3.631212694891568 3.4762642996651785
3.467298619887408 3.4467476981026786
3.7324530283610025 3.2502708435058594
6.304990132649739 4.988577842712402
3.617823839187622 3.2882040272588315
3.702468000139509 3.6266412979517226
4.369319098336356 3.910807800292969
2.85751794885706 2.8536074551669035
3.4013788132440474 3.4013788132440474
2.7838656517767135 2.739802466498481
2.670292116561026 2.6684355559172452
3.0226318359375 2.9527356377963363
3.9174417768205916 3.6625573900010853
3.2853823575106533 3.2259991455078123
3.751141684395926 3.31644023548473
3.141573698624321 2.9150848388671875
3.751141684395926 3.075988292694092
2.8109800757431405 2.806217920212519
3.370295933314732 3.3216069539388022
2.9951775444878472 2.989208055579144
3.704174850926255 3.506076347537157
3.938063939412435 3.4879593319363065
3.8604819774627686 2.7952786400204612
3.389573562976926 3.3618706597222223
3.0753202085141784 3.0269251856310615
2.713384659563909 2.7077132936507935
3.297559795957623 3.260479736328125
2.892846476236979 2.885060297978389
3.9781306873668325 3.4800523122151694
3.7411007351345487 3.5586776733398438
3.198054387019231 3.1113797505696614
3.3094497680664063 3.2502708435058594
3.676407708062066 3.593062973022461
3.2188216499660327 3.2008284447898325
3.882824617273667 3.5128948974609373
4.4701995849609375 4.234106063842773
2.8865245097392314 2.8794009560032894
2.9028634207589286 2.8794009560032894
3.825761159261068 3.568861643473307
4.356688279371995 3.8430611746651784
3.4250253530649037 3.3216069539388022
3.27589283818784 3.242757797241211
3.9385910034179688 2.8635940551757812
3.5318970453171503 3.3808489990234376
4.279116981907895 3.8600966354896284
3.1923863337590146 3.138514927455357
6.257045745849609 6.257045745849609
2.9150848388671875 2.8606389955032703
5.492456876314604 4.940338134765625
5.428737640380859 5.428737640380859
2.7064259203174448 2.7029835265359763
2.8221803937639507 2.8221803937639507
3.4250253530649037 3.277940273284912
3.4359568545692847 3.2921676635742188
3.1953158291903407 3.1769952606736567
3.976738611857096 3.8055125645228793
3.2219975120142887 3.073579788208008
3.1316790771484375 3.0269251856310615
5.920869827270508 5.6038665771484375
3.224626064300537 3.0335146033245586
3.0806543986002604 3.0184182559742645
2.9325069851345487 2.8558726591222428
3.6812902379918984 3.5350693211410986
3.343252658843994 3.2219975120142887
2.8437856651214233 2.7746790443978657
2.826909746442522 2.819132024591619
2.6855715527946566 2.685023847832737
3.0090063589590565 2.9746372617524246
4.650030771891276 3.9174813164605036
2.988438034057617 2.909936656122622
2.8222406827486477 2.8203047266546286
3.3642492294311523 3.0936815598431755
3.073579788208008 3.073579788208008
2.9924752371651784 2.953532570286801
4.423043060302734 4.007077625819615
3.797667559455423 3.380735609266493
2.939846116669324 2.939846116669324
2.770205102785669 2.7684779403233293
2.85751794885706 2.8398763365664723
2.9161758422851562 2.7711950808155295
2.8977222442626953 2.87800194235409
3.4878734241832388 3.3096555982317244
3.4494682594581887 3.4494682594581887
3.3609096820537863 3.3609096820537863
4.42899915907118 4.055686332084037
4.154232788085937 3.722933795001056
3.5677421569824217 3.4197190602620444
3.1605453491210938 3.07405610518022
2.9651176051089636 2.9192481268019903
2.810929979596819 2.800860964018723
2.9475206647600447 2.933622952165275
3.5318970453171503 3.5318970453171503
3.1610981623331704 3.101908170259916
3.408806906806098 3.101908170259916
6.326198577880859 4.870291815863715
3.4871832529703775 3.170241908023232
3.5576161702473956 3.5576161702473956
3.47695577369546 3.4599465110085226
3.276013604525862 3.26721465721559
5.428737640380859 4.2533674240112305
3.136022440592448 2.9624553479646383
4.428530606356534 3.9026596966911766
3.610155317518446 3.48496489091353
3.224626064300537 3.188941282384536
2.846583316200658 2.8285379177186547
2.9224899754379736 2.89432250128852
3.316928785674426 3.316928785674426
3.7003271314832897 3.620166015625
2.761935026749321 2.761935026749321
3.8801442926580254 3.5298971360729587
3.6477313571506076 3.443405498157848
3.0106903651975236 3.0106903651975236
2.7995983025966544 2.791324522437119
3.140476608276367 2.98570223207827
2.7330087515024037 2.7064571380615234
2.5767603556315106 2.576536585073002
3.0522764181788964 3.0329622935099776
3.8944309779575894 3.520999561656605
3.568861643473307 3.391338094075521
3.9385910034179688 3.7324530283610025
2.984987320438508 2.7711950808155295
3.4847225066154235 3.4847225066154235
3.1003615280677534 3.0345706939697266
3.0752532958984373 3.0350850423177085
3.2540979385375977 2.870628506529565
3.897250705295139 3.897250705295139
3.3473278227306547 3.1901496604636863
3.4526005795127466 3.092058563232422
5.369985961914063 5.369985961914063
3.141573698624321 3.019642007761988
3.277940273284912 3.202792909410265
3.1965087890625 3.163629822811838
3.222587729400059 3.222587729400059
2.9810852823378164 2.9666111322096835
5.757473872258113 5.4334665934244795
2.908783451203377 2.908783451203377
3.277940273284912 3.2385327956255745
2.66931394546751 2.66931394546751
2.9579357440655047 2.937925476958786
3.2575154160008286 3.210315159388951
3.347563398645279 3.242181610642818
3.1627693507982335 3.12586376953125
2.692673828125 2.696129240813079
4.0388173190030185 3.6722335815429688
2.917483785878057 2.895936279296875
3.277940273284912 3.277940273284912
2.6700210571289062 2.630657817042151
4.4337957473028276 4.4337957473028276
2.779906661422164 2.5774787768983005
5.767345428466797 5.767345428466797
5.081627478966346 4.832329813639323
3.138514927455357 3.052517890930176
4.296139056865986 3.909201371042352
3.186610698699951 3.09270557604338
2.8736705780029297 2.8479461669921875
2.6738008068453882 2.6645517349243164
4.296139056865986 4.020279379451976
3.12511355377907 3.030007755055147
3.444331850324358 3.343252658843994
3.170241908023232 3.1131482805524553
3.7411007351345487 3.64212646484375
3.9174417768205916 3.5677421569824217
2.9785021268404446 2.9785021268404446
3.0513636271158853 3.0260186446340462
4.234106063842773 4.051968892415364
3.5819184439522878 3.2502708435058594
2.9663698296797905 2.9555812737880607
3.5258629538796167 3.5258629538796167
4.382844034830729 4.155539261667352
3.6136182149251304 3.3751068115234375
3.5903414771670388 3.4408724975585936
3.0201677021227384 3.0201677021227384
2.8401123438126 2.834109878540039
3.170241908023232 3.140476608276367
4.254608154296875 4.076725679285386
3.7619181665880927 3.41454226471657
3.767007928145559 3.6691236950102306
3.539909525120512 3.369780459646451
3.568861643473307 3.503125704251803
4.190889798677885 3.5853782322095786
3.8251270112537203 3.5916739569769964
3.0536359820449563 2.9438887532552083
3.101283836364746 3.0769457135881697
2.9555812737880607 2.9455692291259767
3.77478273453251 3.6656341552734375
2.887727685876795 2.736635520241477
3.8604819774627686 3.7411007351345487
2.9308445371430496 2.8669664655412945
3.9175922169404873 3.3990755434389466
2.9624553479646383 2.853746497112772
4.650030771891276 4.599835205078125
3.3994226763325353 3.340591199470289
2.5951891132429536 2.588571512474204
3.1161507197788785 2.9651176051089636
3.3398370361328125 3.3398370361328125
3.1568482716878257 3.101283836364746
3.3447137015206474 3.3447137015206474
3.1161507197788785 2.9907849629720054
2.9091313248973782 2.8535430465919385
2.686551557268415 2.6423075606183306
3.961971706814236 3.7515602111816406
3.8633836315524195 3.800718827681108
3.4762642996651785 3.3654814929496952
3.29552985297309 3.2688933027551528
4.5035404878504135 4.5035404878504135
2.5573186459748642 2.5573186459748642
2.9956515502929686 2.933622952165275
3.073659044630984 2.872178751627604
3.472939990815662 3.285803618254485
2.8584409619941087 2.849054003518725
3.5586776733398438 3.4871832529703775
2.937007359095982 2.9150848388671875
2.957217823375355 2.9370024307914404
6.0603383382161455 5.0623527526855465
3.5146007537841797 3.386997404552641
2.941288948059082 2.941288948059082
3.5624639723036022 3.4735092163085937
3.600197863222948 3.510821198763913
3.2862290362922515 3.2308990478515627
3.0277502315560567 3.022693056048769
3.060936712449597 3.041694164276123
3.619999852673761 3.512795419404001
3.5677421569824217 3.4878734241832388
3.188941282384536 3.127786134418688
4.174061168323863 3.955357478215144
2.762946732547305 2.7591411884014425
3.198054387019231 3.1516530173165456
4.456117757161459 3.9725465320405506
3.9252429962158204 3.874573480515253
3.6691236950102306 3.4494682594581887
3.0509425571986606 2.9928383567116477
3.8304866790771483 3.8304866790771483
2.7856627119348403 2.7711950808155295
3.767007928145559 3.5128948974609373
4.190889798677885 3.767007928145559
3.2385327956255745 3.1131482805524553
3.9174417768205916 3.6625573900010853
3.361764453706287 3.3033025990361753
2.9979627742323767 2.9849148220486112
2.931252052044046 2.9285350734904663
2.80731201171875 2.7328788138724662
3.9174417768205916 3.5677421569824217
3.6477313571506076 3.2363575526646207
3.5365795135498046 3.296018747182993
3.4735092163085937 3.4735092163085937
2.8293589423684513 2.8221803937639507
3.293144370025059 3.248386583830181
2.9505516639122598 2.9458577773150276
2.991713879155178 2.9829262787441038
3.443405498157848 3.443405498157848
3.299365099738626 3.2219975120142887
4.007077625819615 3.8604819774627686
2.984987320438508 2.9161758422851562
2.687285236109083 2.6889210928857854
5.791897455851237 5.494761875697544
2.764502315197961 2.764276123046875
3.442807878766741 3.4070125926624644
4.167829160337095 3.5388732260846076
3.1362664699554443 3.0936815598431755
3.4599465110085226 3.4599465110085226
4.07894287109375 3.5085885620117185
3.3698886235555015 4.6633725847516745
5.311343383789063 4.259590597713695
2.9665284333405673 2.8611267937554254
2.839957818752382 2.727747866981908
3.151362452013739 3.1324666341145835
2.773566246032715 2.7553473079905793
3.220015242293074 3.1541878304830413
3.087950272993608 3.087950272993608
2.7266717726184475 2.70528828014027
4.313097953796387 3.895213762919108
3.629329480622944 3.3808489990234376
3.8604819774627686 3.8604819774627686
3.724672794342041 3.558905029296875
2.6409663609095984 2.6343421936035156
3.101283836364746 2.869223894391741
2.853746497112772 2.7512851583546607
2.908783451203377 2.8401123438126
3.036220932006836 2.991201574152166
3.9781306873668325 3.793416536771334
4.6120155334472654 4.4754323092373935
3.0866559982299804 3.0866559982299804
3.727710723876953 3.299365099738626
6.304990132649739 4.988577842712402
3.866225106375558 3.520092010498047
2.909936656122622 2.8885072072347007
3.148302786690848 3.0859200893304286
3.090488378552423 3.0766812176771565
4.456117757161459 3.8654045436693276
3.0201677021227384 2.8885072072347007
2.5506740521781053 2.5497098256306474
3.340469148423937 3.340469148423937
3.0350776441169507 2.9906058841281467
3.167923583984375 3.1130099009318526
4.565688069661459 4.565688069661459
4.796260288783482 4.421848720974392
2.847047960436022 2.8146909713745116
4.80483003096147 4.064393294484992
5.428737640380859 4.0809429713657925
3.2219975120142887 3.1558630807059154
3.563506587859123 3.466949680873326
5.109450340270996 4.967991193135579
2.9037987845284596 2.8537398307554183
4.75262451171875 4.471647262573242
3.5365795135498046 3.1362664699554443
4.101423564710115 3.8654045436693276
3.3342136480869393 3.3001013034727515
2.964289967606707 2.964289967606707
3.53789792742048 3.53789792742048
3.758918489728655 3.758918489728655
3.4494682594581887 3.3433330905052925
3.224626064300537 3.188941282384536
2.8372670953924004 2.8156685299343533
5.109450340270996 4.967991193135579
2.7716021219889324 2.767576187375992
3.0100907219780817 3.0100907219780817
3.4329973418137123 3.275815602895376
2.6750208999171403 2.6756860424658497
3.1554794311523438 3.1554794311523438
2.920320372650589 2.849744475289677
2.920320372650589 2.849744475289677
3.3642492294311523 3.1362664699554443
3.7531967163085938 3.5074671427408854
3.192944561993634 3.1263182163238525
2.9555812737880607 2.9048892550998264
4.073324475969587 3.792163246556332
3.296018747182993 3.2363575526646207
3.2533751267653246 3.1463098526000977
2.7995698889907525 2.797031178193934
2.6343421936035156 2.604921613420759
3.6691236950102306 3.6691236950102306
2.9287332388070912 2.926812605424361
4.456117757161459 3.9725465320405506
2.5611319256643963 2.565016335588161
3.3427190206137047 3.305764873376053
3.5036979444099194 3.4642379760742186
3.4871832529703775 3.4250253530649037
3.6625573900010853 3.5677421569824217
2.869223894391741 2.8401123438126
3.1876810073852537 3.073579788208008
3.9234986481843173 3.9234986481843173
3.6477313571506076 3.3642492294311523
6.087335859026227 5.325433904474432
3.0913816077686915 3.0913816077686915
3.3609096820537863 3.224626064300537
2.8977222442626953 2.869223894391741
3.751141684395926 3.4879593319363065
3.9321420192718506 3.4568072727748325
3.2300914417613638 3.101908170259916
4.4243011474609375 3.782078742980957
3.4228240966796877 3.3418186732700894
3.376617431640625 3.2612366449265253
3.101283836364746 3.0769457135881697
2.7097776459484564 2.7049758547828313
3.938063939412435 3.604673385620117
3.202792909410265 3.087950272993608
3.5421266101655506 3.5170332688551684
2.835330539279514 2.7553473079905793
2.9150848388671875 2.8952570206079726
2.9122242647058822 2.872889983348357
2.887727685876795 2.801815456814236
4.190889798677885 4.190889798677885
3.202792909410265 3.202792909410265
4.522427082061768 4.034873008728027
3.9174417768205916 3.6625573900010853
3.5853782322095786 3.393390523976293
2.9639093103543135 2.9346517587636973
3.6477313571506076 3.2363575526646207
3.4878734241832388 3.2645833333333334
3.440398174783458 3.3195552119502314
3.4250253530649037 3.3216069539388022
4.205203844153362 4.205203844153362
3.5365795135498046 3.3642492294311523
4.208420889718192 4.208420889718192
5.268957138061523 5.268957138061523
4.259590597713695 4.155539261667352
3.47695577369546 3.4599465110085226
3.492143597519189 3.40435791015625
5.1242877415248325 4.529415424053486
2.976318091676946 2.9214282696063703
4.079159545898437 4.079159545898437
3.1857387836162863 3.1541878304830413
4.240927378336589 4.080995832170759
4.4243011474609375 3.443405498157848
2.8514005220853367 2.835330539279514
3.5500643803523135 3.4106993675231934
3.0246178578522245 3.0100327788806354
3.4355155326224662 3.398790799654447
3.7824542705829325 3.7824542705829325
3.341621907552083 3.341621907552083
2.7264542830617806 2.7264542830617806
2.9651176051089636 2.9651176051089636
3.296018747182993 3.055134031507704
2.935427024147727 2.935427024147727
3.7378575461251393 3.7378575461251393
3.7769100666046143 3.4197190602620444
2.92119140625 2.92119140625
3.468184621710526 3.1743335066170526
3.277940273284912 3.202792909410265
3.0509425571986606 3.0509425571986606
2.872178751627604 2.8569780180725872
3.8604819774627686 3.370295933314732
3.393390523976293 3.298260313091856
5.428737640380859 5.428737640380859
3.054443359375 2.9956515502929686
2.959660121372768 2.909936656122622
2.835330539279514 2.8206847054617747
3.476770189073351 3.4077392578125
3.937519073486328 3.6845431009928387
2.7612662179129464 2.7612662179129464
3.1906111867804277 3.0606528504254067
3.4871832529703775 3.4250253530649037
3.5365795135498046 3.443405498157848
4.190889798677885 4.02169189453125
3.073659044630984 2.976318091676946
2.8514005220853367 2.7950790405273436
3.6845431009928387 3.617823839187622
3.520999561656605 3.4011151240422177
2.8942017555236816 2.884211222330729
2.988766577935988 2.9614116784298057
2.7236173387984155 2.7142635091145833
4.448769342331659 4.240696411132813
3.373354783698694 3.355240531589674
3.066695163124486 2.84844970703125
3.2581729888916016 3.159062703450521
3.476770189073351 3.348957755348899
2.959660121372768 2.7553473079905793
3.908606679815995 3.805485316685268
4.75262451171875 3.391338094075521
3.8313722156343006 3.2782890505907014
4.650030771891276 3.9174813164605036
2.7559922015080685 2.748293922061012
2.948816132127193 2.9428868697861494
3.0258172353108725 2.984622075007512
3.112011576807776 3.098916419466635
2.889742999009683 2.872178751627604
3.1478765487670897 3.127664111909412
3.210810271786972 3.195689998260916
3.2645833333333334 3.127786134418688
3.5388732260846076 3.4062286376953126
2.999899491019871 2.963478698730469
2.748772303263346 2.7425132284359055
3.767007928145559 3.6691236950102306
2.805445671081543 2.7798368665907116
3.054747122305411 2.988766577935988
3.1838780233304793 3.0698309259100274
3.225062052408854 3.186610698699951
3.172761917114258 3.120146292227286
2.9351116943359377 2.8776402966729524
3.2522408167521157 2.9463907877604165
3.277940273284912 3.170241908023232
3.6201869419642856 3.6201869419642856
3.4939205088513963 3.279385763501364
2.8437856651214233 2.798770645289745
3.620166015625 3.1207556291060015
4.227094650268555 3.3805503845214844
3.3732147216796875 3.1980411695397417
3.2591016557481556 3.1263302889737217
5.232843399047852 3.7450443267822267
3.3975677490234375 3.158637856537441
2.909022331237793 2.895685831705729
6.323407854352679 5.396293640136719
3.237896591869753 3.1130099009318526
3.4655297019264917 3.424654421599015
3.77127742767334 3.5550605773925783
4.406058367560892 3.79076990587958
4.211825202493107 3.6530435496363145
3.3215437995062933 3.156192281971807
3.6625573900010853 3.3096555982317244
2.933651878720238 2.889742999009683
4.051968892415364 3.909313201904297
3.5500643803523135 3.4517138163248697
3.497786113194057 3.2820064544677736
3.09270557604338 2.963478698730469
3.935512966579861 3.8636145756162446
2.869063720703125 2.8514005220853367
3.9414258003234863 3.643042130903764
3.3012286687301375 3.2248785673682367
3.6711935997009277 3.37959353129069
3.224626064300537 3.188941282384536
4.731788158416748 4.552709791395399
3.36724879823882 3.2780609130859375
5.3865640428331165 5.3865640428331165
3.640305027817235 3.5467859216638513
3.6691236950102306 3.298260313091856
4.650030771891276 3.9174813164605036
3.1912618237872454 3.124263841278699
3.5217900131687974 3.3350911694903704
3.7324530283610025 3.4687066078186035
3.3396881103515623 3.0283426424352133
6.327409744262695 6.327409744262695
4.190535227457683 3.4250253530649037
5.279108220880682 5.279108220880682
3.2385327956255745 3.042909304300944
4.339345997777478 4.184924963748816
2.8614879701195695 2.8371458662317153
4.261301676432292 4.125425338745117
3.3438296847873263 3.3139319168893913
3.6713531494140623 3.336003690152555
4.515788222804214 4.081653849283854
3.8654045436693276 3.398790799654447
3.5538339325875947 3.2608331418504903
3.0980874766474185 2.877821786063058
5.920869827270508 4.932665143694196
3.4871832529703775 3.4250253530649037
3.587278366088867 3.531286127427045
2.7697210600881865 2.7637706083409928
2.846712212813528 2.827508108956473
3.9414258003234863 3.343252658843994
3.09893566629161 3.0286929790790262
4.072281936119342 3.910183993252841
2.920729573567708 2.8977222442626953
2.8548583984375 2.851628287893827
2.979987954193691 2.976413302951389
3.5218356205866885 3.5218356205866885
3.3642492294311523 2.959660121372768
3.281499984416556 3.1276995946490573
4.075962914360894 4.075962914360894
4.093441327412923 3.3609096820537863
3.3805503845214844 3.1996847788492837
4.247762298583984 4.034873008728027
3.5365795135498046 3.3642492294311523
3.6344420693137427 3.6344420693137427
3.0031704660189353 2.9225121066994864
3.5465829031808034 3.4478167909564394
2.941288948059082 2.9192481268019903
3.394696807861328 3.394696807861328
3.4250253530649037 3.3216069539388022
2.8114029379451977 2.798793465750558
3.660204500765414 3.514432101779514
3.279385763501364 3.237896591869753
3.6656341552734375 3.5576161702473956
3.03934576572516 3.030959701538086
3.245947145948223 3.1584255412473516
4.093441327412923 3.5677421569824217
4.240927378336589 3.201717558361235
3.939469424161044 3.8004983755258412
3.2087560193292024 3.1934117635091144
3.089385986328125 2.9351116943359377
3.220015242293074 3.220015242293074
3.0382627599379597 2.853746497112772
2.655360099596855 2.6202457004123265
4.190889798677885 3.5128948974609373
2.5826901522549717 2.5826901522549717
2.5826901522549717 2.5688353991899335
4.441012214211857 3.584285409109933
2.809410488482603 2.798770645289745
2.9285533127275487 2.897695556640625
3.9174417768205916 3.6625573900010853
3.393390523976293 3.073659044630984
5.1878486046424275 4.503822728207237
3.5677421569824217 3.4197190602620444
3.1661286787553267 3.1378293244735054
3.138069678997171 3.103071689605713
3.0191802978515625 3.005926465231275
6.43913813999721 5.980422125922309
2.899437586466471 2.8711521751002262
3.245947145948223 3.245947145948223
3.6119099492612095 3.3871870963804183
2.764253616333008 2.74798583984375
5.377200444539388 4.933273792266846
3.7267730236053467 3.2684707641601562
3.4197190602620444 3.1568482716878257
2.846583316200658 2.818548867868823
3.9781306873668325 3.587278366088867
2.802369462682846 2.802369462682846
5.268957138061523 4.924030939737956
2.835330539279514 2.8206847054617747
3.727710723876953 3.391338094075521
3.4878734241832388 3.4878734241832388
3.6233126732610885 3.323693723094707
5.792633056640625 3.9033064000746784
3.767007928145559 3.5128948974609373
4.390535990397136 4.241266587201287
3.3433330905052925 3.0983269585503472
3.0895596208243536 3.0752532958984373
3.141573698624321 3.0949911499023437
3.0382627599379597 3.0382627599379597
2.9316804673936634 2.92965196583369
4.007077625819615 3.7411007351345487
3.9385910034179688 3.5819184439522878
3.2081298828125 3.2081298828125
3.3311478585907905 3.2957000732421875
3.0226318359375 3.0036116379957933
2.549506333295037 2.5498211200420675
2.8135836791992186 2.70528828014027
2.902397882370722 2.8135836791992186
3.224626064300537 3.1568482716878257
2.834109878540039 2.818548867868823
3.4250253530649037 3.3216069539388022
3.0859200893304286 3.058724194038205
3.2115667724609374 3.154507389775029
2.933651878720238 2.8569780180725872
3.9472334725516185 3.443405498157848
4.02169189453125 3.6691236950102306
2.9928383567116477 2.976318091676946
3.64212646484375 3.4250253530649037
4.129991946013077 3.904452853732639
2.8885072072347007 2.835330539279514
3.134025182479467 3.0960053234565548
3.5730381627236643 3.3654814929496952
5.097138977050781 3.6543726603190105
3.1236385345458983 3.0206003189086914
2.70528828014027 2.70528828014027
3.955357478215144 3.955357478215144
3.5853782322095786 3.12511355377907
3.1810317620998476 3.1527220986106177
2.8554579790900734 2.8093128204345703
5.268957138061523 2.918799809047154
2.5595814719128964 2.553813777557791
3.12511355377907 3.073659044630984
3.0269251856310615 2.984987320438508
2.9335750233043325 2.909936656122622
3.5461067430900806 3.38655834663205
2.7637706083409928 2.7584036690848213
3.6492525736490884 3.5364585876464845
6.323407854352679 4.832329813639323
2.910078361852845 2.8806411534139555
2.9161758422851562 2.839957818752382
3.0201677021227384 2.988438034057617
4.650030771891276 3.434464772542318
2.7735392252604165 2.7559922015080685
3.5784395279422885 3.396992753191692
2.869223894391741 2.861093944973416
4.529415424053486 4.259590597713695
3.098916419466635 3.050208691729615
3.5128948974609373 3.298260313091856
3.1919788784450955 3.0720513385275137
4.19154052734375 3.770289701573989
4.051968892415364 3.909313201904297
2.8660863240559897 2.8221803937639507
3.0399388207329645 3.027659441973712
4.699121226435122 4.567816162109375
3.089385986328125 3.036220932006836
3.5585895406788794 3.5049325266192035
4.072485703688401 3.629329480622944
3.194787302324849 3.1555490204782197
3.1446522303989957 3.0332518683539496
3.3704519271850586 3.3197112450232873
2.9785684438852162 2.9353537723935883
3.0422149658203126 2.91683732702377
2.966421546005621 2.9567137218656994
5.110973739624024 4.576413835797991
3.9725465320405506 3.631212694891568
2.912933894566127 2.9043114240779433
3.0487017822265625 3.0487017822265625
3.3808489990234376 3.148302786690848
3.2320931174538354 3.209660073985224
3.2320931174538354 3.209660073985224
4.066230297088623 4.000076742733226
4.190889798677885 3.882824617273667
3.5128948974609373 3.5128948974609373
5.428737640380859 5.0973866780598955
2.816522997479106 2.8116058002818716
3.0384455813637263 3.0275200737847223
2.8914616233424137 2.84991455078125
4.151509857177734 4.151509857177734
3.349518966674805 3.3128109886532737
3.618922986482319 3.556588363647461
3.793416536771334 3.7171083177839006
3.582268319478849 3.5472302104151527
3.1980411695397417 3.1316790771484375
3.4420637164199563 3.418803586798199
3.2645833333333334 3.2645833333333334
4.703281749378551 4.382844034830729
3.1502791184645433 3.0852986653645833
3.7411007351345487 3.64212646484375
3.444331850324358 3.299365099738626
2.8865245097392314 2.8794009560032894
3.1911333719889323 3.1911333719889323
3.6044171241021927 3.6044171241021927
2.853746497112772 2.6202457004123265
3.4879593319363065 3.4879593319363065
2.904049343532986 2.8555551344348538
3.7171083177839006 3.7171083177839006
3.4113239833286833 3.4113239833286833
3.03854783914857 2.9747336567312046
3.676407708062066 3.593062973022461
3.241622121710526 3.233328907760148
2.7900273940142464 2.787411616398738
6.304990132649739 4.501467704772949
3.081782023111979 2.9924752371651784
2.7266717726184475 2.5688353991899335
3.568861643473307 3.444331850324358
3.805919353778546 3.7378575461251393
2.853746497112772 2.7512851583546607
3.019025914809283 2.9663698296797905
3.340469148423937 3.1502791184645433
5.268957138061523 5.268957138061523
3.4760173450816763 3.4760173450816763
3.676407708062066 3.593062973022461
3.3893447875976563 2.9924752371651784
4.227094650268555 3.9385910034179688
3.5677421569824217 3.4197190602620444
3.9261651611328126 3.607428573980564
3.1996847788492837 3.1996847788492837
3.7769100666046143 3.3609096820537863
3.4876375470842635 3.286942773935746
3.6625573900010853 3.4197190602620444
3.127786134418688 3.0335146033245586
2.9280070367260516 2.9143822594026547
2.5514728496601053 2.5506740521781053
3.5677421569824217 3.4878734241832388
5.7642082801231975 3.4813052504809936
3.238674587673611 3.1327094560788002
2.902397882370722 2.902397882370722
3.0108821808345736 2.9747336567312046
3.566072998046875 3.2606898716517856
2.6202457004123265 2.6109361039831285
3.396784552212419 3.396784552212419
3.091089884440104 3.0624228084788605
4.5679679870605465 3.567192713419596
3.499770164489746 3.470650634765625
4.133885123512962 3.8058916289230873
3.3001013034727515 3.0433821458082932
3.477389335632324 3.3286853790283204
3.793416536771334 3.348891848609561
3.4217026321976274 3.380596292429957
2.963053894042969 2.754866184332432
3.676407708062066 3.593062973022461
5.109450340270996 4.967991193135579
3.1002731323242188 3.057563304901123
3.5819184439522878 3.4687066078186035
6.304990132649739 5.784205436706543
4.482761859893799 4.482761859893799
4.674028570001775 4.26302744547526
2.937480163574219 2.937480163574219
6.304990132649739 4.718629019601004
3.671405029296875 3.6054450141059027
3.866225106375558 3.866225106375558
4.456117757161459 3.3350911694903704
2.8932615915934243 2.831327767207705
2.742570960003397 2.7401863260472075
2.8390581948416576 2.8376237300404332
4.714384078979492 4.714384078979492
3.2808928951140373 3.2008189610072546
3.4203720092773438 3.3429484776088167
2.805445671081543 2.7915653901941635
5.428737640380859 5.428737640380859
4.227094650268555 3.5819184439522878
2.9732648213704427 2.9732648213704427
4.273416791643415 3.904452853732639
3.6625573900010853 3.5677421569824217
2.999301686006434 2.990960482893319
2.918719867328266 2.9102340034816576
3.4517138163248697 3.340469148423937
3.767007928145559 3.767007928145559
3.767007928145559 3.6691236950102306
3.1362664699554443 3.0936815598431755
3.298260313091856 3.1857387836162863
5.894700792100695 4.425904524953742
3.2730906858282576 3.171730815500453
4.513282374331825 4.0309397379557295
4.385972829965445 4.285522188459124
2.84833251953125 2.8345477764423075
3.2502708435058594 3.2502708435058594
3.9385910034179688 3.7324530283610025
3.9385910034179688 3.7324530283610025
3.64212646484375 3.64212646484375
2.9373817443847656 2.9249481201171874
2.9537026087443032 2.9311138916015627
3.439126205444336 3.3244702021280923
3.0628926346941694 3.00219482421875
3.5853782322095786 3.5128948974609373
3.7411007351345487 3.5586776733398438
3.6625573900010853 3.4878734241832388
3.569020053796601 3.337221476236979
3.4250253530649037 3.3216069539388022
2.5826901522549717 2.5688353991899335
3.1175970780222038 3.0681254069010415
3.5576161702473956 3.5576161702473956
3.5353107858211437 3.47695577369546
2.937480163574219 2.909022331237793
4.451042175292969 4.451042175292969
2.9214282696063703 2.872178751627604
3.2820064544677736 3.256131853376116
4.240927378336589 3.3853228092193604
3.61800695348669 3.1438045861586086
3.112872783954327 3.0487017822265625
3.348891848609561 3.242757797241211
4.406058367560892 4.034228780995244
3.061901545120498 3.046207115298412
3.5258629538796167 3.405824221097506
3.073659044630984 3.030007755055147
3.4878734241832388 3.054443359375
4.847591106708233 4.598541768391927
3.4871832529703775 3.277940273284912
4.015807822898582 4.015807822898582
3.8604819774627686 2.7258115915151744
2.8514005220853367 2.80731201171875
2.9028634207589286 2.872889983348357
3.882824617273667 3.393390523976293
4.360358605018029 3.875227275647615
3.087950272993608 3.0226318359375
2.789915592298595 2.78038820446047
3.45288569132487 3.4127769470214844
3.3789585658482144 3.262722480587843
4.515788222804214 4.081653849283854
3.0184182559742645 2.84833251953125
2.80731201171875 2.7328788138724662
3.9385910034179688 3.2502708435058594
3.5365795135498046 3.3642492294311523
2.7868705325656467 2.6850452423095703
3.1835258483886717 3.1362664699554443
3.2107006008342163 3.1890761578669315
3.751141684395926 3.604673385620117
2.686551557268415 2.655360099596855
2.5719808707559917 2.5734248408564815
2.818548867868823 2.802369462682846
3.9414258003234863 3.568861643473307
4.456117757161459 4.456117757161459
3.4330225857821377 2.70528828014027
4.650030771891276 2.7941456920695753
3.1626226251775567 3.1420049834669683
2.7748073709422143 2.77314965199616
2.920729573567708 2.869223894391741
3.8480354757869946 3.8005299038357205
3.232815980911255 3.1383094787597656
2.6888956816300102 2.682476043701172
4.127738659198467 3.818056443158318
3.057589818560888 3.0448065365062043
3.4501777317212974 3.321387114348235
3.4494682594581887 3.298260313091856
3.073659044630984 3.0509425571986606
2.9468203685322747 2.910078361852845
3.4735092163085937 3.2810484079214244
3.1174529393514 3.1174529393514
3.0936815598431755 3.0936815598431755
5.428737640380859 5.428737640380859
3.050189208984375 2.9910270145961215
3.836421379676232 3.757981981549944
3.6811601793443836 3.623285146859976
2.887727685876795 2.7856627119348403
2.7306853893191314 2.723697418862201
3.6295513576931424 3.5726242065429688
3.5677421569824217 3.3609096820537863
5.467655944824219 4.070500807328657
3.6353481977413864 3.607428573980564
3.6353481977413864 3.47695577369546
3.9472334725516185 3.5365795135498046
3.250362765404486 3.250362765404486
3.0109346597501547 3.005875374506978
2.9538476206090327 2.950439236688276
2.9687788827078685 2.882867027731503
2.988438034057617 2.8885072072347007
2.9907849629720054 2.9651176051089636
3.4205090752963363 3.2321885271770197
3.1465660003294427 3.1251311905082617
4.705686715932993 3.8654045436693276
2.85043212890625 2.85043212890625
2.8350499039989407 2.8338938395182294
3.1396412096525492 3.1265693276615467
3.7470404681037452 3.4501777317212974
4.080995832170759 3.5976909001668296
2.9037987845284596 2.8694997151692707
3.676407708062066 3.520999561656605
3.5853782322095786 3.5128948974609373
3.924706063619474 3.7250646474410076
2.8874821518406724 2.818548867868823
3.2219975120142887 3.073579788208008
2.89432250128852 2.8794009560032894
2.840382783309273 2.824432666485126
5.143063227335612 4.647169589996338
3.3609096820537863 3.224626064300537
3.805919353778546 3.677625783284505
4.633452945285374 4.111318734975962
3.45682373046875 3.3222249348958335
3.0720458984375 3.0720458984375
3.285803618254485 3.285803618254485
3.4878734241832388 3.4197190602620444
6.028277079264323 5.709029606410435
3.658770424979074 3.5973775227864584
5.778730010986328 4.9996161460876465
3.058724194038205 3.058724194038205
2.9224899754379736 2.9224899754379736
3.311181155118075 3.2115667724609374
3.2363575526646207 3.1835258483886717
3.4838769846949083 3.4539947509765625
3.7789358956473214 3.579409577125727
3.4013766584725214 3.3849991359067766
3.044730446555398 3.032552382525276
3.7769100666046143 3.6625573900010853
4.316697692871093 4.093441327412923
3.170241908023232 3.1131482805524553
3.5819184439522878 3.4687066078186035
3.1568482716878257 3.1568482716878257
3.3096555982317244 3.2645833333333334
3.3094497680664063 3.3094497680664063
2.984622075007512 2.984622075007512
5.490146001180013 5.051236629486084
3.097536954012784 3.097536954012784
3.0849609375 3.0849609375
2.705229123433431 2.705229123433431
3.0834142049153646 3.0673431888703377
3.944659423828125 3.520309779954993
2.8135836791992186 2.655360099596855
2.5774787768983005 2.5622295673076922
4.234106063842773 4.051968892415364
4.2734825134277346 3.3319154466901506
3.348957755348899 3.348957755348899
2.7266717726184475 2.70528828014027
2.6026159792530295 2.5951891132429536
3.797667559455423 3.6848871331465873
2.8989764126864346 2.8635940551757812
4.225716484917535 3.793416536771334
3.3666713319975754 3.183342762482472
2.9412161020132213 2.9412161020132213
3.384316853114537 3.3618195632408403
3.086545789563978 3.0561734713040867
3.274166987492488 3.2270240783691406
2.9470017377068016 2.9470017377068016
5.333884102957589 3.797032470703125
2.910078361852845 2.8643063631924717
3.6625573900010853 3.4197190602620444
2.8669357299804688 2.840382783309273
3.2055829804519127 3.1854947408040366
2.79213962039432 2.7837009918995395
2.7467818350162148 2.7467818350162148
3.4808409554617747 3.430927022298177
3.4770923614501954 3.4770923614501954
2.9956515502929686 2.908783451203377
5.428737640380859 5.0973866780598955
2.786331354185592 2.7778960141268643
5.582603454589844 5.198031107584636
2.9249982691522853 2.9249982691522853
2.894345199852659 2.8919880307953933
2.8747778499827668 2.873519234035326
3.232890803639482 3.185595703125
3.0239495942086885 2.9924752371651784
3.274807929992676 3.233288484461167
2.686551557268415 2.655360099596855
2.5728785627979343 2.5688353991899335
3.531316969129774 3.386661182750355
3.9509808858235678 3.70815036171361
3.1843613133285986 3.058724194038205
2.698889888934235 2.698889888934235
2.6858922372950187 2.686323443662773
4.438381195068359 4.080995832170759
2.858586629231771 2.847047960436022
3.2645833333333334 3.127786134418688
2.9475206647600447 2.8977222442626953
3.577744410588191 3.4597750345865887
3.0837802574282787 3.0532982459435094
3.1874349382188587 3.0206003189086914
3.1568482716878257 3.054443359375
3.2354984657437194 3.1953158291903407
4.072485703688401 3.7470404681037452
3.2277112688337053 3.1414999961853027
2.9785021268404446 2.9624690303096064
2.846583316200658 2.834109878540039
3.2645833333333334 3.2645833333333334
4.403280506963315 4.0370362804782
3.4349690950833836 3.3859560830252513
3.5280388726128473 3.375963800603693
5.920869827270508 3.8334456223707933
3.9385910034179688 3.9385910034179688
3.9261651611328126 3.8693036679868347
3.723771667480469 3.3638012409210205
3.1789930912486293 3.1384827660732584
3.7411007351345487 3.64212646484375
2.8985055994104454 2.892853328159877
4.92531140645345 4.546572685241699
5.494300842285156 4.576413835797991
4.076632080078125 3.8315035912298385
3.882824617273667 3.767007928145559
3.016307406955295 2.9907784712942025
3.054443359375 3.0335146033245586
2.685500636245265 2.6858922372950187
3.391338094075521 3.343252658843994
3.8897765023367747 3.8897765023367747
3.073659044630984 3.0509425571986606
2.959869776016627 2.959869776016627
3.845481109619141 3.690593719482422
3.020005382191051 2.9929985434322033
4.312587738037109 3.8304866790771483
3.3619140625 3.3619140625
3.4704183850969588 3.4704183850969588
3.7749180793762207 3.676407708062066
3.9781306873668325 3.7171083177839006
2.819456503424846 2.813634794052333
3.708729214138455 3.708729214138455
4.422972785101996 3.954181671142578
3.464475154876709 3.333843231201172
4.051968892415364 4.051968892415364
4.134305136544364 3.4106993675231934
3.030007755055147 3.030007755055147
2.8932615915934243 2.852813155562789
2.6570359062902704 2.6570359062902704
3.909313201904297 3.794837236404419
3.932990409232475 3.777175548464753
3.0632969953011777 3.028536861889983
2.7291057353117028 2.7229864501953127
3.4501777317212974 3.4501777317212974
2.908974898488898 2.8965027372715837
3.9385910034179688 2.8345477764423075
3.866552654065584 3.761780511765253
3.3560999994692593 3.1854947408040366
2.7266717726184475 2.6700210571289062
2.8705150059291293 2.825085762219551
2.8982878093478046 2.853571311714723
3.604673385620117 3.4879593319363065
3.6556666447566104 3.016287841796875
3.0954740677756827 3.086270107312149
3.938063939412435 3.938063939412435
3.0806543986002604 2.9651176051089636
2.80731201171875 2.7950790405273436
2.773403803507487 2.7693807564529718
3.8980800083705356 3.5350693211410986
3.299365099738626 3.299365099738626
4.080995832170759 3.3853228092193604
3.3072106255425346 3.3072106255425346
5.920869827270508 3.3732147216796875
2.7200296692929027 2.7077132936507935
4.155267079671224 3.782078742980957
3.4408724975585936 3.4408724975585936
3.224626064300537 3.1568482716878257
2.8156016956676138 2.8087766310747933
3.5853782322095786 3.4494682594581887
4.794922964913504 3.6827098301478793
3.428956112619174 3.428956112619174
3.4916965260225186 2.984987320438508
3.3286871141003025 3.2739648257984832
3.3096555982317244 3.188941282384536
3.7324530283610025 3.3805503845214844
3.5586776733398438 3.5586776733398438
3.0338495994100767 2.9975457872663225
3.8604819774627686 3.7411007351345487
3.0945336478097096 3.0850143432617188
3.1375210918957674 3.126277028778453
2.8885072072347007 2.869063720703125
2.927053278142756 2.927053278142756
2.698889888934235 2.695548237233922
3.9174417768205916 3.9174417768205916
3.5388732260846076 3.4676280302159928
4.190535227457683 3.170241908023232
2.6618194580078125 2.6598061339495933
3.558049252158717 3.472939990815662
3.3094497680664063 3.2502708435058594
2.79232182578435 2.791837692260742
3.1153353736514138 3.0330950927734377
2.7200296692929027 2.7077132936507935
4.4701995849609375 3.794837236404419
2.8635940551757812 2.84833251953125
2.7637706083409928 2.7535608079698353
2.965492757161458 2.956700101811835
5.377200444539388 4.591070175170898
2.7699508666992188 2.7554158961519284
2.655964152018229 2.6541284259996916
3.842545142540565 3.758918489728655
4.011458901798024 3.6457757568359375
3.1236385345458983 3.0950393676757812
3.220015242293074 3.220015242293074
3.6625573900010853 3.5677421569824217
3.0782880843824643 3.071570460781729
3.405824221097506 3.309521230061849
3.321387114348235 3.148302786690848
4.571783701578776 4.038933648003472
5.268957138061523 3.7267730236053467
3.391421454293387 3.391421454293387
2.8221803937639507 2.7995983025966544
5.980422125922309 5.189774146446815
3.550689697265625 3.341621907552083
3.5819184439522878 3.5819184439522878
3.4687066078186035 3.4687066078186035
4.093441327412923 3.7769100666046143
4.447845840454102 3.3128455025809154
3.5819184439522878 3.4687066078186035
4.12074454171317 3.986615694486178
2.933622952165275 2.920729573567708
3.3805503845214844 3.3094497680664063
3.2882040272588315 3.2540979385375977
3.1131482805524553 3.087950272993608
2.882867027731503 2.825085762219551
2.9475206647600447 2.933622952165275
3.296018747182993 3.1835258483886717
2.9675649642944335 2.9675649642944335
3.2573638916015626 3.220015242293074
4.324798583984375 3.704548738440689
4.259180854348576 3.775040283203125
3.201717558361235 3.0930023193359375
4.190889798677885 4.190889798677885
2.942520347801415 2.942520347801415
3.7324530283610025 3.3805503845214844
3.188941282384536 3.1568482716878257
3.0642880526455967 3.0037652587890626
4.01013288826778 3.9392510690996723
2.8228803935803866 2.822508378462358
3.767007928145559 3.5853782322095786
3.8513630834119073 3.795037546465474
3.2292258318732765 3.049036108929178
4.297744433085124 4.112481253487723
3.3642492294311523 3.296018747182993
3.4878734241832388 3.1568482716878257
3.6859557136656744 3.599238741225091
2.976318091676946 2.9468203685322747
2.7866318073678524 2.783413569132487
3.004576382571704 2.960658429616905
3.054443359375 3.0335146033245586
2.837844669117647 2.8322946833468032
3.443405498157848 2.959660121372768
3.087950272993608 3.0646153325619907
3.066651725769043 2.999899491019871
2.819836283839026 2.7856627119348403
3.1568482716878257 2.7957938058035716
2.7029141939603365 2.7029141939603365
5.377200444539388 5.377200444539388
3.4934237553523135 3.347538948059082
2.819836283839026 2.7856627119348403
2.8099072364068802 2.8050263348747704
3.8055498676915325 3.660665563634924
2.894930124282837 2.8695279289694393
2.6569622264188877 2.647178963439105
3.0987494169776117 3.085292429163836
3.281499984416556 3.1769952606736567
3.2147688955630898 3.1953158291903407
3.0174453170211226 3.0081206172345634
3.0509425571986606 2.9928383567116477
3.4791512922807173 3.233111619949341
2.676959737141927 2.670440181609123
3.050189208984375 3.0286929790790262
4.1057498070501515 3.8036986560356327
3.1835089044256524 3.1727993872857865
3.001138480605593 2.9958816433545223
3.9654630025227866 3.9654630025227866
3.73482929576527 3.6656341552734375
3.8344707878268496 3.72341835715554
2.8356388279649076 2.8367154598236084
3.3944310602152123 3.3944310602152123
2.751598810745498 2.7404881645651424
3.935334368449886 3.8781003730241643
2.9351116943359377 2.904049343532986
3.100265244306144 3.0392975309001864
3.491755852332482 3.443373543875558
4.0246725643382355 3.6852337646484377
3.909313201904297 3.0980874766474185
2.696846175367815 2.696846175367815
2.8222455035199174 2.8134206671463815
3.3500724926329495 3.3253722110037076
4.411857604980469 4.223157564798991
3.2320931174538354 3.1326943856698497
3.298260313091856 3.2573638916015626
3.050189208984375 3.050189208984375
3.825761159261068 3.643042130903764
3.060936712449597 3.041694164276123
5.154138776991102 4.811669089577415
3.1113797505696614 2.9463907877604165
3.3463516235351562 3.2305262974330358
4.02169189453125 3.393390523976293
2.8087766310747933 2.8087766310747933
3.12511355377907 3.0106903651975236
2.7673743353949654 2.765617204749066
3.6477313571506076 3.5365795135498046
2.959660121372768 2.959660121372768
2.7838656517767135 2.7553473079905793
3.5677421569824217 3.4878734241832388
3.12511355377907 3.0106903651975236
3.7324530283610025 3.7324530283610025
3.278416560246394 3.1414999961853027
3.043603980022928 3.043603980022928
4.259180854348576 3.8654045436693276
3.220015242293074 3.12511355377907
2.7838656517767135 2.773566246032715
2.8874821518406724 2.87800194235409
3.2645833333333334 3.224626064300537
3.0283426424352133 3.00293820403343
2.9956515502929686 2.920729573567708
3.882824617273667 3.882824617273667
2.9475206647600447 2.908783451203377
3.3654814929496952 3.1953158291903407
3.0572998046875 3.021810178403501
3.199970245361328 3.07698122660319
3.2354984657437194 3.112872783954327
2.7637706083409928 2.7637706083409928
3.224626064300537 3.188941282384536
2.9624690303096064 2.920729573567708
2.9335750233043325 2.9335750233043325
4.035613250732422 3.84486452738444
2.76704336743836 2.7623922596807065
4.911682715782752 4.686003621419271
3.6932463774809965 3.603990136123285
2.773566246032715 2.7472734723772323
3.1541878304830413 3.073659044630984
3.1688937377929687 2.9497536947560863
2.9727775172183386 2.7672278994605657
4.190889798677885 3.882824617273667
3.0269251856310615 3.0269251856310615
3.1263302889737217 3.1263302889737217
4.352504730224609 4.352504730224609
3.568861643473307 3.568861643473307
3.4230286280314126 3.362531221829928
3.461272499778054 3.4352639142204735
4.803116538307884 4.079048558285362
3.054443359375 3.0139621098836265
3.587278366088867 3.587278366088867
3.1838780233304793 3.1529128830154223
3.659731183733259 3.5812494029169497
3.4878734241832388 3.3609096820537863
2.915930059891713 2.874561268796203
3.8971619606018066 3.6997852325439453
3.3641357421875 3.32083740234375
2.8231747150421143 2.8087766310747933
2.87800194235409 2.87800194235409
3.4687066078186035 3.3805503845214844
2.941288948059082 2.941288948059082
3.082885177047164 3.0488768159673456
2.9475206647600447 2.776580810546875
2.713384659563909 2.7077132936507935
3.054443359375 3.0335146033245586
5.427982754177517 5.199056451970881
4.561051108620384 3.8576187860398066
3.85323248969184 3.761161041259766
4.093441327412923 3.4878734241832388
3.652643839518229 3.652643839518229
3.5853782322095786 3.4494682594581887
2.98570223207827 2.9527356377963363
4.225716484917535 3.311181155118075
4.40097392689098 4.40097392689098
3.9174417768205916 3.7769100666046143
2.8233617146809897 2.818548867868823
3.309521230061849 3.309521230061849
3.662325772372159 3.59182071685791
2.910276730855306 2.865570068359375
3.0983269585503472 2.9214282696063703
2.847047960436022 2.847047960436022
2.9651176051089636 2.810929979596819
3.42452221381955 3.365060085720486
3.188941282384536 3.127786134418688
2.9624690303096064 2.9624690303096064
2.920729573567708 2.920729573567708
2.988438034057617 2.988438034057617
4.956414699554443 3.9630101521809897
3.233328907760148 3.112011576807776
3.348957755348899 3.1782745361328124
2.89107666015625 2.84844970703125
3.5145207619180483 3.3129365172567247
4.85405387878418 4.599386215209961
3.327232996622721 3.299942626953125
2.8408777872721354 2.8408777872721354
3.672976493835449 3.566300710042318
4.223356701078869 4.223356701078869
3.7411007351345487 3.370295933314732
3.64212646484375 3.4250253530649037
3.0139621098836265 2.8977222442626953
2.9497536947560863 2.9261990810962435
3.007584066951976 2.9924752371651784
2.7328788138724662 2.7264542830617806
3.4770923614501954 3.4770923614501954
4.382844034830729 4.155539261667352
3.5128948974609373 3.5128948974609373
2.9687788827078685 2.895685831705729
3.556344441005162 3.2853823575106533
3.828912588266226 3.723668065564386
4.02169189453125 3.5853782322095786
3.220015242293074 3.12511355377907
2.920729573567708 2.920729573567708
3.391338094075521 3.073579788208008
3.9236894495346966 3.7953555458470394
4.241710935320173 4.241710935320173
2.9161758422851562 2.9161758422851562
4.181099700927734 3.751141684395926
3.0642880526455967 2.9526356288364957
2.695548237233922 2.692804041043134
3.842545142540565 3.5575337129480697
3.1161507197788785 2.9651176051089636
4.259868621826172 3.907237688700358
2.859540515475803 2.836172103881836
3.3209978268470293 3.305783926722515
3.556738046499399 3.556738046499399
3.0201677021227384 2.988438034057617
3.4596580222800926 3.4211383688038794
4.011458901798024 3.6457757568359375
3.2625905087119653 3.2345375061035155
3.6488616943359373 3.587278366088867
4.173446273803711 3.937519073486328
4.007077625819615 4.007077625819615
3.3247125087640224 3.3061405181884767
4.101423564710115 3.9725465320405506
3.523680858122997 3.4439998892850654
4.5950400612571025 4.063285378848805
3.742090606689453 3.649439643411075
3.8449072265625 3.8020072350135217
3.313770375353225 3.2843104771205356
3.2645833333333334 3.2645833333333334
3.294782198392428 3.1967122603435905
3.1568482716878257 3.1568482716878257
3.4761910787442836 3.375583080535239
3.0831003824869794 3.0488241690176503
2.8222455035199174 2.809410488482603
3.337784903390067 3.3100876679291598
3.4760173450816763 3.414168357849121
2.9928383567116477 2.9928383567116477
3.0769457135881697 3.0335146033245586
3.8693036679868347 3.5815933582394623
2.810929979596819 2.7584036690848213
2.963478698730469 2.9473653940054088
3.2231561997357536 3.1874349382188587
3.81927306076576 3.6656341552734375
3.360680863663957 3.2193259381233377
3.3094497680664063 3.3094497680664063
2.8347910288217903 2.813481648763021
3.6919572938163325 3.6266752544202303
3.1581756591796877 3.1581756591796877
3.579409577125727 3.579409577125727
5.333884102957589 4.740304426713423
2.909022331237793 2.895685831705729
5.109450340270996 5.109450340270996
2.754866184332432 2.7197027871775075
4.794922964913504 3.4551283737708784
4.153710451993075 4.153710451993075
5.523467472621372 4.361599261944111
4.489047050476074 3.976738611857096
4.2185275268554685 4.1237363462094905
3.797667559455423 3.380735609266493
3.0090063589590565 2.9910270145961215
4.213271822248187 4.213271822248187
2.854328367445204 2.8472199311127535
3.1554794311523438 2.8635940551757812
3.4687066078186035 2.9651176051089636
3.1362664699554443 2.869063720703125
3.075988292694092 2.9675649642944335
3.767007928145559 3.4494682594581887
3.1924632238963295 3.1501341004302534
3.0335146033245586 2.933622952165275
3.9174417768205916 3.5677421569824217
3.073659044630984 2.9928383567116477
3.1558630807059154 2.9910270145961215
3.767007928145559 3.767007928145559
2.6963511380282315 2.6924862331814237
3.237227303641183 3.2140926014293325
3.2820064544677736 3.0852986653645833
3.2852840847439237 3.2610512591422873
4.438381195068359 4.240927378336589
4.080995832170759 3.747370147705078
3.0950393676757812 3.0683968283913354
2.918124291204637 2.906827688217163
2.706993341445923 2.7044846754807694
2.671231897865854 2.6651873921239098
3.2817142193134012 3.182013448079427
2.8212803807751885 2.785285234451294
2.685345879916487 2.685345879916487
2.932404168761603 2.8936751018198885
2.847047960436022 2.7952786400204612
3.0983269585503472 3.073659044630984
3.2677013874053955 3.2292258318732765
3.9472334725516185 3.3642492294311523
3.0835617527817236 3.0291940789473686
4.07349123273577 3.9321420192718506
3.2115667724609374 3.1043069773706895
3.8581411743164065 3.5982698713030135
3.064203618646978 3.056225848454301
2.6913661483890756 2.694027449733527
3.0589846656436013 2.922454268844039
2.686353659328026 2.685023847832737
3.2652388021979535 3.2491060021805436
2.988766577935988 2.9614116784298057
3.646688216771835 3.5645964866460758
3.508215566781851 3.432619486769585
3.1438045861586086 3.1438045861586086
3.0433821458082932 3.030424886675023
3.042909304300944 2.98570223207827
3.0895596208243536 3.048107862472534
5.427982754177517 4.994603083683894
3.0859200893304286 3.058724194038205
2.8140695745294746 2.8098963419596354
3.4494682594581887 3.0983269585503472
2.66266026990167 2.66266026990167
3.1564505864115593 3.093021751469017
3.276013604525862 3.2500288768481185
3.177945798581785 3.177945798581785
2.988438034057617 2.988438034057617
2.794528648501537 2.7931306900516635
3.991461048955503 3.991461048955503
5.3865640428331165 4.787051861102764
3.312206127025463 3.257640584309896
2.988438034057617 2.835330539279514
2.976318091676946 2.8995365750962407
3.2245466170772428 3.0859200893304286
3.3833774473608993 3.355859091115552
3.7433026123046873 3.6812902379918984
2.8952570206079726 2.877198382121761
3.296018747182993 3.2363575526646207
2.8165527893616273 2.8098536128491425
2.9926201315487133 2.9668594618975104
3.2256025834517046 3.2256025834517046
2.9468203685322747 2.9468203685322747
3.3096555982317244 3.1568482716878257
3.1362664699554443 2.869063720703125
3.1362664699554443 2.9335750233043325
3.934278869628906 3.797667559455423
3.414168357849121 3.3603955782376804
3.9472334725516185 3.0201677021227384
4.591070175170898 3.9816842079162598
2.961012500827595 2.933651878720238
4.452925788031684 4.452925788031684
4.896978434726331 4.804869675999366
4.659685493695854 4.659685493695854
4.917669677734375 4.917669677734375
4.825247544508714 4.825247544508714
5.029080094962285 5.139455907485065
4.51535395140289 4.51535395140289
4.694383748372396 4.728555225190663
4.810150655110677 4.810150655110677
4.745356306245055 4.696591260956555
4.737349631569602 4.748673439025879
4.495535573651714 4.602180750229779
4.5288848014874645 4.525970307155628
4.942626953125 4.942626953125
4.604647406216325 4.576490879058838
4.583144212805706 4.583144212805706
4.772338140578497 4.772338140578497
4.940447378849638 4.883309978328339
4.90101005617252 4.889429078066259
4.519314641537874 4.722295587713068
4.883209922096946 4.883209922096946
4.880991809772995 4.836853852143159
4.564557503962862 4.613252360026042
4.577213082262265 4.546382688126474
4.828148928555575 4.863191826398983
4.696586303710937 4.696586303710937
5.127701254451976 5.026803646447523
4.591402985328852 4.574810236150568
4.4923756917317705 4.436637878417969
4.607164171006945 4.603295489833943
4.980105313387784 4.980105313387784
4.89029873118681 4.91201516856318
4.562782689144737 4.503543883796752
4.63720216612885 4.669602944817342
5.2572712898254395 5.2572712898254395
4.54358704884847 4.626346164279514
4.720915911948844 4.739225318963579
4.914181300571987 4.86388185289171
4.67937726605663 4.68988269308339
5.079072601941167 5.061587333679199
4.4243418375651045 4.482070196242559
4.71790288118708 4.692481843051532
5.149870695891203 4.885197864879261
4.618098166136615 4.620780138465447
4.741285357558937 4.741285357558937
4.849289585167254 4.849289585167254
4.889674915986903 4.889674915986903
4.817684326171875 4.817684326171875
4.44396246047247 4.44396246047247
4.847074775285618 4.8652801513671875
4.7500049591064455 4.7500049591064455
4.563322922279095 4.450533718532986
4.498475793289812 4.502781982421875
4.7840453117124495 4.7840453117124495
4.698263482321099 4.698263482321099
4.5291748046875 4.5291748046875
4.66692142696171 4.66692142696171
4.829512256686971 4.829512256686971
4.740180410989901 4.633056640625
4.811967072663484 4.811967072663484
4.966033935546875 4.820897783551898
4.737486200747282 4.737486200747282
4.7274438208276095 4.619493073108149
4.760261003361192 4.760261003361192
5.0054948136613175 5.0054948136613175
4.751025755013993 4.751025755013993
4.534695095486111 4.534695095486111
4.989833158605239 5.177001398259943
5.050788430606618 5.095061837810359
4.933331576260653 4.861607021755642
4.594796987680288 4.594796987680288
4.438138872663552 4.45948173586002
4.521985626220703 4.521985626220703
5.011256190708705 4.861313864449475
4.62136882060283 4.62136882060283
4.575917256236588 4.575917256236588
4.69710989559398 4.662576729910715
4.809381724831587 4.808729044596354
4.758176531110491 4.758176531110491
4.782139171253551 4.734658983018663
4.8039673699273004 4.802469765267721
4.9664306640625 4.808056719891437
4.812180259011009 4.7767528589221016
4.559416594328703 4.559416594328703
4.735963586258562 4.7429123866705245
4.436718622843425 4.436718622843425
4.807481406391531 4.807481406391531
4.607268142700195 4.738999276790979
4.418664636746259 4.418664636746259
4.653139501585996 4.65472951876063
4.594879685786733 4.630199291087963
4.606024169921875 4.606024169921875
4.695807320731027 4.627149272168803
4.730182150135869 4.749832816745924
4.490478917172081 4.443063987875885
4.687824864541331 4.687824864541331
4.737284342447917 4.640385627746582
4.744711739676339 4.744711739676339
4.50458243233817 4.50458243233817
4.3430060492621525 4.3430060492621525
4.845538746226918 4.845538746226918
4.575568062918527 4.555192057291666
4.730728585379464 4.730728585379464
5.366796422887732 5.366796422887732
4.635663475495218 4.653674431566922
4.6537356756429755 4.6537356756429755
4.679042469371449 4.697616153293186
4.70264398484003 4.70264398484003
4.962631889011549 4.962631889011549
5.3991650390625 5.3991650390625
4.723879650811464 4.647522532611812
4.658224487304688 4.658224487304688
4.87356694539388 4.87356694539388
4.705426897321429 4.495302525962272
5.114862962202593 5.114862962202593
4.552967200118505 4.560530993403221
4.5479888916015625 4.5479888916015625
4.605061741879112 4.610139829922566
4.787483410957532 4.787483410957532
4.793365135621489 4.793365135621489
4.780147075653076 4.780147075653076
4.977413011633831 4.779516085772447
4.9043719951923075 4.9043719951923075
4.82355113865174 4.82355113865174
4.634014627207881 4.595652952032574
4.570628574916294 4.570628574916294
4.612825806377924 4.61459781812585
4.762224722599638 4.701305824638213
4.76400437614409 4.76400437614409
4.7397918701171875 4.780734518299932
4.576535470145089 4.613130610039893
4.591021778137703 4.601156686098521
4.660332464402722 4.660332464402722
4.92546307599103 4.92546307599103
4.771371321244673 4.775455869477371
4.712684616815476 4.705927643952546
5.363578347598805 5.284036254882812
4.618057493179563 4.618057493179563
4.989188058035714 4.989188058035714
4.8825483322143555 4.808854255123415
4.884806471604567 4.7506797096946025
4.7516881872106485 4.697289129221661
4.774052387959248 4.774052387959248
4.918042864118304 4.918042864118304
5.01641845703125 4.753796551678632
4.580726829735008 4.612899053664434
4.648231838060462 4.648231838060462
4.544917473426232 4.5853814948095035
4.60518060728561 4.60518060728561
4.712637668185764 4.687466299606979
5.288885498046875 4.876278963955966
4.726587243982263 4.726587243982263
4.681649102105035 4.57984718116554
4.93940003712972 4.714902990004596
4.396818814212328 4.381459296504153
4.707396925541392 4.650055373924366
4.920564033615757 4.994381553248355
4.695647390265214 4.698516468942901
4.937386590081292 4.858115803111684
4.604045867919922 4.604045867919922
4.7759976854511335 4.7759976854511335
4.546364619814116 4.521902561187744
4.96407725016276 4.821832901392227
4.598650636926162 4.598650636926162
5.306672903207632 5.306672903207632
5.026660847214033 5.026660847214033
4.623941379123264 4.5951379949396305
4.720876670745482 4.690805479537609
4.875658972788665 4.925595570759601
4.734832763671875 4.879595698142539
4.897893608940972 4.859548715444712
4.717912206109965 4.670450337727865
4.744915124141809 4.672455658783784
4.808206787109375 4.777776544744318
4.609513073432736 4.609513073432736
4.764946609246926 4.763438505284927
5.17465877532959 5.17465877532959
4.832920619419643 4.775988201762354
4.838300021189563 4.568547682328657
4.540413369937819 4.5382732316559435
4.898659706115723 4.856192883150078
4.772852619801919 4.752729973825468
4.525829143352337 4.549786322939712
4.645556281594669 4.506929723227897
4.939929314379422 4.91533939422123
4.8870906506554554 4.8870906506554554
4.862030877007379 4.7578575134277346
4.535410100763494 4.599159436348157
4.772193908691406 4.655607524671052
4.686945927607549 4.660744172980986
4.668545246124268 4.546031406947544
4.736491991126019 4.656648254394531
5.278227956671464 5.278227956671464
4.889135226397447 4.889135226397447
4.453043157404119 4.448324014852335
4.998700541834677 4.998700541834677
4.79599609375 4.79599609375
4.891148653897372 4.739585876464844
4.81255908203125 4.81255908203125
5.115689008663862 4.878873963286911
4.617752399850399 4.597854907696064
4.652315848214286 4.633434197841546
4.723274230957031 4.723274230957031
4.560150795794548 4.605894485322556
4.887099775295813 4.804821047008547
4.8645764519186585 4.615655196340461
4.632067512063419 4.632067512063419
4.5518609541880934 4.54095397332702
4.671314405358356 4.671314405358356
4.996958541870117 4.822348076000548
4.6435265435112845 4.6435265435112845
5.077304139429209 5.077304139429209
5.01609141031901 4.931849519971391
4.544543633094201 4.544543633094201
4.463504914314516 4.463504914314516
4.683580251840445 4.507747650146484
4.821990966796875 4.671061604817709
4.837197696461397 4.831572491189708
4.658611121544471 4.6305531931447454
5.059527228860294 4.85877089066939
4.223303122598617 4.310813043350564
4.6993747834236395 4.6993747834236395
4.6372583782862105 4.6372583782862105
4.715928141276041 4.570444742838542
4.618126220703125 4.736103621773098
4.104867504489038 4.17120527787642
4.991358620779855 4.991358620779855
4.710211315294252 4.710211315294252
4.769793460243626 4.673593015086894
4.591947078704834 4.569301986694336
4.492547828030873 4.43608824412028
4.593036262356505 4.593036262356505
4.915846930609809 4.915846930609809
4.624382757371472 4.532673645019531
4.876241551767482 4.876241551767482
5.079283040364583 5.079283040364583
4.786275024414063 4.786275024414063
4.765630773595862 4.739198248070407
4.6511225980870865 4.6511225980870865
4.5639142990112305 4.5639142990112305
4.827788458930121 4.7852087253477515
5.173749796549479 5.152792278089021
4.848717322716346 4.8539531386901285
4.830698272328318 4.816893078031994
4.859026772635324 4.866771443684896
4.579189151912541 4.644091316823209
4.7028148651123045 4.599925829016644
4.7625711229112415 4.557135331003289
4.922723840784143 4.922723840784143
4.9321238199869795 4.7863727569580075
4.85522566170528 4.85522566170528
4.959296162923177 4.898440630008013
4.4308640616280695 4.4308640616280695
4.802690901846256 4.821418891518803
4.791889784071181 4.791889784071181
4.5726165771484375 4.519110586128983
5.28187756660657 5.099224543167373
4.620109643829003 4.620590832768654
4.818665497062742 4.772962324458398
4.561882662485881 4.561882662485881
4.336833753083882 4.446766728940218
4.67764627708579 4.67764627708579
4.796960059632647 4.796960059632647
4.5637280864100305 4.529456728980655
4.973192898732312 4.973192898732312
4.550792504709663 4.5410342184913075
4.70421270580243 4.70421270580243
4.646805910720039 4.632872326539294
4.549851940524194 4.54236176257997
4.709511348179409 4.6406957232762895
4.469660747482116 4.469660747482116
4.9185709953308105 4.891523088727679
4.802852061571996 4.803305466110642
4.6146922718394885 4.6146922718394885
4.753541458484738 4.753541458484738
4.860606800426137 4.860606800426137
4.490303802490234 4.479772271050347
4.785441080729167 4.785441080729167
4.766424291274127 4.766424291274127
4.838049994574653 4.883900596981957
4.740063137478298 4.740063137478298
4.508908140893076 4.508908140893076
5.283862643771702 5.283862643771702
4.714627625512295 4.678157051616812
4.766257934570312 4.519723929610907
5.1305736965603295 4.754814596737132
5.147419999285442 5.147419999285442
4.710450508225132 4.758832716783941
4.880688325858411 4.880688325858411
4.725501807960304 4.725501807960304
4.651272773742676 4.678784985227633
4.895462970344388 4.782922183766084
4.464617411295573 4.464617411295573
4.7202911376953125 4.8167162443462175
4.713818433808117 4.599922983269942
4.596244253763339 4.571248089825666
4.734329083643922 4.687850288722826
4.786457677041331 4.861693219440739
4.572156674393984 4.5726451044497285
4.562699751420454 4.431440119157758
4.948019174429087 4.842025529092817
4.616871959758255 4.61825185922476
4.8763903449563415 4.8763903449563415
4.933302494517544 4.933302494517544
4.717132915150035 4.738834462267287
4.527215576171875 4.579293387276786
4.755206869660522 4.755206869660522
4.495886453768102 4.495886453768102
4.945944468180339 4.53300995522357
4.5216304637767655 4.5324767561983474
4.625313051285282 4.625313051285282
4.756806971663136 4.756806971663136
4.868193383310356 4.868193383310356
4.95173918071546 4.95173918071546
4.5704227842133625 4.560734929265203
5.494164686936599 5.494164686936599
4.636903629746548 4.707510811941964
4.816001892089844 4.37057819772274
4.972240782620614 4.972240782620614
4.803040128401025 4.801238029233871
4.677154144683442 4.690221339096258
4.740568403764205 4.740568403764205
5.456828689575195 5.365287673305458
5.31592289094002 5.017096964518229
4.921168300083705 4.909032648259943
4.550104314630682 4.550104314630682
4.844879943054992 4.852101045496323
4.679491180734536 4.6283347389914775
4.673757988109923 4.673757988109923
5.0649159749348955 5.0649159749348955
4.780558786574443 4.813693219458151
4.800581440172698 4.753626309908354
4.932342649919714 4.864885304072132
4.759315284522804 4.649423738805259
4.751281178325688 4.751281178325688
4.487959594726562 4.495792458274147
4.6771986825125555 4.6771986825125555
4.5550069020206765 4.541805042940028
4.756008572048611 4.536997222900391
4.399975996751052 4.537594845420436
4.814513324058219 4.886796188354492
4.530121192503511 4.530121192503511
4.552421859548062 4.399485690534608
4.2245849609375 4.2245849609375
4.620112225292175 4.580454137203467
4.709708504054857 4.709708504054857
4.726782365278765 4.726782365278765
4.718309783935547 4.718309783935547
4.925798918071546 4.768320052350154
4.540750766019209 4.676038118335308
4.988995971679688 4.701041197165464
4.565880852776605 4.546540260314941
4.8177710244821945 4.8171673399029356
4.732905301180753 4.777700424194336
4.5694085015190975 4.5694085015190975
4.910606509349385 4.815052775593547
4.397330266779119 4.397330266779119
5.073052883148193 4.796193179921207
4.805207971024187 4.727789608048804
4.863564657998252 4.863564657998252
4.636663583608774 4.636663583608774
4.709677237051505 4.709677237051505
5.3254844263980265 5.3254844263980265
4.57716064453125 4.561415778266059
4.6644164375636885 4.6306711297286185
4.341383077330509 4.202789688110352
4.416211809430804 4.272489869749391
4.518840589021382 4.505503553025266
4.484195797942405 4.454398165927844
5.263128662109375 4.430839269301471
6.040109807794744 4.7610998819040695
4.538074602399553 4.508475026776714
4.69502681134695 4.486489175748424
4.450434875488281 4.428431499435241
4.61733213482481 4.582940601167225
4.552677496359767 4.567355732055248
4.622928149079623 4.6343970205269605
4.655394962855747 4.655394962855747
4.617314820648522 4.617314820648522
4.8250140995942346 4.77727362450133
4.628433868664653 4.6435430617559526
4.718931024724787 4.675780579283997
4.779646885247878 4.633317669618477
4.645785424017137 4.667020357572115
4.512782426313921 4.4744546824488145
5.979208265032087 4.974865537701231
4.654856821124473 4.654856821124473
4.6721343994140625 4.6721343994140625
4.565892853805323 4.549699315484965
5.0558150007918075 4.813744178185096
4.844688052222843 4.845745086669922
4.673160171508789 4.601768236481742
4.821175564540906 4.846012798108553
4.543357566550926 4.412646878150202
4.577137020852068 4.610107017668668
4.587485093336839 4.720044663373161
4.908177839006696 4.859329535036671
4.667751506223517 4.658309853142076
4.433455716646635 4.433455716646635
5.1152099609375 5.0418710017549815
4.51576170202804 4.500022120123742
4.652110072544643 4.676701957449262
4.627672697368421 4.599462374834947
4.6717146439985795 4.6717146439985795
4.850170593261719 4.734070279704991
4.598611582880435 4.60861328125
4.644455368454392 4.624789428710938
4.375653559618657 4.375653559618657
4.786409467180198 4.786409467180198
4.7802833108341 4.788220131233947
4.874510331587358 4.4064894695671235
4.595032601986292 4.582000172466313
4.732852333470395 4.684616844252784
4.658950127495659 4.658950127495659
4.741897181460732 4.741897181460732
4.573497425426137 4.622019136868991
4.579108047485351 4.341951904296875
4.619535934093387 4.499675269265777
4.864837646484375 4.711773071289063
4.444418334960938 4.477668634340084
4.615696498325893 4.50105236422631
4.503161868533573 4.510282135009765
4.738025919596354 4.738025919596354
4.587581206133021 4.611281469854385
4.442280102801579 4.4394925204190345
4.637696402413504 4.649686925551471
4.662568634631587 4.6124029778814934
4.791215260823567 4.791215260823567
4.678011864730992 4.5630126953125
5.044498150165264 4.569858314251078
4.639663298233696 4.677691372958097
4.438945672450921 4.438945672450921
5.059753026717749 4.979037617528161
4.521551949637277 4.595677251401155
4.723601012670693 4.636757466330457
4.732494586447011 4.725041074302575
4.706081136067708 4.734607231326219
4.5900091691450635 4.538887179627711
4.922184592799137 4.922184592799137
4.57329345703125 4.610634817204005
4.632988406450321 4.650274451804046
4.5713722431554205 4.5713722431554205
4.690531412760417 4.782797006460337
4.644899213142943 4.645184715757979
4.749528329583663 4.732709402061371
4.704201547723067 4.758558000837054
4.6195626986228815 4.6195626986228815
4.820647321428571 4.657570975167411
4.749477713448661 4.471815745035808
4.451900177938075 4.463882361986361
4.444520846963516 4.464510728686636
4.818907928466797 4.847404642308012
4.789068728077169 4.754463943780637
4.68779594168012 4.61753911944242
4.784897867838541 4.704799107142857
4.84990495954241 4.816544361603566
