3.569051424662272 3.7148851247934194
3.4157074863470873 3.3841966290340246
4.016176223754883 3.6710433959960938
3.2018309135657512 3.2018309135657512
3.45616208589994 3.4430267189351302
3.529516740278764 3.493941422347184
3.6135942863695547 3.5041830274793835
3.16402587890625 3.147097486946451
3.566366958618164 3.3961646670386907
3.1683674100079116 3.342874712648645
3.459405752328726 3.459405752328726
3.3815185546875 3.3300090589021383
3.262003260334646 3.236333483048068
3.469580514090402 3.404772902979995
3.4372628348214285 3.4372628348214285
3.2171343848818825 3.1497605938777746
3.182347536087036 3.249571869338768
3.368398955374053 3.353635873367537
3.3570582339638158 3.3274072141063455
3.6599786546495228 3.6867136637369793
3.6792009527033027 3.6760025024414062
3.189484187534877 3.189484187534877
3.4711575317382812 3.377404349190848
3.48589111328125 3.226806884765625
3.4009014423076924 3.4928045833812043
3.346857706705729 3.2904612821691175
3.7612344360351564 3.4316268194289434
3.1043985356729498 3.0989354970503826
3.089261478509385 3.089261478509385
3.33470458984375 3.30838119774534
3.0865358205942006 3.05686092376709
3.097845597700639 3.097845597700639
3.381778985681668 3.3362764485677086
3.215462493896484 3.2028571234809027
3.4235818797144395 3.116951412624783
3.541482996057581 3.2055800217848556
3.166578711532965 3.188227086634069
3.1580013937793425 3.1122870445251465
3.0528651896042263 3.048276727849787
3.1953330901731927 3.1953330901731927
3.3613181736158286 3.1665559248490767
3.2602454652177526 3.295336286598277
3.486860752105713 3.476722394916373
3.276754232553335 3.1560944065903174
3.485441728071733 3.3653605534480167
3.512760707310268 3.594330136138614
3.3682328481522816 3.316648695203993
3.1722414016723635 3.140600898938301
3.1368101019608345 3.1834630119730027
3.3161895532402204 3.3191207291243914
3.10692676744963 3.2262673950195313
3.485820076682351 3.421718989577249
3.1749055007408407 3.149785569876679
3.2455617731267754 3.2455617731267754
3.299213177224864 3.263261922200521
3.2631729274120147 3.2429929358936915
3.3488943481445315 3.2480865478515626
3.3869989568536933 3.2957342529296874
3.3672800064086914 3.36798828125
3.4837292867993552 3.385839029947917
3.1540994236611914 3.1540994236611914
3.2641420269956685 3.2614818754650297
3.6604760540418386 3.6023197617641713
3.6136398315429688 3.5797001139322915
3.117315673828125 3.117315673828125
3.603220487895765 3.484887140447443
3.4353450359684405 3.4018996465773808
3.1610585992986504 3.0541962231595092
3.3384973699396308 3.2709438517942266
3.373518697331461 3.3714558283487954
3.252412109375 3.2048261237866953
3.1562908876289444 3.123388902196344
3.032069526284428 3.0185211279767885
3.354177599755403 3.340670112941576
3.3242216671214386 3.3088192409939237
3.1995605971096963 3.1715625581287203
3.50438232421875 3.4762990851151314
3.3483672211135644 3.3483672211135644
3.7331342697143555 3.8155275232651653
3.277050159595631 3.250228609357561
3.5449410296501 3.6337688991001675
3.4847373962402344 3.435005102264747
3.328635951450893 3.333481370357045
3.187025937167081 3.343287541316106
3.2804598521037276 3.2176498258956756
3.273382109713692 3.273382109713692
3.3630709648132324 3.354453863099564
3.6979226166347288 3.724884033203125
3.730337460835775 3.751239776611328
3.3797359466552734 3.238152937455611
3.877174886067708 3.779139995574951
4.382890400133635 4.19069090343657
3.29056396484375 3.2839154863690996
3.104564021183894 3.099221492159194
3.1527208600725447 3.1539435469155492
3.3172367095947264 3.2082977294921875
3.089222149637372 3.1036882727316977
3.3568632943289622 3.3568632943289622
3.370306905110677 3.3617498609754772
2.7010583877563477 2.8730404593727807
3.4551701739551577 3.4551701739551577
3.1104214575982865 3.138946141952123
3.1229231438669216 3.1245274343890346
3.0615640079273896 3.0294227171479986
3.351982272401148 3.2866063271799395
3.3978855029956714 3.3668635748570264
3.5049203725961537 3.441257383765244
3.293746284816576 3.257402631971571
3.31086388412787 3.2006720340613164
3.0464834004891017 3.0337329301677767
3.491245814732143 3.3815511975969588
3.588050967357198 3.5243339029947918
3.32387359797606 3.32387359797606
3.2306432589678695 3.1900649472891565
3.326630536247702 3.2868890595017817
3.4450556006135242 3.4450556006135242
3.130756084735577 3.1174587163710057
3.333569585060587 3.274600046985554
3.444637722439236 3.444637722439236
3.111681067425272 3.111681067425272
3.329440104166667 3.2444277676669033
3.115685041560683 3.1352132161458335
3.230959415435791 3.1864637291949727
3.138768207596009 3.138768207596009
3.372972571331522 3.372972571331522
3.3433932349795388 3.245003662109375
3.1914777912077357 3.1914777912077357
3.42230126953125 3.3914468454760174
3.2659875670475746 3.221570401578336
3.4002389259708736 3.4002389259708736
3.350826209699604 3.3044074122891103
3.0876149495442706 3.0876149495442706
3.2200776657255568 3.199131556919643
3.17040526561248 3.17040526561248
3.9769567541173987 3.8659820556640625
3.320801507859003 3.400526085678412
3.521564737955729 3.628962516784668
3.3373139480064653 3.597342520049124
3.2288660321916853 3.219173655790441
3.6630389334141524 3.599771017556662
3.449155061141304 3.4571221669514975
3.367689594469572 3.383886244690534
3.378241703428071 3.378241703428071
