3.506307373046875 3.5262847900390626
3.550527670948776 3.5197662353515624
3.203786116379958 3.1303638805042615
3.158491308038885 3.114905585617316
3.424873634620949 3.3699346059381705
3.4677462013818885 3.5643985935899076
3.9066903250558034 3.599501900050951
3.2358743143822863 3.2164967361005763
3.494039362127131 3.25409427765877
3.078363732446598 3.1304226477169297
3.355341861122533 3.210351695185122
2.787931442260742 3.253942547422467
3.2473236568390376 3.375569111592061
3.426827823414522 3.3168061355064653
3.4322054181780133 3.352944789788662
3.233810028472504 3.1839705102237654
3.153575840281017 3.054737232349537
3.4237340291341147 3.3786940574645996
3.2561836661873285 3.3009130977889867
3.8664940523814004 3.8070545415768677
3.63496822781033 3.8287558555603027
2.8181965351104736 2.80495210127397
3.55516928213614 3.297961643763951
3.465235674822772 3.289705742730035
3.3737107496995193 3.2367585126091454
3.475828939409398 3.372970199584961
4.225384798916903 3.940952682495117
3.053224893140543 3.0535728700699343
3.0733427501860118 3.0810982593395893
3.356543486973025 3.340380859375
3.525817177512429 3.33716851311761
3.058802065641984 3.0296783447265625
3.413856398891395 3.5195481073288692
3.2738461701766304 3.233364051496479
3.1536246851870886 2.9588978416041325
3.3804913838704427 3.260934268727022
3.1503267641420716 3.20127685546875
3.136646774579894 3.0842412312825522
3.048710601719198 3.0330352783203125
3.1719071108653365 3.1429297153487403
3.4526689637382075 3.2753626505533853
3.222954608024435 3.1538658989800346
3.394023719200721 3.304381614507631
4.212181727091472 4.058765117938702
3.425811767578125 3.3389792371152054
3.600482429425741 3.4708249550166093
3.3821848089044746 3.1902020240464593
3.1685107728970126 3.2328173966057556
3.189584370532067 3.171188174977022
3.388345314638458 3.337886265345982
3.0836736891004772 3.088149562026515
3.4737186641483517 3.272415841460987
3.1770592766839103 3.1103952508223682
3.2479753863087018 3.2200353110708844
3.3233365850933527 3.2429692516588187
3.27814778242961 3.2515284946986607
3.3142726167719414 3.3180726066468256
3.5215850830078126 3.15401909568093
3.142968495686849 3.16976318359375
3.378680509679458 3.2830123901367188
3.1983391256893383 3.1365570068359374
3.2963138321070997 3.3018654563210226
3.6457839124784694 3.4868287840089596
3.560568989187047 3.5084321395210596
3.1560842413651318 3.136981201171875
3.2541992881081323 3.2458545918367347
3.3234460218897404 3.2172000660615807
3.2144587010513117 3.1176553477411684
3.3580084014357183 3.253591473182935
3.316702609592014 3.2746299672349592
3.168785814969045 3.2978920936584473
3.0869422549293155 3.0733416080474854
3.02609834702916 3.029257581124898
3.3983391981858473 3.550460152004076
3.3202927533318016 3.3060050540500217
3.2051176332339213 3.217163774303924
3.489565567231514 3.3356719145903715
3.4261733006386863 3.3975862775530135
3.383128356933594 3.4291833948206016
3.1988186922940343 3.1892848220774503
3.6261605834960937 3.6261605834960937
3.4030825966282894 3.1869525331439394
3.255742021040483 3.5106653111581583
3.4144775390625 3.14162895896218
3.2037375057444852 3.152714405244994
3.2917764102711398 3.2508526611328126
3.1182955573586857 3.105429382324219
3.54932123819987 3.4780850410461426
3.329243024190267 3.1764230728149414
3.649036407470703 3.3642307917277017
3.6858857567630596 3.5420040732935854
4.075246175130208 3.5645175045483732
3.2915184777062216 3.2615934952445653
3.134250374727471 3.119492232433857
3.134906308870789 3.143724953858212
3.4142707375919117 3.2267073197798295
3.10789794921875 3.1360477483611002
3.3409556636103876 3.297346510328688
3.083053789640728 3.1843482607886906
3.203351534329928 2.9544782638549805
3.4044373527405756 3.3450186593191966
3.1609265944536995 3.140474913550205
3.1213751458502434 3.0993709385952104
3.0637293198529414 3.126993635059458
3.392209641476895 3.3572659273760035
3.365358493472106 3.3281103248804644
3.494856363932292 3.4091954776896767
3.26453116280692 3.2740088773060996
3.4337020287146935 3.2363433837890625
3.069914988982372 3.115044355392456
3.000075101852417 3.407171630859375
3.5943741336945565 3.3261025638903603
3.3394869290865383 3.329040864554558
3.185665185900702 3.1561876932779946
3.208339934653424 3.190857224237351
3.439504504877295 3.3923559267658834
3.1035554108796295 3.100051972360322
3.245397040184508 3.354042467220809
3.424027845594618 3.2539636020002694
3.120268322172619 3.137597278156112
3.2622142590974508 3.217719959077381
3.098934757008272 3.1392473043854703
3.2594871520996094 3.2150920793121935
3.2257141885878164 3.2594958172728683
3.4611688232421876 3.274510059541869
3.4442108898628048 3.3749868219549004
3.2067404354319855 3.210934032093395
3.494472927517361 3.4665277654474433
3.293110553483318 3.273512223187615
3.380450148809524 3.341874988800889
3.3352360225223996 3.2373018748199884
3.0519948323567707 3.015416837993421
3.227096036585366 3.541922150755958
3.2672715058197848 3.2683710512907607
3.565984326739644 3.431847708565848
3.334775178328804 3.400264195033482
3.4236686012961646 3.4422468902371453
3.4591264724731445 3.3233195410834417
3.2034152104304385 3.1417201527378014
3.5160454644097223 3.493960472845262
3.458127975463867 3.359819852388822
3.3476559287623355 3.348672157476756
3.5388221740722656 3.4777094523111978
