5.234561835394965 5.234561835394965
4.689270475017491 4.794981820242746
4.720514757879849 4.921195560031467
5.6244354248046875 5.778263385479267
4.879435572130927 4.897287845611572
4.358280587703623 4.408181289146686
4.323697408040364 4.3184120424332155
5.231212298075358 5.157659596410291
5.0133828555836395 5.027640982849957
4.748920985630581 4.7966936219413325
5.042894926525298 5.070913332317947
4.88425096414857 4.846468643403389
4.6768895709325395 4.6716164981617645
4.884639739990234 5.337955821644176
4.1382904052734375 4.320757066881335
4.840971105238971 5.011309649493243
5.012541198730469 5.149972279866536
4.359981079101562 4.494576348198785
5.07467041015625 5.0702240432518115
5.851168597186053 5.546385331587358
4.542517812628495 4.542517812628495
4.931071262733609 4.878015790666852
5.157105492763832 5.157105492763832
5.111244933245933 5.260940735598645
4.20878659761869 4.48059310913086
5.406832695007324 5.5876665115356445
4.845157855123446 4.91364981275086
5.224239501953125 5.224239501953125
4.943747855521537 4.772486413043478
4.989179393913172 5.013405367454387
5.235949198404948 5.1303622159090905
5.169496082124256 5.169496082124256
4.970043784693668 4.970043784693668
4.8033642136907 4.978251795614919
4.83929569205058 4.817635249165655
4.973984316170934 4.940194936899038
5.007625474842317 4.993740626743862
5.331200898583256 5.331200898583256
4.796436510587993 4.8657126124901104
4.9653344923450105 4.927277483258929
5.126227883731618 5.126227883731618
4.559438705444336 5.128098099320023
5.368264275628167 5.465390014648437
5.035075637529481 4.976854168000768
4.7997295673076925 4.743925206801471
5.007809884207589 5.007809884207589
5.114470146071743 5.025249862670899
5.078982162475586 5.754420353816106
4.806427805047286 4.62212920607182
4.665214583718565 4.665214583718565
4.50067138671875 4.530455072242093
4.933705205502718 5.167466299874442
4.797301675671729 4.810841248098728
5.323905662254051 5.297380118534483
5.0287915398092835 5.056201934814453
5.067113702947443 5.03227057823768
4.992692178754664 4.992692178754664
5.795877075195312 5.795877075195312
4.718011474609375 4.724245154339334
4.660867625269397 4.685204982757568
4.852483161141939 4.8685302734375
5.086470104399181 5.086470104399181
5.195229620682566 5.195229620682566
5.250504126915565 5.151390075683594
4.977677637216996 4.977677637216996
4.945917544157608 4.945917544157608
4.968025363221461 4.893523080008371
5.768202781677246 5.768202781677246
4.778666847630551 5.102170077237216
4.7620197296142575 4.709370714552859
6.851064046223958 6.851064046223958
4.96948207109824 4.96948207109824
5.192157745361328 5.192157745361328
5.548581123352051 5.548581123352051
4.872587203979492 5.034823233621163
5.188650948660714 5.3489010718560985
4.95556588008486 5.261836125300481
5.003766377766927 5.088808412905093
5.149010699728261 5.149010699728261
5.491948621026401 5.491948621026401
5.145488739013672 5.145488739013672
5.7314910888671875 5.7314910888671875
5.388508424920551 5.388508424920551
5.208513934795673 5.245473302396617
4.889335213126717 4.889335213126717
5.404321224131483 5.404321224131483
4.765233533135776 4.737793937562004
4.603791373116629 4.611303514049899
5.006217673972801 5.006217673972801
5.151576115534856 5.151576115534856
4.418025746065028 4.418025746065028
5.147161310369318 5.10517084030878
5.28246467496142 5.28246467496142
5.3001341208433495 5.357540130615234
4.926466602390096 5.051068163293553
4.844039592337101 4.844039592337101
5.31170404152792 5.262583262884795
5.499313686204993 5.499313686204993
5.578708873075597 5.578708873075597
5.009716327373798 5.009716327373798
5.043386044709579 5.043386044709579
5.135663054710211 5.135663054710211
4.698070526123047 4.796588295384457
5.041025335138494 5.0210256052541204
5.261304321289063 5.470546624599359
4.846765814887153 4.832415262858073
4.6398431687127974 4.6398431687127974
4.90374755859375 4.967315244003081
5.031945607018849 4.954156930106027
4.4568326271186445 4.8344111723058365
4.249254499162946 4.3040909943757235
4.9106729522006205 4.9106729522006205
4.686366869055706 4.686366869055706
4.950516681281888 4.927453177315848
4.565659693667763 4.565659693667763
4.613811882174745 4.592117907954197
5.197699078058792 5.143026383196721
5.205913837139423 5.205913837139423
4.993204991957721 4.993204991957721
4.641686096191406 4.641686096191406
4.734754535513864 4.644956178303007
4.885039209720477 4.885039209720477
5.419687906901042 5.4497631072998045
4.914084879557292 4.914084879557292
4.823516845703125 4.842045375279018
4.750757032825101 4.750757032825101
4.635825996968284 4.635825996968284
4.935110909598214 4.986670600043403
4.398016567887931 4.636850858989515
5.04535816333912 4.78748050812752
5.109196103852371 5.109196103852371
5.366355895996094 5.025107163649339
5.5050605773925785 5.0838519505092075
4.655295738807092 4.656579305959302
4.807200712316177 4.826204348833133
4.85743266780202 4.85743266780202
5.367207845052083 5.052470615931919
5.32260359094498 5.232000122070312
4.4468621826171875 4.4468621826171875
5.275562633167613 5.278855905024963
6.514739990234375 5.626411886776195
5.232562956262807 5.232562956262807
5.101795196533203 5.32866943359375
4.47149658203125 4.694767307590794
4.881096526866651 4.981889007784796
4.723485146799395 4.744731903076172
5.8065993850295605 5.422521176545517
4.60553838165713 4.60553838165713
5.277612110925099 5.277612110925099
4.761593853985822 4.761593853985822
4.517691335370464 4.46222294987859
4.947440923646439 5.033264503050386
4.67203566607307 4.704321156377378
4.890719731648763 4.614226164641203
4.681678015906532 4.681678015906532
5.113031202746976 5.113031202746976
4.631554013206845 4.631554013206845
4.627017974853516 5.081994798448351
5.842488255994073 5.8466132983826755
5.610693680612664 5.595513153076172
6.387196655273438 6.033333070816532
5.072000994001116 5.072000994001116
5.149047141851381 5.149047141851381
5.163015396868596 5.034168019014246
4.879400322907163 4.975160266507056
4.955349876767113 5.162640571594238
4.9782658424698 4.94233512878418
5.57376038794424 5.701566781570662
4.74140370686849 4.5082862854003904
4.969847523082386 4.9958247815148304
5.210705360669769 5.210705360669769
5.132009506225586 5.242618527032633
5.873531818389893 5.873531818389893
5.19634780883789 5.056948754095262
4.718170642852783 4.718170642852783
5.288191170528017 5.405938436818677
6.209924062093099 6.209924062093099
5.40879336270419 5.160721249050564
4.837233970905173 5.04981803894043
4.78747986910636 4.777479268736759
5.151998519897461 5.070321890024038
5.20478990342882 5.259285910087719
4.677389090401785 4.739267427627355
4.828880632427377 4.828880632427377
4.820926666259766 5.788485209147136
4.999540691134296 4.888589338822798
4.8876972050629846 4.883112550691794
4.927899360656738 5.015011004547574
4.601172814002404 4.606636340801533
4.509011404854911 4.509011404854911
4.9576893682065215 5.078093430091595
4.450260344005766 4.450260344005766
4.898006916046143 5.116578892299107
4.823387993706597 4.823387993706597
4.734932309105282 4.734932309105282
4.650439094094669 4.650439094094669
4.652561645507813 4.754572138056025
6.033143997192383 6.362404293484158
4.903782435825893 4.903782435825893
5.053839672570941 5.089805433485243
4.918328421456473 5.174167681343948
4.737201017491958 4.737201017491958
5.113574780915913 4.990224202473958
4.9534876397315495 4.811680343915832
4.688377318343496 4.702011585235596
4.6957857156101666 4.662680233226103
4.7088310517460465 4.715595200482537
4.964219900277945 5.155876422750539
5.361188021573153 5.38206637635523
4.984415372212728 5.077117573131215
4.921191645603554 4.921191645603554
4.823109019886363 4.823109019886363
4.985891747662402 5.143782222972197
4.875325807383363 4.789481684846698
5.065706380208334 5.285432295365767
4.544164669152462 4.544164669152462
4.9185539245605465 4.8604242234002974
5.326457795642671 5.326457795642671
4.71443854437934 4.749876976013184
5.400709969656808 5.446722177358774
4.961946528008643 5.040467325846354
5.750514507293701 5.52526741027832
4.490776325094289 4.558028470552885
5.264843410915798 5.176587785993304
5.010135226779514 5.010135226779514
4.247294764364919 4.218310356140137
4.732048087284483 4.843072706653226
4.961902618408203 4.996066846345601
5.862846551939499 5.862846551939499
4.700916290283203 4.5774747786983365
4.779149548760776 4.887836335834704
4.928595406668527 4.856880851413893
4.969309052075345 4.9348288143382355
4.7931772867838545 5.031157258269075
5.5496337890625 5.5496337890625
4.865292019314236 4.6851989082668135
4.182081831262467 4.04923350016276
4.612366676330566 4.760273361206055
5.405776528751149 5.308375709935238
5.401234218052456 5.63433837890625
4.643904853112919 4.643904853112919
4.7895247141520185 4.7895247141520185
4.318650390625 4.318650390625
4.6962697098894814 4.844210191206499
4.967996162280702 5.212841432486007
5.078397863051471 4.961596965789795
4.983398065334413 4.983398065334413
4.706246211610991 4.706246211610991
5.784257989180715 5.878996750404095
4.735619439019097 4.789027986072359
5.325274260147758 5.257091045379639
4.794547186957465 4.902882502629207
5.3823571298636645 5.487871013703893
5.025491396586101 4.960691598745493
5.47418212890625 5.455629685345818
4.840406145368304 4.8770274500693045
5.354827880859375 5.175424769304801
4.917682647705078 5.1118688815977515
5.1984987612123845 5.1984987612123845
5.24182023673222 5.24182023673222
4.220617120916193 4.274872860666049
4.7939910888671875 5.182605852399553
5.025607146364351 5.067423179666832
4.867523677765377 4.972034229951746
5.0287017822265625 5.112893240792411
4.735819777397261 4.735819777397261
4.840801439787212 4.840801439787212
4.965629382011218 4.970012248063288
5.071846595177283 5.040527942133885
5.387296715561225 5.387296715561225
5.022184421705163 5.0908056640625
5.244930812290737 5.610927806181066
4.863938978501967 4.863938978501967
5.013709658668155 4.988284912109375
4.927379832548254 4.979842738101357
4.85173448754066 4.883187247322989
4.861075337727865 4.9857054816351996
5.0838063557942705 4.973323364257812
4.776221110026042 4.776221110026042
5.055652324969952 5.106820106506348
4.8293835762219555 4.8579740704230545
5.138865544245793 5.163239397321429
4.679996565276501 4.647490904219314
5.14748101485403 5.14748101485403
5.092179008152174 4.950952866498162
5.256400250374003 5.256400250374003
4.864503479003906 4.864503479003906
4.4071613311767575 4.4071613311767575
4.909041002061632 4.795601358219069
4.97279922276327 4.9817531923704506
4.73426293545082 4.752994384765625
5.1287640162876675 5.1287640162876675
4.760721418592665 4.760721418592665
4.935728850188078 4.860326555040148
5.142375065730168 5.199971845073085
4.934823172433036 4.897831565455387
5.065759047022405 5.065759047022405
5.233763999127327 5.2939185026650115
5.353528703962054 5.844170963062959
4.938930388419859 4.938930388419859
5.077735086089199 5.077735086089199
4.392598876953125 4.481964893830129
5.468418121337891 5.128377606791835
5.016485995933658 5.143496268136161
4.632631574358259 4.696777848172779
4.813551548549107 4.898890904017857
4.880016085467761 4.842253251509233
4.980395617785755 4.980395617785755
4.544912039951126 4.548340679848031
5.367312113444011 5.272585732596261
4.806153589365434 4.829795591292843
4.984325778099798 4.960951450892857
4.788172279916158 4.937152862548828
4.731357931233139 4.731357931233139
4.971742394852312 4.916256144895392
4.978038699127907 4.978038699127907
4.885537868592797 5.0516367482615046
4.79650185324929 4.926949412552352
4.984371503194173 4.826533782176482
4.997763798154634 5.172379493713379
5.007256476433723 5.005862704190341
5.007292175292969 5.046521935096154
4.813349367098044 4.778785268212579
4.901209803989955 4.829027362898285
4.966031755719866 4.7666990698837655
4.602374267578125 4.599116182875359
4.4634696415492465 4.4634696415492465
4.772208616905606 4.806704138741275
4.929517110188802 5.035642941792806
5.159224770285866 5.278938455784575
5.063466389973958 5.151943359375
5.040378266731195 4.847279139927456
5.357786178588867 5.270031268780048
4.651048847273285 4.942672859909188
4.852202123525191 4.758577854513264
4.73047625432249 4.776235925145896
4.470756530761719 4.46314457484654
4.774395441604873 4.774395441604873
4.818098911019259 4.885190217391305
4.603063409978693 4.800968772486637
4.806513272798979 4.86323075727983
4.9130659103393555 4.806600613064236
4.752693716935285 4.888706207275391
4.983927198024611 4.983927198024611
4.93317528594312 4.924805541138549
4.908723405263956 4.908723405263956
4.791936848958334 4.812367248535156
4.468292236328125 4.619487318881722
5.275847278941761 5.249260617975603
4.8888785294660435 4.856057073836936
5.041317262511322 5.041317262511322
5.003598082299326 4.914331251575101
5.135796523675686 5.109894434611003
5.1100985440340905 5.1100985440340905
4.610011509486607 4.69721701292865
4.87116796320135 5.002549151985013
4.585188767005658 4.520845970011646
5.342406328986673 5.342406328986673
5.243888988829496 5.189309042008197
4.724750094943577 4.724750094943577
4.791749500093006 4.896665991806403
5.1465911865234375 5.161136402803309
5.28552561792834 5.28552561792834
5.275550886901499 5.275550886901499
5.151645544803504 5.274436526828342
4.622522768766983 4.592542114257813
5.183813401210455 5.0319965069110575
5.0747016772889255 5.0747016772889255
5.343880123562283 5.343880123562283
4.911416258487402 4.911416258487402
4.436677856445312 4.501715691535027
5.188205061287715 4.944546883566337
5.192149442784927 5.233498597756411
5.1361083984375 5.1361083984375
5.1803455968056955 5.386911180284288
5.153257242838541 5.153257242838541
4.981522811086554 5.106446558115434
4.997198922293527 4.995918273925781
5.09255924931279 5.078242766551482
4.901096738617996 5.1775994300842285
4.871378084508384 4.725909762912327
4.73516845703125 4.749591695851293
4.7638554325810185 4.793176520360659
5.155838489532471 5.484033493768601
5.0680482445693595 4.897588613081951
4.852279827158938 4.852279827158938
4.719143789785879 4.719143789785879
5.0144869717684655 5.021919652035362
4.909128137536951 4.876039632161459
4.5801107472386855 4.5801107472386855
4.871239556206597 4.78433583577474
4.927391453793175 4.785316467285156
5.468664098668982 5.468664098668982
4.767732979910714 4.827824773015203
5.234506225585937 5.234506225585937
4.904671805245536 4.925740559895833
5.004117062217311 5.004117062217311
4.712112002902561 4.749954950241816
4.902173454378858 4.864848728286487
4.985159900700935 4.833575611383143
4.488660270785108 4.507008507138207
4.989919986364977 4.989919986364977
5.01842041015625 4.984671111154084
5.064718807444853 5.136741833809094
5.100598787006579 5.07205867767334
5.363526996813323 5.562095006306966
4.648263113839286 4.861702414119945
4.885899041288642 5.064162763577063
4.712876285415098 4.655138420336174
5.335523332868304 5.568019866943359
4.869032118055555 4.7363120631167765
4.899373033311632 4.956608873732547
5.018103889797045 5.043438089304957
4.869737955729167 4.947611490885417
4.973478162610853 4.973478162610853
4.933250758958899 4.797691777067365
5.121820384058459 5.302257061004639
4.9924710083007815 4.968746478740986
5.5825653076171875 5.407806396484375
5.143221537272136 5.143221537272136
4.595380859375 4.580949401855468
4.942798614501953 4.82240246188256
5.45658698448768 5.119705692414315
5.412173271179199 5.412173271179199
4.57858403523763 4.636468221974927
5.07142079671224 5.07142079671224
4.588837786418636 4.604245393172555
4.649211247762044 4.649211247762044
5.105777539704976 5.105777539704976
4.77313495504445 4.679002788704886
4.466352462768555 4.307251339867001
5.221052646636963 5.221052646636963
5.221370951334635 5.221370951334635
4.650287015938464 4.656647438226744
4.976265926489094 4.9956817626953125
4.543260701497396 4.538602414338485
4.837871920677923 4.837871920677923
5.24874267578125 5.24874267578125
5.193845070014565 5.049730088975695
4.825634002685547 4.850598653157552
5.445721435546875 5.507021586100261
5.035637248646129 5.035637248646129
4.3902062704396805 4.3902062704396805
4.6259747459774925 4.675492911503233
4.921255997785433 4.921255997785433
4.931916809082031 5.0363164937721105
5.11847412109375 5.11847412109375
4.1041575345126065 4.035778045654297
4.857900117572985 4.694154653976213
4.581409635997954 4.654966271441916
4.759979028495954 4.7370656331380205
5.557210286458333 5.557210286458333
4.5647522576964725 4.577687756768588
4.5800323486328125 5.002091301812066
5.430228097098214 5.324720110212054
5.227718353271484 5.227718353271484
5.080880042349938 5.080880042349938
4.964744453999534 4.964744453999534
5.303049723307292 5.286282730102539
4.831726481119792 5.081985148977726
4.93104248046875 4.93104248046875
4.661212318821957 4.848592834472656
5.099300808376736 5.099300808376736
4.990590639467593 4.990590639467593
4.822549313915019 4.847879057949029
5.041703849003233 5.041703849003233
5.158507899234169 5.11137241270484
4.936470605993784 5.001570098254145
4.508794431333189 4.680466651916504
5.169826861509343 5.227741169479658
4.810296527409958 4.9080175584362395
5.062926483154297 4.997402667999268
4.9395514153814934 4.865159451604604
5.113625597597948 5.213960494118175
4.80583016531808 4.79021728515625
4.885370254516602 4.885370254516602
4.903524288054435 4.846108383273486
5.158418828790838 5.327113889298349
5.725828947844328 5.536555592606708
4.814470743395619 4.8291280727193815
6.091656309185606 6.091656309185606
4.543756103515625 4.521504317179764
4.706845703125 4.710677900689138
5.0073386744449015 4.596271514892578
4.615670397390727 4.618012604890047
4.6482622317303015 4.656911253468871
4.583290523952908 4.9672292935646185
5.030649921681621 4.946989415055614
5.227885999177632 5.3445856003534224
5.193219866071429 5.267626675692472
5.505589485168457 5.606161753336589
5.3603037958559785 5.240009307861328
5.500040827570735 5.472295516576523
5.142810474742543 5.142810474742543
5.454538981119792 5.502112347146739
4.831572950932017 4.942965631899626
4.937943209134615 5.066073031038852
4.68725957097234 4.762877625304383
4.63648063753858 4.726680949582892
5.364748709542411 5.364748709542411
4.954557418823242 5.292502403259277
4.679879384498074 4.678201609644397
5.070593026968149 5.070593026968149
4.930538293087121 4.930538293087121
6.051613998413086 5.303743189031428
4.522126770019531 4.530461149395637
5.297439263791454 5.297439263791454
5.283495076497396 5.09883287217882
4.901989959007086 4.901989959007086
4.992267500882768 4.961401502071824
4.9213044371786 4.955705022237387
4.566278245713976 4.729695892333984
4.3179497352013225 4.3179497352013225
4.393380610900517 4.393380610900517
5.264799880981445 4.966391104239005
5.452762828153722 5.687593078613281
5.312351226806641 5.312351226806641
4.74491947532719 4.74491947532719
5.8623302459716795 5.493710604580966
4.69317741394043 4.603545227050781
4.861713650860364 4.861713650860364
5.380893230438232 5.49315086570946
4.627798227163462 4.659617634562703
4.774177833839699 4.788969312395368
4.966865090762868 4.998057972301137
4.95080111889129 4.946061682824644
4.639266402633102 4.674874305725098
4.954781603457323 5.031788853236607
4.797231259553329 4.797231259553329
4.89091904358294 4.928871437355324
5.747150621916118 5.562049865722656
4.621475537618001 4.351287841796875
5.299157535328584 5.299157535328584
5.148896828675881 5.415310606664541
5.1007130940755205 5.348048400878906
5.346892025596217 5.376825506036932
5.327528916396104 5.327528916396104
5.611743726228413 5.611743726228413
4.571243640988372 4.483865231883769
4.508075778767214 4.495002992691532
4.877420748197116 4.877420748197116
4.863081795828683 5.079052925109863
4.518210553108378 4.518210553108378
4.705708047618037 4.869127478966346
4.873272705078125 4.873272705078125
5.327439081101191 4.986996275005919
4.667506182635272 4.667506182635272
4.595641765188663 4.628779197225765
4.798396839815028 4.800982842078576
5.572317940848214 5.572317940848214
4.757957741066262 4.757957741066262
4.727057139078776 4.71226634149966
5.091161727905273 4.668203125
4.656186311141305 4.842847551618304
4.888719081878662 4.7995416550409224
4.720776246325804 4.720776246325804
4.738659057617188 4.738659057617188
5.801065482345282 5.801065482345282
5.576166326349432 5.522133382161458
3.9435111597964636 3.9968601771763392
4.118314487727608 4.12721516315202
4.51076914469401 5.2995441143329325
5.1739388742754535 5.1739388742754535
4.628617422921317 4.764367421468099
5.016915321350098 4.666805614124645
5.15577392578125 5.0530344645182295
4.539998593537704 4.539998593537704
4.413583689722522 4.4905932026524695
4.654177758001512 4.734798632170024
5.221513447008635 5.217821867569633
5.345365694867886 5.376015314980159
5.303624770220588 5.303624770220588
4.307729993547712 4.329761250813802
5.014098555953415 5.048369124129012
4.962299693714488 4.776164128230168
4.988312956574675 5.16381765782148
5.426634355024858 5.426634355024858
4.924380938212077 4.924380938212077
5.047975838902485 5.047975838902485
4.957205142614977 5.071336795122195
5.044467445181198 5.044467445181198
5.454255845811632 5.639325459798177
5.074448358444941 5.074448358444941
5.239401775857677 5.089851379394531
5.111185709635417 5.302932276870266
5.526576795076069 5.780583121559837
5.157138965747975 5.157138965747975
4.629861014229911 4.70314304517663
4.858402676052517 4.858402676052517
5.064581298828125 5.037344205177437
4.814749868292558 4.790931470466383
4.815012736492847 4.761209041514295
4.200925325092516 4.310876001285601
5.0147721574113175 5.005395823511584
4.9643144367121845 4.924458675247302
4.84194284462067 4.810452288354349
5.33000169358812 5.33000169358812
5.161780270663175 5.167952134874132
5.056591234709087 5.056591234709087
4.94539426407724 5.038141523088727
4.971809915976949 4.971809915976949
4.620312315044981 4.620312315044981
5.24638731583305 5.24638731583305
4.650550548846905 4.70065348857158
4.489884761341831 4.561870137199026
4.925995770622702 4.925995770622702
4.624267578125 4.624267578125
4.898903656005859 4.634951782226563
5.447697358972886 5.031815052032471
4.9108091990153 4.921943589012222
4.428137066720546 4.428137066720546
4.844355732685811 4.882918662213265
4.934648474868463 4.949488126314604
4.613198153943901 4.68943609193314
4.816793563518118 4.816793563518118
4.778644561767578 4.954004120408443
4.937048170301649 4.998707682291666
4.698438889909498 4.707676353637111
5.0226972307477675 5.183984856856497
4.6204833984375 4.700692176818848
4.9319000244140625 4.846290588378906
4.913039581685126 4.878298701072226
4.354556343772194 4.3255452802104335
4.874611529181985 4.916055159135298
4.982437797214674 5.09072647613733
4.720772152855282 4.654654891402633
4.6144878680889425 4.701882755055147
5.7384485880533855 5.259026118687221
4.942317465077275 5.374098344282671
4.82703076171875 4.888360023498535
4.639042362286027 4.639042362286027
4.624181859633502 4.760884839434956
5.633860049040421 5.387436361873851
5.065934704196069 5.025047816143135
4.362961905343192 4.240112587257668
4.6862834729646385 4.6862834729646385
5.069567362467448 5.128154407848012
5.25442387507512 5.117189561998522
5.164856433868408 5.148120200797303
5.372145786080309 5.372145786080309
4.790015725528493 4.910204837196751
4.86421689120206 4.916850637882314
5.016624755859375 5.016624755859375
4.796233014362614 4.796233014362614
4.810249142530488 4.911732880965523
5.007710526629192 5.126771346382473
4.7388965606689455 4.841967878670528
4.3710264548277245 4.476358721333165
4.759281324303669 4.75147784197772
4.397965954196069 4.434481781308014
4.942867679195804 4.942867679195804
4.87705817589393 4.878990317290684
5.169379409478635 5.15731751685049
5.053325715612193 5.161956787109375
4.808927536010742 5.088301103193682
5.020802358563027 5.069557521654212
4.915375087572181 4.915375087572181
5.337562159488075 5.337562159488075
4.9415743643777414 4.913925379922945
4.848869323730469 4.998721239043445
4.844154357910156 4.864898681640625
5.32073974609375 5.384915306454613
4.638783125443892 4.6856673249101215
5.392918740549395 5.392918740549395
4.9792065090603295 4.9792065090603295
4.936753371666217 4.807680996981534
4.708319346110026 4.699169279399671
4.447531362680288 4.3086631081321025
4.818692343575614 5.0446486934538814
4.6619950358072915 4.668189322594369
4.70140235103778 4.693930682014017
4.122565774356618 4.230851672944569
6.0257110595703125 6.0257110595703125
4.966611862182617 4.992145330255682
4.918908063103171 4.892968667520059
4.429388427734375 4.597054971230997
5.1971532428075395 4.989404748987268
4.697878011067709 4.707245522357048
4.7632866753472225 4.574806213378906
4.298456246512277 4.328559875488281
4.874373988101357 5.165123103215144
4.961201634900323 5.025087833404541
5.348218171492867 5.257923630048644
5.01982317472759 5.227599080403646
4.843155013931381 4.843155013931381
4.949937300248579 4.984476725260417
4.784600556786381 4.784600556786381
4.444229507446289 4.754480271112351
6.209924062093099 6.209924062093099
4.73203362358941 4.73203362358941
5.987386431012835 6.015282313028972
4.138685317266555 4.3143125261579245
6.206239827473959 6.312991943359375
4.8436667702414775 4.8436667702414775
4.2158989539513225 4.219304685239439
4.430328853546627 4.515529466711956
4.621057496035009 4.663388420553768
4.572367757161459 4.503091876426439
4.62425870673601 4.62425870673601
5.470205047984182 5.46008546324982
5.1763367471815664 5.136885480182927
4.791394401999081 4.793414161318824
4.564243092256434 4.564243092256434
4.913276672363281 5.690670013427734
5.112881615048363 5.35357666015625
4.368993971082899 4.345995330810547
4.969499918619792 4.969499918619792
5.008139333417339 5.1876696418313415
5.265594482421875 5.265594482421875
4.453040813577586 4.435072399321056
4.2195239596896705 4.485538404815051
4.974193899972098 4.974193899972098
5.226601736886161 4.9470062255859375
5.035509381975446 4.983466426028481
5.0453959300105735 5.038600441261574
4.6461304695375505 4.49026786990282
5.075720678401899 5.114644492544779
4.87488525390625 5.127747017996652
5.236313431351273 5.236313431351273
4.590551103864398 4.16497802734375
5.00974318560432 4.929284137228261
4.877466735839843 4.877466735839843
4.693053663822642 4.849515787760416
4.4368726513053796 4.461989414544753
4.468741399591619 4.503920258068647
5.233634200750613 5.233634200750613
5.007667922973633 5.056347950395331
5.017854857213289 4.968628922129065
4.788376380657327 4.788376380657327
4.869506547355201 4.869506547355201
5.026994977678571 5.289179875300481
4.922965571565448 5.039430971498843
5.1970994131905695 5.2839820991128175
4.641381454467774 4.721238002982191
4.755724589029948 4.816258943997896
4.873049418131511 4.900056665593928
4.9769258319206955 4.9769258319206955
4.806385585239956 5.0489664385395665
5.295779192889178 5.2925534929547995
4.928860134548611 5.024586070667613
4.741711934407552 4.677190965221774
4.93153964771944 4.943529061391844
4.8632281414874186 4.968733898701112
5.115496826171875 5.115496826171875
5.122049452383307 5.122049452383307
6.728735605875651 6.426630020141602
5.030950372869318 5.030950372869318
4.948009553502818 4.948009553502818
5.508921305338542 5.593174404568142
5.183477712232013 5.183477712232013
6.163857852711397 6.163857852711397
5.007989954065393 5.064820744441106
6.492122650146484 6.118469901706861
5.410489400227864 5.335567959872159
4.922508399803322 4.90497060922476
5.1637213922316025 5.347592476086739
4.794120121928095 4.847051348005023
4.789689688846983 4.741592831081814
5.201421737670898 5.954757145472935
4.647832915538878 4.659213233540076
4.705344106636796 4.823416137695313
4.859392951516544 4.859392951516544
5.0300531560724435 5.350417137145996
5.341982957793445 5.361056857638889
5.072052955627441 5.072052955627441
5.163273252289871 5.163273252289871
4.930287679036458 4.930287679036458
5.2417826652526855 5.526928148771587
5.115656638632015 5.115656638632015
5.025541578020368 5.025541578020368
4.88761043548584 4.88761043548584
4.470602620442708 4.470602620442708
4.968535392515121 4.950936519738399
4.922549364043445 4.931081862676711
5.076835426124367 5.1334185431985295
5.263472591538027 5.276248665743096
5.060905456542969 5.060905456542969
5.057790902944712 5.057790902944712
5.790345328194754 4.8817422801050645
4.341947040860615 4.341947040860615
4.770182037353516 4.792994073096742
4.631783676147461 4.588777625042459
4.856059554355596 4.882974477914663
4.983716097745028 5.240140991210938
4.699260774205943 4.773459068814614
4.850100319602273 4.850128705493249
5.04908921983507 4.8277099609375
4.5447320556640625 4.594157825816762
4.818336818529212 5.128596864897629
4.937816017552426 4.937816017552426
4.646867565642622 4.660407571231618
4.565946880139802 4.628209950972576
4.904579546198499 4.8785904014045425
5.032327067057292 5.032327067057292
5.072203136625744 5.072203136625744
4.767134530203683 4.971957936006434
5.4167256355285645 5.342628880550987
5.37999504937066 5.536415100097656
5.108228486159752 5.108228486159752
4.808036250109113 4.821140149500982
5.117044798085387 5.034631750085851
4.934113957331731 4.934113957331731
4.90406327681108 4.90406327681108
5.072136374080882 5.0394007065716915
4.874088832310268 4.925210703974185
5.202954292297363 5.426207659995719
5.233865858633307 5.321272702561211
4.824016960299745 4.824016960299745
4.977613475224743 4.756011687957488
5.251800537109375 5.089464384933998
4.868675680721507 4.897568612728479
4.767745094737787 4.756794447309516
4.921078818184989 4.921078818184989
4.867321687586167 4.763904499557783
4.945570446196056 4.915499877929688
4.928426671911169 4.992744954427083
4.790342330932617 4.6487847222222225
5.085880360704787 5.085880360704787
4.587203686053936 4.604875183105468
4.719749852230675 4.711596102327914
5.450435243803879 5.467709541320801
4.910592312282986 4.910592312282986
4.794507055225487 4.794507055225487
4.6723157097311585 4.803882945667613
4.909824480329241 4.911273906757305
4.609937758672805 4.609937758672805
4.780400558997845 4.780400558997845
4.756725349048577 4.756725349048577
5.227941989898682 4.877704620361328
4.8793182373046875 4.8793182373046875
4.465226686917818 4.475778255822523
4.957279911747685 4.942484352805398
6.368523230919471 6.416205364724864
4.722724465762868 4.832720588235294
4.271088256835937 4.196649339463976
4.7787221272786455 4.832580947875977
5.752261161804199 5.971184363731971
5.472283935546875 5.781878662109375
5.015549977620442 4.8379022349482
6.013559441817434 6.013559441817434
4.795406765407986 4.795406765407986
4.9564824258127524 5.036394644474638
4.9931485508028315 4.9931485508028315
5.009931347038172 5.000626452861388
5.080091930571056 4.948736190795898
4.671444800592238 4.709071350097656
4.521332684685202 4.433576202392578
4.72039375596374 4.72039375596374
5.235664035962976 5.156500118294942
4.5913543701171875 4.590622136622299
5.115848247821514 5.130010986328125
4.330650160047743 4.632701873779297
4.797442801339286 4.779329740084135
4.710821591890776 4.916727000269397
4.462865746539572 4.53438645966199
5.357786178588867 5.163525717599051
4.154337813214558 4.205735948350695
5.035813696590471 5.031140645345052
5.398538485440341 5.358386658785636
4.555032295093202 4.534222258239233
4.674355868635507 4.690032489483173
4.748557642886513 4.832241759008291
5.330976213727679 5.410538924367804
5.082176424015714 5.099896540407275
5.428649570630944 5.428649570630944
4.88280821683114 4.88280821683114
5.048404312133789 5.108128981156782
4.690644135346284 4.663875498670213
4.495589093464177 4.543705531529018
4.7156322479248045 4.7156322479248045
4.619664022367295 4.638143173116722
5.626289367675781 5.897431223016036
4.96283131958502 5.0064008542071985
5.0515909502583165 4.821145907315341
4.475700580253803 4.521728515625
4.684927265295822 4.755362099095395
5.006595865885417 4.831780012263808
4.826932553891782 5.001156431255919
5.023373010023585 4.9863224352820446
4.773930975731383 4.881147904829546
4.740387418376866 4.746760648839614
4.664896347943475 4.601954868861607
5.373085385277157 5.249207192278923
4.5633978410200635 4.521490345830503
5.244493030366444 5.190058870135613
5.003620529174805 5.003620529174805
4.876266258350317 4.904990726047092
4.784095659647902 4.835791996547154
4.9790284006219165 4.9790284006219165
4.6593475341796875 4.854953237680289
4.951855203379756 4.867564290364584
5.120933532714844 4.925477697494182
5.15420853464227 4.869217354910714
4.847806643816381 4.880095653044871
5.987160933645148 4.977396647135417
5.742808024088542 5.742808024088542
4.846473693847656 4.883138020833333
4.9769236246744795 5.082508669061176
5.9969123102003525 5.9969123102003525
4.8229349070581895 4.8229349070581895
4.97118414015997 4.983075349227242
5.694177107377485 5.578948550754124
4.874149746365017 5.102856000264485
4.838477071126302 4.8113627433776855
5.121901401253634 5.121901401253634
5.07158203125 5.07158203125
4.82179429796007 4.9719975169112045
4.619101482888927 4.619101482888927
4.760054501620206 4.89312010544997
4.920676832932692 4.950733326099537
4.9731574058532715 4.841074625651042
4.658494429154829 4.658494429154829
4.894935173716972 4.887200355529785
4.885618730024858 4.724608285086496
4.873670741489955 5.008014289700255
5.051901763340212 5.112895229406524
5.300830938877204 5.327766878059111
5.06521733601888 5.141687933004127
4.7419861503269365 4.790748997738487
4.388294566761363 4.408832052479619
4.685795273891715 4.888206150220788
5.063119327320772 5.063119327320772
5.069424498314951 5.069424498314951
4.630641643817608 4.777707186612216
4.672387017144097 4.642655613111413
4.9264228545039535 4.932509849811423
4.670937997323495 4.670937997323495
4.778510199652778 4.778510199652778
4.722016059027778 4.66503449524341
4.055541405310998 4.387617176976697
5.010393316095525 5.010393316095525
6.902050018310547 6.507176293267144
4.896407146843112 5.005224531623209
4.807373516376202 4.807373516376202
4.754635650332611 4.820641444279597
4.8457635843528895 4.896543190696023
4.768355369567871 4.768355369567871
5.055320970939867 5.055320970939867
5.270288185995133 5.270288185995133
5.351300239562988 5.463912551467483
5.3975561979775115 5.3975561979775115
5.154515883501838 5.019438872466216
4.726007943201547 4.718086170014881
5.3051489526098905 5.3051489526098905
4.708378746396019 4.755086059570313
4.836057662963867 4.98911883379962
4.99596728515625 4.96744393943844
6.073617723253038 6.073617723253038
4.671504331438729 4.654569388724662
4.647066388811384 4.788300287155878
5.7537841796875 5.632777543501421
4.633901438993566 4.593221913213315
4.643002564879669 4.626324971516927
4.8650012546115455 4.8650012546115455
4.670301891508556 4.670301891508556
5.189002143012153 5.304731426816998
4.914078969804067 4.842185728011593
4.773300488789876 4.783972048291973
4.614295196533203 4.614295196533203
4.735802968343099 4.79616964088296
5.969047927856446 5.969047927856446
4.691145613386825 4.691145613386825
4.765079309444617 4.742006665606832
4.984094473031851 4.984094473031851
4.644567751416973 4.655059534475344
4.399650028773716 4.552825927734375
4.386402476917613 4.386402476917613
5.540231592514935 5.084834657866379
4.868200459611526 4.91010992867606
4.9558286313657405 4.752163260323661
4.920555853074597 4.892577526616115
4.575377081432482 4.61011348210328
5.071685389468544 4.705855629660866
5.376891613006592 5.312364320497255
5.109218462775735 5.089967901056463
5.000591502470129 5.043110886665239
5.0033416748046875 5.073173345521439
4.445452444893974 4.484386790882457
4.766004076191023 4.662166229666096
5.199922655449539 5.125515099727746
5.592964759239783 5.592964759239783
5.139944076538086 5.095476422991071
5.188079170558764 4.954677581787109
4.957700667842742 4.957700667842742
4.777970417891399 4.777970417891399
4.953778076171875 5.252084864248143
5.006752260269657 4.87243537902832
5.1970994131905695 5.2839820991128175
4.944835230247262 4.873195354755108
4.873049418131511 4.900056665593928
4.784066681814666 4.784066681814666
4.953038187860285 4.953038187860285
5.027537501135538 5.259118216378348
4.928860134548611 5.024586070667613
4.88864456979852 5.0311670070741235
4.595259666442871 4.7391931039315685
4.934267679850261 4.934267679850261
5.204164822896321 5.046149698893229
4.487318096738873 4.487318096738873
4.8823126898871525 4.856184939120678
5.2240487375567035 5.298710678562974
5.099308894230769 5.129866536458334
5.020087178548177 5.020569848232582
4.429590437147352 4.384261683413857
5.0151806999655335 5.199210089606208
5.061393616691468 5.081169650979238
5.241303620515047 5.020915254633477
4.899270534515381 4.9483173076923075
5.137936909993489 5.121872611667799
4.676844569614955 4.784799274645354
4.0627866472516745 4.25847904856612
5.437661044568901 5.126191010346284
4.962848015551297 5.202307322668651
4.702421708540483 4.727368523092831
4.6744444312118905 4.78044679429796
4.686974813771802 4.686974813771802
4.836372824276195 4.8544921875
4.628545440403761 4.78626488857582
4.634605872112772 4.686714301675053
5.0389761117788465 5.142898971970017
4.972464139344262 4.973330900630849
4.842240847074068 4.9466475053267045
4.794586623924366 4.8575183868408205
4.9710219247000555 5.0682424771583685
5.373075103759765 4.990751595332704
4.882341384887695 4.882341384887695
5.189285702175564 5.189285702175564
4.917692011052912 5.151597900390625
4.427906623253455 4.427906623253455
4.8572235107421875 4.911982421875
