4.99965390292081 5.044669942652925
4.859442138671875 4.910684934804137
4.7964019775390625 4.7964019775390625
5.818629150390625 6.0731676887063415
4.7880568965788814 4.961401640479244
4.334424506293403 4.459421511049624
4.863855698529412 4.751645868474787
5.231212298075358 5.249928214333274
4.949191720145089 4.777521097435142
4.511673261534493 4.643233726764548
5.0216134207589285 4.86606210561899
4.814302143297698 4.838136649426119
4.836690902709961 5.0273907635663
5.111598120795356 5.5142331804547995
4.217620595296224 4.29579332139757
4.486209978376116 4.451852162679036
5.050377293636925 5.050377293636925
4.362877527872722 4.409087150327621
5.1312390495749085 5.205277563820423
5.8174285888671875 5.041878333458533
4.914304845473346 4.859832408816316
4.855043138776507 5.094395761271469
5.038736820220947 4.965485312721946
5.073991331335616 5.073991331335616
5.054434299468994 4.871415994935116
5.339881420135498 6.013676113552517
4.85838871211796 4.891579925698578
5.148307077508224 5.189468072385204
4.953837966918945 5.234062753072599
4.99340431553543 5.011779428225512
5.1409692098928055 5.038382608382428
5.138377028245192 5.182209559849331
4.983168472782258 4.95824981154057
4.704308114400724 4.704308114400724
4.87313232421875 4.783597506009615
5.08757818312872 4.900551717789447
5.028839951261468 5.028839951261468
5.222335152004076 5.017917633056641
4.890977376302083 4.987917245152485
4.833186294093276 4.833186294093276
5.133455646571829 5.108593990928249
4.763266170726103 4.857030817892699
5.274081856863839 5.590345195695465
5.034139193021334 4.960463090376421
4.814146404024921 4.698131561279297
4.937361596335827 4.955813833383414
5.292583465576172 5.323467053865132
4.771273930867513 4.954959196202895
4.929172249727471 4.905966622488839
4.610241918506737 4.658270622702206
4.44240371495077 4.44240371495077
4.788324883643617 4.724757603236607
4.8560060875438085 4.884122779901079
5.6248292000063005 5.112980769230769
4.98775459058357 5.2720000778419385
4.997379416286355 5.067723297875775
4.84353956535681 4.810433736661586
5.270079040527344 5.358492533365886
4.760316328568892 4.6828897490756205
4.756682022758152 4.770098876953125
4.904382438303154 5.009243277616279
4.840677361739309 5.634104853091032
5.170513916015625 5.164644491792929
5.326907231257512 5.196986018000422
4.843790899846971 4.843790899846971
4.804501342773437 4.804501342773437
5.015705612470519 5.015705612470519
4.783172607421875 5.170926144248561
4.588719907014267 4.588005701700847
4.5737792305324385 4.599045753479004
4.489799499511719 4.489799499511719
4.797925082120028 4.837313969930013
5.27312741960798 5.297359466552734
5.1727375984191895 5.1770782470703125
5.226688550866169 5.178524619654605
5.648778455010776 5.752527090219351
4.8881946432179415 4.811150068118248
4.971923516721142 4.908417302911932
4.658163888113839 5.095603397914341
5.110380089801291 5.110380089801291
5.30316162109375 5.30316162109375
5.875799391004774 5.523377499337924
5.230383701011783 5.230383701011783
5.259713442270993 5.241664341517857
4.883179374363111 4.9318397923519735
5.098104159037272 4.812074834650213
4.6541523933410645 4.6948801676432295
4.610528785062123 4.5777851179534315
4.843849464699074 4.71277347687752
4.837744939894903 4.837744939894903
4.777933756510417 4.752311706542969
5.149715268514989 5.040426748770255
5.051861274533156 5.008847443953805
5.177449808492289 5.124177412553267
4.877159823890493 4.936065173539959
4.897538306007923 5.031497207718279
5.279257153707837 5.165691906892801
5.156121253967285 4.954949487613726
4.817907445571002 5.187137222290039
5.0082618126502405 5.0082618126502405
4.906380031419837 4.824251858693249
5.031851375804228 5.106300228931865
4.469130339445891 4.764605353860294
4.9937890442123125 4.9937890442123125
5.048123495919364 5.0477133614676335
4.88158725170379 4.721293318162271
4.592902262691452 4.584292855934115
5.046150813027034 4.954030912216395
4.953397780198317 4.836824910024578
4.529341599036908 4.528954074807363
4.174287308094113 4.776066126448385
4.867788029813219 4.867788029813219
4.589425893930288 4.64876994680851
5.053852040280578 4.934781109845197
4.56247847707648 4.5725824265252974
4.666303811614046 4.6135083366842835
5.24423476396981 5.21484033203125
4.7894644486276725 4.7894644486276725
4.902940817440258 4.902940817440258
4.641306762695312 4.660676399163441
4.78583975717531 4.824115063770708
4.830163326360247 4.83302978515625
4.757169451032366 5.466871049669054
4.656857013702393 4.737818268296632
4.832269107594209 5.112382624699519
4.701505388532366 4.701505388532366
4.633664866585043 4.676165973970676
4.908653187974591 4.961388940209741
4.1574651082356775 4.092595953690378
5.043236796061198 5.150378058938419
5.144152277166193 5.003456115722656
5.516109964121943 4.651897627053802
5.239191327776227 5.85084709754357
4.69016506797389 4.69016506797389
4.8287741921164775 4.939729640794837
4.788098907470703 4.854575283556099
6.092318216959636 5.649601862980769
5.222741195836018 5.222741195836018
4.6592722141996346 4.571947409889915
5.296587626139323 5.313587373900182
4.941261291503906 4.941261291503906
5.022201788230021 5.022201788230021
5.025127029418945 5.1323403751148895
4.419893590415397 4.399838575676306
4.8531943359375 4.821723297352099
4.721061197916667 4.708723688700113
5.713463760003811 5.348987630208334
4.62316162109375 4.62316162109375
5.31024169921875 5.107246320272229
4.953073354867788 5.008482297261556
4.177991000088778 4.560416187959559
4.874869014439958 4.842722099518108
4.74450143178304 4.93986219040891
4.93505859375 4.949943296370968
4.6770407936789775 4.6770407936789775
4.943873608206201 5.0415388743082685
4.962133498418899 4.9888147989908855
4.514507039388021 4.668064464222301
5.848746948242187 5.453390268179087
5.632705490310471 5.5461590106670675
6.189197116427952 5.47397658404182
5.166980743408203 5.244366144729873
5.028492288028493 5.05344970703125
4.925285456730769 4.925285456730769
4.8763935649311625 4.9239977100227454
4.702776336669922 4.702776336669922
5.061836505758351 5.053143349422771
5.662849757982337 5.589222155119243
5.197400410970052 5.040207862854004
5.196578691590507 5.3909074263139205
5.105071682400173 5.3145587627704325
5.092400733460772 5.297549849706338
5.088542683919271 4.941953931535993
4.812379837036133 5.156772286551339
4.741954541388359 4.748110563858695
5.0984110832214355 5.1313698508522725
5.469256083170573 5.107567923409598
5.037738376193577 5.30714827317458
4.504705092486213 4.455587387084961
4.8165949503580725 4.865883460411658
4.928850936889648 4.735282166363442
5.325953892299107 5.317980694514449
4.861684163411458 4.852366773388054
4.915039934430804 4.828171131222747
4.511721801757813 5.415075448843149
5.0952766515031644 5.063719710683435
4.868978500366211 4.907022024838979
4.9081293362290115 4.888881959776947
4.590915392391646 4.635263233881852
4.399554032545823 4.347291782924107
5.138825789741848 4.928815437085701
4.411123897252458 4.476268469769022
4.836178866299716 4.482245445251465
4.56179357458044 4.56179357458044
5.090080642700196 4.672412448459202
4.674152919224331 4.878152979482518
4.600703859792172 4.5507400100295605
4.729625156947544 4.755830826297883
4.864634546740302 4.896639384920635
4.953887588676365 4.908436108660954
4.859218431555706 4.859218431555706
4.7799233829273895 4.702586491902669
4.869649977911086 4.852421351841518
4.968451211618823 4.775050722319504
4.68006363535315 4.732084728422619
4.688975524902344 4.6846643784466915
4.6990482849482245 4.793758801636266
4.971199340820313 4.650077963775059
5.273619333902995 5.2037353515625
4.898732618852095 5.1158498128255205
4.926064918154762 5.098164719801683
4.701276055697737 4.692364564875967
4.8914660356176185 4.829968083513914
4.829311423105736 4.848541259765625
5.451790442833533 4.920936877910908
4.568386170922256 4.58931454745206
4.952283096313477 4.8693625710227275
5.302662936123935 5.302662936123935
4.734842400801809 4.73670487837358
5.1868408203125 4.863638430225606
4.948134441764987 4.884339045957138
5.1837903191061585 5.174552917480469
4.44328254565858 4.430232166108631
5.553612060546875 5.211724175347222
5.072314175692472 4.739838973335598
4.340520949590774 4.600750732421875
4.674676882340604 4.6672095037569665
5.045149005827357 5.110947926839192
5.309664045061384 5.0993906656901045
4.930584197348737 4.8172884427584135
4.639173380533854 4.817960224454365
4.889356391374455 5.02491163170856
4.965164641420285 4.937258619758951
4.725762151902722 4.738374467329545
4.575046997070313 5.311251206831499
4.755969328038833 4.958582064000572
4.229688856336805 4.395757702813632
5.848882402692523 6.2303424835205075
5.299298286437988 5.367581294133113
5.091715032404119 5.381410951967593
4.623104697779605 4.623104697779605
4.896366285241169 5.040520259312221
4.338337890625 4.3647316759965555
4.722100490993924 5.054169504266036
4.86002828307071 4.807960624125466
4.990823986460861 4.877887610233191
4.910470145089286 4.910470145089286
5.018561226981027 5.091497702676742
5.201659353155839 5.208486116849459
4.688086615668403 4.658929159474927
5.265432739257813 5.265432739257813
4.5709728664822045 4.915694625289352
5.176095638635023 5.239094325474331
4.858394145965576 4.579009579940581
4.860224609375 4.686822188527961
4.687666966364934 4.5800244731287805
5.25014911998402 4.865995407104492
5.02983299461571 5.12767184510523
5.103993382947198 4.963178887424699
5.075715065002441 4.807570476921237
4.339207775187942 4.339207775187942
4.478666033063616 5.133372328016493
4.975413004557292 4.936759683030162
4.926867973513719 4.809974294072309
5.440561121160334 5.490614754813058
4.715481844815341 4.727898220486111
4.753468118655454 4.860213411068488
4.993674723307292 4.978749482528023
4.962406703404018 4.675928216231497
5.242756620366523 5.242756620366523
5.009630512987447 5.120307407496166
4.568731420180377 4.654888060933726
4.781089942772072 4.759095006019065
5.583611881031709 5.4869325811212715
5.177328586578369 5.0456764914772725
4.784038248097325 4.811788132919888
4.79498984596946 5.0583751678466795
4.931704566592262 5.088952554238809
4.711843830265411 4.711843830265411
5.038066379273135 5.018796258223684
4.805615983655691 4.8223668981481485
5.058666522686298 4.8557837534759
4.667807485543046 4.753436536079086
5.052063389828331 4.865499820349352
5.096073509281517 5.085282296845407
5.372345955141129 5.013057424061334
5.043536716037327 5.112765276873553
4.442895578783612 4.481302897135417
4.925773790147569 4.986103602818081
4.900150246816139 5.003279205061432
4.6258625984191895 4.655201853057484
5.033716662176724 4.911580939041941
4.724427941727312 4.684368013585888
4.875069173177083 4.926264836237981
5.079200157752404 5.1137459891183035
5.005641643817608 4.905804282740543
4.985889834449405 4.993342842642717
5.153433851016465 5.070475406783948
4.06903600692749 4.925893610174006
4.8836915023683565 4.817058059404481
4.916018884158829 4.916018884158829
4.562714767456055 4.823608920105502
5.352230980282738 5.1295458984375
5.094003295898437 4.815960061961207
4.6336076066300675 4.665637415698451
4.782527499728733 4.417847028459821
4.935099411010742 5.035877665535349
4.972496032714844 4.969556968630725
4.551184841320275 4.566136656416224
5.17807133992513 4.900111927705653
4.7703125 4.737368533485814
5.055774573123816 5.192454427083334
4.671253111304306 4.654265975952148
4.648697224069149 4.701255032068778
4.943736402294304 5.048742997018914
5.051514381586119 5.192564010620117
4.775178490615472 4.779300508045015
4.80626088922674 4.827442626953125
4.872564462515024 4.846213003305288
4.680734157562256 4.717621559320494
5.053514049899194 5.128113333102876
5.177738584321121 4.723354633037861
4.865596800811531 4.844577503853103
4.899717930385044 4.80785410027755
4.896840688344595 4.68973276566486
4.6603070213681175 4.656527159643955
5.418348948160808 5.51481201171875
4.772674245932667 4.769780552802394
5.237493787493024 5.283050155639648
5.243864192519077 5.26844757678462
4.942401592548077 4.905614918675916
4.987267418245299 4.85189590973108
4.835759844098773 4.894422158427622
4.76036101696538 4.876030604044597
4.866220493509312 4.794308535702578
4.810300148139565 4.791745140438988
4.482587814331055 4.75500172582166
4.750707793654057 5.0033721923828125
4.6388241694523735 4.792002516526442
4.9368353271484375 4.9085445080773304
4.868973642025354 4.822299299568965
5.186832721416767 4.9630291278545675
4.73539892578125 4.656699103278083
4.999277065454987 5.022867127797489
4.926046316964285 4.929368336995442
4.669482960420496 4.702882451596468
4.753209092881945 4.784823713631465
4.416728875575921 4.773898249087126
5.195209577971814 5.1212652297247026
4.87684521484375 4.815705475983797
4.964722539337588 4.849835446006374
5.02933854323167 4.890742301940918
5.1939445495605465 5.116876511346726
5.075928269771108 5.234488634559197
4.603613959418403 4.5872792476365545
4.75994627503143 4.75994627503143
4.575974439538044 4.607546735491072
4.8291489737374445 5.089363098144531
5.254617256030702 5.210549692007212
4.776859198676215 4.791637927502185
4.880736320249496 4.833851349659455
5.306541442871094 5.25164566040039
5.088626607259115 5.138265694137168
5.235210463579963 5.211301630193537
4.927876499720982 5.0341687558302235
4.550013716502856 4.685919399919181
5.095474969773066 5.037082136169938
4.913209614000823 4.8020812140570746
5.039801703559028 5.309353419712612
4.845658534549061 4.85406923965669
4.122847923865685 4.6272939453125
4.936103082472278 4.865316897022481
5.095819473266602 4.997462463378906
5.060819067136205 5.192642603165064
4.945588142641129 4.897018830672554
5.174060821533203 5.333835104237432
5.1140887920673075 5.322306730309311
5.0927879333496096 5.343152316111438
5.511865121346933 4.929209391276042
4.7498459354523686 4.768410011574074
4.858562380768532 4.989866195186492
4.77383842818234 4.835195946881152
4.739629900896991 4.761241833917026
4.988093608134502 4.949698032476963
5.363381958007812 5.065455171250806
4.908337741427951 4.953381470959596
4.6837587709780095 4.653382637131382
4.963088060461956 4.990342479641154
4.797632729134908 4.791796465825768
4.694807381465517 4.430717637803819
4.629051208496094 4.769021511077881
4.934677312403549 4.9841443159448815
4.713767460414341 4.8885197793283774
4.752477956372638 4.801764446756114
6.230509948730469 5.663049697875977
5.033766110738118 5.023006251600922
4.984730113636363 5.026205414707221
4.797717624240452 4.775158171958112
4.872391688970872 4.8382865867423055
5.002641696374393 5.002641696374393
4.540479625355114 4.762142044177159
4.799847872752063 4.696610421845407
5.040998362531566 5.051476111778846
5.05937354244403 4.985379028320312
5.099894741125274 5.099894741125274
5.086652430092416 4.8883276218321265
4.592551783511513 4.589651128297211
4.738090756064967 4.699086507161458
4.757733662923177 4.669798607919731
5.34222640991211 5.194612503051758
4.776491214067508 4.5855181805499186
4.969307364998283 5.240092112605733
4.951921463012695 4.8576172722710504
4.933992513020834 4.945390319824218
4.861318703465813 4.788390359760802
4.871579950506037 4.840386962890625
4.93484404592803 4.940452194213867
4.908694003490692 4.847682189941406
5.25282463660607 4.9115276914654356
5.109660792995143 5.086545963877255
4.617352294921875 4.54801014957265
4.992811771861294 4.909655009230522
5.4644035926231975 5.4171396891276045
4.721329689025879 4.834389134457237
4.739968692555147 4.507273119549419
5.2224065144856775 5.119124702785326
4.474154216487233 4.51299120032269
4.638236279757518 4.532836546380836
5.091500368985263 4.866431142769608
4.807253519694011 4.9804975401680425
4.694273812430246 4.694273812430246
4.874434577094184 5.184523264567058
5.188629612778172 4.971034310080788
4.692434543516578 4.642659062924593
5.044978786159206 5.0995943839089914
4.557627474324087 4.584637256378823
4.801532839940599 4.780192217488927
5.426892732319079 5.070845031738282
5.081693134610615 5.031089019775391
4.585949325561524 4.947435986864698
5.285619562322443 5.285619562322443
5.018247454353933 4.997051881091429
4.359525813612827 4.5238085295024675
4.443323595770474 4.49622056749132
4.958394696635585 4.972740536644345
5.065608520507812 5.17392578125
5.028007507324219 5.1097287778501155
4.550379319624468 5.049527967298353
4.916244125366211 4.95235859264027
4.602002461751302 4.787814205639983
4.759666387983363 4.778572591145833
5.132748413085937 5.132748413085937
4.5645165536917895 4.568798168285473
5.565851211547852 4.93804931640625
5.3961503312394425 5.603865146636963
5.156815268776634 5.113258511412377
5.008768221227134 4.984075841769366
4.964734626538826 4.962789836682771
5.039453718397352 5.039453718397352
4.7769329364483175 4.603254554915602
5.025523905851403 4.971074884588068
4.892201741536458 4.868062973022461
5.083883145960366 4.955421992710659
4.996236012394267 4.997225281194592
4.917203652738321 4.813437124399038
4.959397888183593 5.084750802176339
5.413376702202691 5.3283265431722
4.920050016872546 4.9422596171154956
4.4997566768101285 4.5253773564877715
5.193611066365979 5.022947842017152
4.922377813430059 4.922377813430059
5.01797911178234 4.948795887646754
4.99513766640111 4.991870665818118
4.911062622070313 4.993732417395355
4.821563071392952 4.837006324945494
4.917574618725067 4.781139695500753
4.92583755985383 4.887156990003882
5.018584865993923 5.018584865993923
5.617169980649595 4.971503155048077
4.833660125732422 4.736275310905612
6.115744018554688 5.611431587033156
4.578064918518066 4.725106313718972
4.702567191745924 4.654950790688894
5.641161868446751 5.416833241780599
4.655378233711675 4.635456875231139
4.64638671875 4.620148769644803
4.541849236739309 4.455071512858073
4.93764415922619 4.833487094976963
5.2028656005859375 5.12244835678412
5.407934356154057 5.378712799589513
5.132576370239258 5.411299366061971
5.3045973036024305 5.355969746907552
5.473162507357663 5.416969299316406
5.13986552845348 5.055794194059552
5.381112375567036 5.3748097605519485
4.778909301757812 4.593919881184896
5.015937919047341 4.921171951293945
4.754203796386719 4.748699266083387
4.490747971968218 4.497191795935998
5.0100417137146 4.949977776943109
5.065920829772949 4.660346984863281
4.719092475043403 4.803609433381454
5.1760702694163605 5.04562495304988
4.790921529134114 4.855723371409407
4.795406765407986 4.795406765407986
4.6339289967606705 4.417288529245477
5.2025738151706 4.987436005563447
5.2001237869262695 5.268479327766263
5.158142852783203 5.026706579959754
4.989406522466333 5.008040054984715
4.95533789657965 4.8904395209418405
4.769050598144531 4.853218078613281
4.009314128330776 4.316315353557628
4.427953320880269 4.427953320880269
5.481282773225204 5.452455444335937
5.695563793182373 5.5215100740131575
5.169427954632303 5.030181525735294
4.710355318509615 4.7144820232780615
5.961340713500976 5.592962526807598
4.738151126437717 4.99944159325133
4.8759026160606975 4.8832549186749645
5.228973858173077 5.032292191700269
4.544980598218514 4.6185975793289815
4.84795714261239 4.84795714261239
4.887366716251817 4.930648125542534
4.932285258776247 4.942645342938311
4.686185564313616 4.72074172076057
4.767972237723214 4.662368248248923
4.830186971028646 4.830186971028646
4.849316930478336 4.849316930478336
5.607600212097168 5.814898842259457
5.030005318777902 4.9759035463686345
5.227552934126421 5.158905029296875
4.974094390869141 5.076793619791666
4.651327514648438 4.703622213224086
5.354767481486003 5.451679118628641
5.1996147059187106 5.351315005794986
5.495983324552837 5.495983324552837
4.540056182116997 4.540056182116997
4.606779971365201 4.5606235411109
4.603860378265381 4.603860378265381
5.065346567254317 4.656605911254883
4.407290776570638 4.552093505859375
4.668781433105469 4.618672864190463
4.613434697540713 4.702492850167411
5.609147208077567 5.2646221086090685
4.566898561873526 4.71862558218149
4.621756320529514 4.558143909160908
4.688320050920759 4.76064255658318
5.1234810965401785 4.880484444754464
4.766923939098011 4.674238995807927
4.663583608774038 4.662417485163762
4.795406765407986 4.795406765407986
4.508526950412326 5.036098904079861
5.2136094229561945 4.955098470052083
4.8232858276367185 4.912230452870935
4.66090334378756 4.691870973821272
5.646566714880602 5.646566714880602
5.411751730400219 4.9371939063968515
3.796382288778982 4.077328343545237
4.048365935114504 4.048365935114504
4.382903616768973 4.40464498228946
5.291377476283482 5.306724185035343
4.39970936494715 4.516092127019709
5.145575205485026 4.774476537164652
5.275041181962568 5.213783584722952
4.531232419221298 4.531232419221298
4.712689208984375 4.731932944439827
4.60492467880249 4.664885330200195
5.122294777318051 5.014614398662861
5.408923733618952 5.408923733618952
5.277898177724754 5.25771224901872
4.663914044698079 4.993120978860294
5.02505375788762 4.847346467791863
5.0440808464499085 5.0440808464499085
5.095841841264204 4.982562378748951
4.860482215881348 4.860482215881348
4.893083890279134 4.8745251823874085
4.985144412878788 5.007372317106827
4.886543129974941 4.75426753874748
4.910882568359375 4.9957657877604165
5.552340698242188 5.009156383167614
5.048194521949405 5.036317613389757
4.940865878401132 5.131604564433196
5.223418663287985 5.256441885964913
5.401378631591797 4.851973995085685
4.597483317057292 4.5092730353860295
4.671974727085659 4.662509494357639
4.759085262522978 4.753300920317445
4.998039389556309 4.839370977683146
5.39163080851237 5.479024786698191
4.844736122223268 4.818761564555921
4.216564080654046 4.529472396218565
4.939555201037177 4.939555201037177
4.941362801244703 4.911793316981589
4.8536735123503 4.952484593246922
5.2131534610782655 5.213160788366037
5.1327036830357144 5.12561771258637
5.123160807291667 5.130817031860351
4.8316267533735795 4.849007883379536
4.858047947739109 4.861479824029126
4.253044128417969 4.253044128417969
4.668644298206676 4.561839916087963
4.789614041646321 5.066371836560838
4.442991837211277 4.517515020855402
4.819247906024639 4.733971043636925
4.840497468647204 4.474099142509594
5.576411353217231 5.634875297546387
5.687657492501395 5.646545997032752
4.896891800398679 4.998910614938447
4.38640531652114 4.38640531652114
4.8669118357228704 4.8977011694696735
4.965093868294942 4.876957273020328
4.625068283081054 4.605108571607013
4.734153747558594 4.631630189957157
4.8780517578125 4.849916246202257
5.074993294729313 5.017576579806171
4.730191372408726 4.8104978336517465
4.951160539899553 4.951160539899553
4.8095703125 4.833915581137447
5.14314451671782 4.735595290725295
4.830573105230564 5.013053263040414
4.437510614809782 4.585248365469858
4.793624228619515 4.855610214661215
4.901451597822473 4.930352528889974
4.187482687143179 4.209966806265024
4.659170297475962 4.630761804715009
4.909054924460018 4.888015083644701
4.503613154093425 4.5621580466245995
4.789908071664663 4.846850436157975
4.629195674773185 4.603664611437306
4.734901197028883 4.57062017722208
5.755237335854388 4.943485240244494
5.060190561655405 4.9711323043339934
4.276295253208706 4.7818959554036455
4.712908016738071 4.72720956443844
5.2514696623149675 4.622504992362781
5.257691626455269 5.097900390625
5.295185265174279 5.284876598011364
5.326262778424202 5.398586566631611
4.930682911592371 5.006459790606831
4.8979855801196805 5.053442168654057
4.741715218256978 4.712674571349558
4.3616383870442705 4.355327814275568
4.775300100948034 4.787931337461367
4.960716247558594 4.745570541117233
4.714952794516959 4.858443971664187
4.348610793487935 4.474217341496394
4.785379727681478 4.877042608746027
4.3249703265251 4.531106387867647
4.866074879964192 5.003136771065848
4.861226019458236 4.861226019458236
4.9772178248355265 5.037652463329081
5.030814749295594 5.133103370666504
4.723348866338315 4.842633415670956
4.98270966285883 4.977540375084005
5.0556135177612305 5.466317829332854
5.1722412109375 5.357103983561198
4.765592981557377 4.83469869322696
4.641462668394431 4.930024210611979
4.878054951512536 4.773552096619898
5.442632214776401 5.470047489289315
4.67279743698408 4.688946222854873
5.340889485677083 5.063111441476004
4.9116214116414385 4.696903552039195
5.079973944302263 4.796663724459135
4.531573079427083 4.438090245863971
4.395853678385417 4.542437366603576
4.784193469632056 4.816042448344984
4.759037272135417 4.785627885298296
4.752038394703584 4.7223876953125
4.330406188964844 4.336836162366365
5.8023925054641 5.728382846765351
4.944482231882295 4.8830548559713085
4.865191915760869 4.784865986217152
4.649003542386568 4.976492655645941
5.165996204723012 4.978411930863575
4.659723809424867 4.72173389036264
4.827740478515625 4.80401611328125
4.221178763253349 4.221178763253349
4.883774628510347 5.226759085625958
4.851238250732422 4.984126362047697
5.2981162557796555 5.122228285845588
4.871000116521662 4.865062713623047
4.819295247395833 4.819326764586344
4.927832592492816 4.911351130558894
4.809389822823661 4.917897919077932
4.560324586467979 4.455280867866848
6.305236180623372 6.232804870605468
4.704140241755995 4.704140241755995
5.273037719726562 5.080652956102715
4.515695953369141 5.052703857421875
5.8169403076171875 5.301739714866461
4.708174243415754 4.889489526147241
4.092023778844763 4.363009170747139
4.534625637915827 4.820152364751344
4.612006500477099 4.620074765902039
4.7870535599557975 4.900461832682292
4.63983970464662 4.716221065311641
5.408262689429593 5.352034322331461
5.169410234616127 5.234387885199653
4.88100388470818 4.904671864966824
4.621090412139893 4.675757668235085
5.329423086983817 5.513069576687283
5.283353722613791 5.283353722613791
4.298340116228376 4.412383590919384
4.702934883736275 4.677814248167438
5.044417872573391 4.815189195715862
5.339127731323242 5.39653177464262
4.452537273538524 4.540819110292377
4.153874045924137 4.258119115289652
4.886212158203125 4.8343206911670915
5.862098693847656 5.014478457871304
5.133988734654018 5.1380797492133246
4.928809322527985 4.957777928261861
4.778570908766526 4.868868741122159
5.05504102830763 5.08748349276456
4.890599764310396 4.735488479201858
5.233526491651348 5.038688413558468
6.209924062093099 6.209924062093099
4.900538550482856 4.742666087431066
4.793515074486826 4.826260653409091
4.743310761033443 4.737436510852931
4.4419503462942025 4.3993860581341915
4.559944584684552 4.559944584684552
5.219612271178002 5.063662551519439
5.099440562574169 4.800625328256302
5.021908198561624 5.050311328918953
4.765569763183594 4.770921495225695
4.866485813168052 4.874171726147518
4.944787888299851 4.733639705882353
4.622039507020195 4.801067849864131
5.275545889871163 5.3111105526194855
4.694364107572115 4.751353817894345
4.609466189429874 4.609466189429874
5.006020682198661 4.893991244041313
4.833867598553093 4.833867598553093
4.974737759294181 5.067364956470246
5.243570600237165 5.09507862035779
4.830333533653846 4.599235454358553
4.7734324137369795 4.718496183069741
4.918702076099537 4.8773033405172415
4.788658669909591 4.822872254906631
4.904154949877635 4.938908168247768
5.015823745727539 5.274629934210527
4.696879069010417 4.794181823730469
4.696112155914307 4.582362060546875
4.879756164550781 5.077023592862216
5.253392306241122 5.359922485351563
5.020477294921875 5.071662990526221
5.851379939488003 5.792480945587158
5.197669982910156 5.197669982910156
5.228920745849609 5.1969553629557295
5.322345842633928 5.274446824017693
4.935761357696963 4.947164021566243
5.063119070870536 5.108131538003178
4.750254214388653 4.770451726140203
5.00479793548584 5.00479793548584
4.5693787468804254 4.5693787468804254
4.654343972994587 4.671662055121528
4.663657005797041 4.641756497896635
4.613157908121745 4.741739763532366
4.831681636341831 4.764258490668403
5.247405279250372 5.096863428751628
4.713309393988715 4.713309393988715
4.833226697198276 4.851308739703635
4.758745016510954 4.7183948092990455
5.230627059936523 4.8762973692359
5.040731842984858 5.1724733727000585
4.767732063225941 4.560901063861269
4.667548958581823 4.6656202428481155
4.484539711312072 4.522949605048457
5.587630733366935 5.1880895221044145
4.962950857062089 4.965708713905484
5.017760009765625 5.1180549034705525
5.303122171541539 5.080736194957386
5.298042034280711 5.190517503388074
4.812357788085937 4.5419368420617054
5.382853984832764 5.272684882668888
4.336644326486895 4.332522105021649
4.805480247320131 4.632001374897204
4.701981317429316 4.999136788504464
4.909379725302419 5.005801669034091
4.753763834635417 4.901540305397727
4.799090730042017 4.824165884904035
4.880379620720358 4.900265299479167
5.1581182861328125 5.2446185696509575
4.4695575420673075 4.504255152460354
4.81010495699369 4.831424411252248
4.951394277076199 4.970259629286729
4.611614805279356 4.695965074513056
4.569911052271263 4.635286218979779
4.908833594295565 4.876438814051011
5.04905218827097 4.805284809862447
5.074624349904615 4.961297842172476
4.732352947366649 4.861402942288306
5.305585075827206 5.227765009953425
5.3246938532049 5.1197480975456955
4.893801958133013 4.88321142578125
4.818636433462078 4.966691955061983
5.01623906315984 5.109845662854381
4.780739007994186 4.824442083185369
4.8774587648724195 4.903396537401018
5.064847659441381 5.1090208541515265
4.853441961880388 4.836416391225962
5.129555354042659 5.19466377027107
5.137529976760285 5.255841064453125
4.733180095240013 4.7834844970703125
5.107565743582589 5.146449190027574
5.0688605675330525 5.285241616738809
4.829902504974941 4.851396560668945
4.776613102402798 4.752249068572741
4.988550039438101 5.183039897197002
4.535585503829153 4.611556313254616
4.729542096455892 4.582350106074892
4.905917635830966 4.958357013639857
5.171308164243345 4.798672415993431
5.042779151429522 4.9137519702576755
4.575575934516059 4.417615618024554
4.494926452636719 4.718880789620536
5.5632273356119795 5.074118134469697
4.546359252929688 4.546359252929688
4.7531931807355186 4.774386046362705
4.756082153320312 4.872032903855847
4.868409972259964 4.785886262592516
4.476787660180069 4.627814498602175
4.776715665250211 4.721421747622283
4.633180784947664 4.652846442328559
5.338483405835701 5.165811953337296
4.847741263253348 4.848897674937307
4.49977281358507 4.53520261779312
4.976536013045401 4.976536013045401
5.827113015311105 4.6779632568359375
4.796404780173789 4.961356715152138
4.3116009051983175 4.529134413775275
4.843379974365234 4.965391694829705
4.897670970243566 5.101397855782214
5.4125213623046875 5.1027783203125
4.841533115931919 4.841533115931919
5.874311967329546 5.874311967329546
4.842405531141493 4.818662042487158
4.78646142578125 4.896443793114195
5.0858582206394365 5.0858582206394365
5.038265972017492 4.9329324875962675
4.885905965169271 4.5552664494168935
4.643266216077302 4.7885467971580615
4.5490396433863145 4.724557905054804
4.6738408786147385 4.696064466840766
5.2114640905502 5.255134503865979
4.597872565774357 4.6141954359117445
5.09453364780971 4.895008188433351
4.399113144985465 4.399113144985465
4.839241817079741 4.906043862396816
4.657087255407263 4.673948461359197
4.631386222420158 4.496536875158791
4.726558208465576 5.305822866934317
4.1626527367568595 4.1626527367568595
5.004127962043486 4.923780653211805
5.14713134765625 5.0898619621030745
4.533708003529331 4.556195368532275
4.748739624023438 4.6195127905868905
4.705889020647321 4.790317723008453
5.398959800845287 5.494136862558861
5.0790653552039196 5.066887785259046
5.486656188964844 5.486656188964844
4.863433837890625 4.793201356422244
4.937114514802632 4.689708862304688
4.587576548258464 4.702618666098151
4.792173839750744 4.9574773879278276
4.8012442337839225 4.95044429127763
4.674425098994007 4.545241458221566
5.629057042738971 5.629057042738971
4.880508062407726 4.859424475467566
4.953687996699892 4.806882222493489
4.462758487032861 4.478906555175781
4.663027615017361 4.72207449532889
5.1593989054361975 5.052667167749298
4.798853380926724 4.735158284505208
5.10821767953726 5.061890682931674
4.59596923828125 4.555061340332031
4.790112481600996 4.920018376530828
4.749810876980634 4.787344655682964
5.358281816755023 5.180351933346519
4.692813691638765 4.875187120939556
5.150455293201265 4.864575805664063
4.8983814239501955 4.887659127371652
4.83948500379384 4.810809409781678
4.692907969156901 4.74652152225889
4.827938280607524 4.696972786112035
4.735644870334202 5.043207341974432
5.066337076822917 5.132658968266752
5.0172395448426945 5.040838241577148
4.9710029602050785 4.806867980957032
4.904357107062089 4.891926315595519
5.6772918701171875 4.992819437166539
5.3684224667756455 5.210997009277344
4.767490733753551 4.596668210803953
4.926686314174107 5.021671875
5.674326116388494 5.620306478964316
4.747333191988761 4.668401499263576
5.0260364621184594 4.812203369140625
6.045939636230469 5.795979252567998
4.996972788935122 4.996972788935122
4.654847717285156 5.072536399147728
5.108036850437974 5.075898330577099
4.908047451062149 4.702862238479873
4.993509565080915 4.6162722778320315
4.604364395141602 4.6658274332682295
4.9599447811351105 4.971136587637442
4.979433464281486 4.8223419189453125
4.83221960067749 5.037438286675347
4.813236536604635 4.941608467487374
4.907557045541158 4.862240878018466
4.745737838745117 5.002785626579733
4.919849292652027 4.913372920109675
5.08503497088397 4.961002679518711
5.233703219506048 5.125978267392632
5.107723313934949 5.286754014756944
4.723075503394718 4.803872318591102
4.435652669270834 4.662210360440341
4.697964986165364 4.700037175958807
5.005979623367537 5.005979623367537
4.953507403938138 4.953507403938138
4.524608684035967 4.6042146424989445
4.810463671414357 4.678154531151358
4.954312099499649 4.955890362079327
4.851618149701287 5.210893848274328
4.758531996783089 4.755759846080434
4.724237738715278 4.728413326639525
4.535737410835598 4.6056109837123325
4.758124923706054 4.602341909257192
4.608741760253906 4.931181866189708
4.83758544921875 4.786392273690536
4.887716626364087 4.899563987783138
4.722896321614583 4.7913720703125
4.885206662691557 4.907002193827025
4.866657457853618 5.087847028459821
4.919086162860577 4.919086162860577
5.268768062436484 5.2530316973066
5.222104159268466 5.269518866055254
5.305599698153409 5.249731953938802
5.061541602725074 4.716877528599331
4.807382294625947 4.96989271375868
5.131439208984375 5.139844071237665
4.5992909307065215 4.615200267118566
4.817413806915283 4.781864445383956
5.023574102492559 4.987821357194767
5.695279439290364 4.918873126690205
4.699097714181674 4.695720401617999
5.037838935852051 5.023842104019657
5.610332288240132 5.517681047028186
4.548760268267463 4.64757932465652
4.596676913174716 4.653541259765625
4.88627635333555 4.88627635333555
4.677436920533697 4.738937732785247
4.872609615325928 4.793156623840332
5.050087327223558 4.951912973441329
4.671492556308178 4.751626644494398
4.689568328857422 4.744878328763521
4.823448336854273 4.772257837755927
4.868802941363791 4.868802941363791
4.653027183131168 4.65472640991211
4.768565979003906 4.77565461686514
4.967229454262743 4.978671546743698
4.6317180558746935 4.6317180558746935
4.2268435570501515 4.471445166546365
4.691272442157452 4.698857907895689
5.192008353568412 4.911693942162298
4.818813390899122 4.818813390899122
4.9381261189778645 4.875675383068266
4.890462895875336 4.736421674211448
4.59716480396412 4.621335256013939
5.087989807128906 4.837489881013569
5.45825687531502 5.197154798005757
5.138348533993676 5.17373326781449
4.966400146484375 4.676319704217426
5.135461534772601 5.148668486496498
4.789652506510417 4.769158224457676
4.863291422526042 4.8035273514394685
5.272250316182121 5.115632847377232
4.90333251953125 4.952914767795139
6.078278541564941 5.649867131159856
5.285447465612533 4.923164285639281
4.859275640443314 4.8715312397563375
4.754542978564698 4.727528978430707
4.864311726888021 4.668706382193217
4.9886873306766635 4.946151954540308
5.275545889871163 5.3495961969549
4.9545068359375 4.9264096860532405
5.006020682198661 4.893991244041313
4.695022425700709 4.695022425700709
4.697428200461648 4.683378837477993
4.957000393337673 4.856080680057921
4.830333533653846 4.599235454358553
4.817799494816707 5.016248067220052
4.468096733093262 4.728955078125
4.922200012207031 4.89577645966501
5.059473266601563 4.909317348314368
4.469012989717371 4.469012989717371
4.85718754359654 4.7293141682942705
5.562391493055555 5.047021200490552
4.975825557002315 4.80596871211611
4.989845651095031 4.933138953314887
4.537739543171672 4.650334912677144
4.860305384585732 4.8667755126953125
5.014789287860577 4.897868909333882
4.870363297001008 4.979447719029018
4.9042649269104 4.9042649269104
5.196163940429687 5.190881948002049
4.819729891690341 4.739834903331285
4.098574603045428 4.276404007621434
5.358031858880836 5.367724743518201
4.8207480690696025 4.893702392578125
4.751032172309028 5.002859227797565
4.352765347095246 4.363367620504127
4.73205801156851 4.815003051757812
4.792629412750699 4.7968295957984
4.514981106594876 4.4666056632995605
4.6519414265950525 4.797405042146382
5.065965440538195 5.175417965405608
4.967948913574219 4.98253094708478
4.926697928950472 4.8861854682534425
4.678635055954392 4.86644031155494
4.814384460449219 4.682210286458333
5.322329521179199 5.38676511324369
4.902968761967678 5.029628208705357
5.218427446153429 5.187690189906529
5.293495178222656 4.628327198517629
4.566921234130859 4.6587080778899015
4.683768844604492 4.859292030334473
