3.159208185532514 3.159208185532514
3.4191103515625 3.4217316383539242
4.304752481394801 4.089082229969113
3.5572738647460938 3.5572738647460938
3.63547099720348 3.63547099720348
3.4214441935221354 3.4214441935221354
3.334458487374442 3.4317608214261237
3.2009002685546877 3.2345038519965277
3.466624450683594 3.229199000767299
3.572670160337936 3.6016255696614583
3.712510824203491 3.6692033965012123
3.4798242685746175 3.487302765132874
3.1964991092681885 3.232195748223199
3.7552156547361593 3.7587935087696605
3.4506703458091086 3.4381833184034303
3.244078967036033 3.244078967036033
3.308953660534274 3.3834493448446086
3.4905531141493054 3.534078720868644
3.677173382302989 3.7004173865685095
3.4320257517917097 3.377508496481275
3.6354096785835597 3.608439254760742
3.400973272661791 3.379266542376894
3.5111213352369224 3.5166808483647367
3.6821462457830254 3.6821462457830254
3.534805360644933 3.5539446521908364
3.6805874751164365 3.6805874751164365
3.63547099720348 3.63547099720348
3.3297972947024226 3.4138504156545433
4.327669270833334 4.327669270833334
3.438100351452154 3.4936851645415685
3.118663723185911 3.118663723185911
3.7056587764195035 3.7056587764195035
3.448311360677083 3.448311360677083
3.3848627101608186 3.419293475407426
2.989538869550151 3.364274088541667
3.435045762495561 3.4107064819335937
3.420404307047526 3.7943710068524896
3.4028063007429536 3.466411844889323
3.447551005595439 3.5500442042495264
3.556863440088479 3.588261922200521
3.097948455810547 3.736207275390625
3.246587965223524 3.246587965223524
3.1704007000990315 3.1704007000990315
3.3032794189453125 3.3032794189453125
3.367621695641244 3.367621695641244
3.545068556262601 3.545068556262601
3.551705998482464 3.5734607696533205
3.3722877502441406 3.7296112060546873
3.6784250766416138 3.7428559013034985
3.365752480246804 3.365752480246804
3.620369447480648 3.620369447480648
3.617110842750186 3.699397404988607
3.47305965423584 3.2525711059570312
3.4074799673897878 3.4213388616388496
3.1634748870251226 3.1634748870251226
3.3201706830193016 3.5742662217881946
3.402918781725888 3.4212799072265625
3.3720291492550873 3.3662421332465278
3.6386507474459133 3.6299707255232225
3.6304822649274553 3.522195471338479
3.153389323841442 3.192841102337015
3.427156226035276 3.427156226035276
3.6745919892282197 3.6745919892282197
3.8439764725534538 3.8439764725534538
3.50424560546875 3.482475094678925
3.815688096083604 3.7550976811623085
3.6688308715820312 3.580927342544367
3.423656463623047 3.3568572998046875
3.478020004079312 3.4833826401654413
3.724275663301542 3.724275663301542
3.4099824922578827 3.4099824922578827
3.634195165696487 3.5906153549382718
3.445926297095514 3.588941133939303
3.5636476531742125 3.5521135472539647
3.461654281616211 3.4586257934570312
3.6619954790387834 3.9209660548789826
3.4601768637603185 3.4601768637603185
3.382334092084099 3.412811279296875
3.266779429876982 3.2046838877152424
3.3896973196384126 3.4380484020218867
3.5194955713608684 3.713495890299479
3.4175578223334417 3.615542559556558
3.631356738862537 3.5895161220005583
3.4372284640573434 3.4372284640573434
3.3722877502441406 3.9565963745117188
3.4682643068131624 3.4706993496295104
3.7940831184387207 3.854670524597168
3.330892359956782 3.6572541861698546
3.4547243371474003 3.5073820284711634
3.3681182861328125 3.3681182861328125
3.3193447307004766 3.52963623046875
3.285420966870857 3.308645506162901
3.514129638671875 3.505500113609994
3.459515827458079 3.504346157642121
3.4743253435407366 3.4743253435407366
3.543236531002421 3.4349224384014425
3.4351695667613638 3.428227015904018
3.5721426010131836 3.5721426010131836
3.5545307234221815 3.5545307234221815
3.405691092354911 3.420417495920688
3.3401850650185034 3.2893395259462554
3.430499652484516 3.491747362860318
3.477471893157192 3.477471893157192
3.5448181988441783 3.5785862403579904
3.6130146343355145 3.6099634630926722
3.2898619895757633 3.2898619895757633
3.6559664818548385 3.7136697622445913
3.1808953285217285 3.1808953285217285
3.576968044704861 3.5737721617792695
3.523621082305908 3.5625435965401784
3.413338216145833 3.441184714988426
3.616176687556205 3.6183622383777005
3.1189700039950283 3.168398621261761
3.380903847852544 3.380903847852544
3.6559784987877153 3.608505993354611
3.533358173985635 3.516147940499442
3.754237583705357 3.7532361004803634
3.8054563999176025 3.409214201427641
3.3596479996390967 3.3596479996390967
3.4456265001411897 3.4456265001411897
3.372362522263601 3.372362522263601
3.55775341089221 3.586782355057566
3.8606019810267855 3.83478015402089
3.6945895240420388 3.711590106670673
3.6045862833658853 3.476751385313092
3.384753058938419 3.4640644994275323
3.3824222799726007 3.3882031921946676
3.624378063060619 3.7291650772094727
3.5708207024468317 3.652703619622565
3.4920651304955577 3.5483316770741635
3.4653927939278737 3.462390391031901
3.535229626823874 3.5071209003398947
3.527219407101895 3.527219407101895
3.509678248355263 3.509678248355263
3.4860384464263916 3.458029132999786
3.1544795180812026 3.236353824013158
3.230764706929525 3.551217611733969
3.3350098927815757 3.3350098927815757
3.4540786067996403 3.4525981702302633
3.5655226433414153 3.5023567349303004
3.4548608880294 3.7248871901939653
3.7105082690231197 3.6284407603589792
3.265069660387541 3.083576965332031
3.401435576289533 3.5100519934365915
3.5881100609188987 3.5881100609188987
3.501703205898669 3.523884073893229
3.4644078384211032 3.490361058434775
3.3923848981234297 3.4553674970354353
3.4181829599233775 3.3200860401940724
3.3492279052734375 3.4609499844637783
3.130159864238664 3.275870768229167
3.3453158424014138 3.394523094440329
3.7941925048828127 3.7941925048828127
3.1801270442222482 3.2265197308394162
3.4626426258306395 3.5568838019120066
3.4584405361077724 3.821934667126886
3.4305749423262 3.456771432536922
3.9340936997357536 3.8603233924278846
3.656541785415338 3.661036727452042
3.661996901410181 3.6265693826878325
3.566367048558181 3.5691169859871033
3.330194261338976 3.3003433582394623
3.2383302729180516 3.2957916259765625
3.3763400727668693 3.5560282675872945
3.45746446193609 3.4695713883739407
3.071392059326172 3.071392059326172
3.255145708719889 3.218152618408203
3.6523662366365133 3.651637554168701
3.4906443545692847 3.4588500065590018
3.2215655158547793 3.2653023856026784
3.3579183725210338 3.448953728926809
3.5779386247907365 3.542320713852391
3.024576241629464 3.128713607788086
3.427666247730524 3.503358305170295
3.108127007117638 3.4562438516055836
3.5633724212646483 3.5633724212646483
3.304215567452567 3.452584228515625
3.3726490162037037 3.461651086807251
3.1952232947716346 3.2375652606670675
3.576672145298549 3.576672145298549
3.4125263447664222 3.411428380895544
3.6980692545572915 3.7353782653808594
3.5132050385346285 3.5529246427574934
3.240358407156808 3.3523291471962615
3.376744588216146 3.376744588216146
3.739757283528646 3.739757283528646
3.444371541341146 3.4349774001935205
3.46124687063735 3.4780881734006734
3.460598900204613 3.460598900204613
3.269536105069247 3.269536105069247
3.621934632997255 3.558297051323785
3.223107401529948 3.6772394594938858
3.8522500797193877 3.8522500797193877
3.7599885901626275 3.684321085611979
3.2849799019949777 3.2849799019949777
3.407437411221591 3.410578732374238
3.4216386098710316 3.4696333601668075
3.570204269054324 3.501257694128788
3.553341865539551 3.608432345920139
3.345271519252232 3.399161995231331
3.6292128965079065 3.499171120779855
3.7554534202398258 3.784884770711263
3.487273899854812 3.5165018881520917
3.4977465496947433 3.5021170821844363
3.328936767578125 3.484866943359375
3.917956308218149 3.919678158230252
3.460626797413263 3.5714767352253403
3.566403146517479 3.566403146517479
3.375100808065446 3.3863153168649385
3.413507921942349 3.413507921942349
3.2882675995697848 3.1696833560341284
3.602188958062066 3.6559975147247314
3.7996658912071815 3.8595508640095337
3.345437547637195 3.375144449869792
3.291479887785735 3.409307352701823
3.491938838252315 3.558678713711825
3.2489842501553623 3.4074136239510997
3.4288758973817566 3.5835340546398626
3.6634518417281723 3.6738467366171523
3.797298655790441 3.733534963507401
3.567165750852773 3.6755322712223704
3.563407410966589 3.569420580594045
3.85849928855896 3.766464869181315
3.5188395182291665 3.5622290978064903
3.1919482421875 3.3359871888772035
3.453448140029366 3.4274507649739583
3.5121385362413196 3.55904483795166
3.336659532912234 3.336659532912234
3.4991527356599508 3.6729911295572917
3.5844335141389267 3.6161505516539227
3.4820011848761347 3.494350148670709
3.3260102705522017 3.412592837685033
3.337022978683998 3.366997718811035
3.2756231823106754 3.2756231823106754
3.0798572964138455 3.0798572964138455
3.3722877502441406 3.5919317626953124
3.4067959594726562 3.5666611770103716
3.5761235555013022 3.5761235555013022
3.1312522888183594 3.1979070810171275
3.356431848862592 3.5597975628930816
3.437386141690341 3.437386141690341
3.366151809692383 3.366151809692383
3.4055257524762834 3.6569149310772238
3.1662386002079135 3.5048179626464844
3.2387115478515627 3.32295094365659
3.820865133534307 3.8267369763604524
3.523941784370236 3.503885622377749
3.4666990716773345 3.4666990716773345
3.4855407480992575 3.490039199145872
3.6411827450706844 3.6680375483998082
3.5420350191885963 3.5420350191885963
3.260671113666735 3.275306879087936
3.668888364519392 3.8128552436828613
3.2234658254704005 3.2234658254704005
3.5188966731435243 3.4982660202752975
3.542767333984375 3.696641377040318
3.319751020790874 3.3353855752537394
3.2832752384551585 3.3023823112841475
3.4493071457435347 3.436983154296875
3.8990803471318 3.9800604543378277
3.5254570213524072 3.6212881179082963
3.3787059783935547 3.319990751759106
3.404668653333509 3.4078015369974124
3.543316432407924 3.543316432407924
3.5874630642920424 3.5874630642920424
3.629420750577685 3.6651065402560765
3.760774841308594 3.760774841308594
3.2602141244070872 3.2910736876648743
3.1224330357142858 3.435150146484375
3.4535112984572787 3.4859659585608056
3.711790997049083 3.711790997049083
3.512251677336516 3.606124088681977
3.5017621440272175 3.5403171973892404
3.3957891884090015 3.3957891884090015
3.4601280016776843 3.5411785623301633
3.467801947342722 3.592864748031374
3.1065962418265967 3.1065962418265967
3.367965862315188 3.367965862315188
3.519411465648408 3.5443536462918135
3.3571512434217663 3.4328426014293325
3.5016951650943398 3.548331236227965
3.286144495010376 3.307293835808249
3.425006151199341 3.3864112267127404
3.5072408326914615 3.5072408326914615
3.8861895109477795 3.960144940544577
3.3247709622348314 3.330729383103391
3.3479705204237376 3.407957904106748
3.9910850524902344 4.035356913527397
3.851322825362043 3.831667813387784
3.350464901681674 3.384273674970116
3.249283423790565 3.249283423790565
3.46133544921875 3.6192832157529633
4.234513533742804 4.234513533742804
3.0634618688512734 3.0418571860103283
3.3859970990349266 3.3310325778260523
3.6749067034040177 3.678454276842949
3.8183087158203124 3.805737859552557
3.7056738959418403 3.7912033368956366
3.615225315093994 3.615225315093994
3.423231745340738 3.423231745340738
3.5810030768899357 3.723884461418031
3.2646560668945312 3.4716567993164062
3.574460051780523 3.574460051780523
3.555017349567819 3.555017349567819
3.428285386827257 4.00788074069553
3.566502247041869 3.61751003440367
3.4872965075306057 3.5135757446289064
3.7452449355014537 3.7310591848273025
3.6824540201822917 3.7049703477304194
3.5442224451013513 3.5442224451013513
3.6119272025527467 3.644036303991559
3.866061740451389 3.866061740451389
3.490040968239056 3.490040968239056
3.4239283475008877 3.5065964679328765
3.6455485026041665 3.627492551450376
3.328425447705766 3.3676730805793693
3.6003666630497686 3.6285348372025923
3.6261741713722153 3.6967360397865034
3.680541349712171 3.680541349712171
3.3880201770413305 3.310075491913094
3.541332180217161 3.609785970052083
3.447749576053104 3.4485562481457674
3.477691345214844 3.477691345214844
3.5274242054332388 3.4222026760295288
3.347216739832798 3.347216739832798
3.671728515625 3.6452321370442706
3.382233528094103 3.396036582418007
3.6972417416779892 3.6972417416779892
3.6340604509626115 3.8414556063138523
3.273388218235325 3.273388218235325
3.8444932506930445 3.982487996419271
3.430116213285006 3.430116213285006
3.451303582442434 3.4349769639091257
3.5217186560997598 3.5514149909471944
3.1955425786037073 3.2643455434068342
3.322230905726336 3.3397748588335396
3.2489842501553623 3.4074136239510997
3.4990993401943107 3.5360292004000757
3.2112776322798298 3.2112776322798298
3.363374169193097 3.363374169193097
3.7278445595189145 3.7370591073665977
3.4770222485550053 3.4770222485550053
3.7363436081830192 3.7783410371239508
3.4942034553079044 3.4955770558324355
3.353757546164773 3.403876726017442
3.5072453006817277 3.5072453006817277
3.230764706929525 3.4553248964507004
3.4254570502739448 3.4254570502739448
3.3445656986559853 3.4714268578423395
3.4999134691455698 3.4999134691455698
3.2811669742359832 3.3323368326822917
3.775127683367048 3.743380546569824
3.1716170772429435 3.127530072186444
3.595922771253084 3.3477401733398438
3.5759333097017727 3.5759333097017727
3.436238399168261 3.363859566535739
3.4298777478806515 3.421100673390858
3.6967667473687067 3.65059502919515
3.6883357654918325 3.444116480210248
3.637601852416992 3.637601852416992
3.6729344781839623 3.6729344781839623
3.5423460264463684 3.5334106842935666
3.5165007455008372 3.495759963989258
3.510071423588967 3.510071423588967
3.363814362382467 3.3545346467391304
3.7036776029146634 3.699271308051215
3.5639147077287947 3.7155554635184154
3.7819531499123085 3.7372206303111293
3.7825314503795697 3.8683319091796875
3.407207782451923 3.4602998840022208
3.5150780310997596 3.557321006373355
3.6630917110958614 3.6762850972630035
3.5174809208622686 3.6107643002369363
3.230764706929525 3.9553889521846064
3.434248312925681 3.414339338030134
3.3066633920820934 3.3066633920820934
3.3232716878255206 3.3287349391627954
3.648527096479367 3.69402379574983
3.4417815656293165 3.4552740957222734
3.4421613216400146 3.705137252807617
3.3148245675223214 3.3405278193486203
3.4272718553419237 3.4595694193025914
3.812710002317267 3.812710002317267
3.437985327935988 3.428826990261884
3.299883459368323 3.3297635970577115
3.3866157888252046 3.4445355583639707
3.2414265508237095 3.354944689520474
3.624038860362063 3.6529944077977596
3.465650939941406 3.432432318009393
3.328060700931651 3.332122802734375
3.350735634251645 3.3508209815392127
3.5901553344726564 3.620459379973235
3.286487102508545 3.286487102508545
3.655720891179265 3.623662378880885
3.4517959893918504 3.4674762432391826
3.720504436087101 3.7197080045133024
3.488797455831291 3.531801844489645
3.477455647786458 3.455987548828125
3.464443575951361 3.464443575951361
3.464861356295072 3.257030321204144
3.503511533632383 3.454591956505409
3.5526657104492188 3.5683521089099703
3.730257404384328 3.7448541741622123
3.6459937462439904 3.681790112174131
3.3898008177880525 3.4872053632084627
3.2935259650735293 3.301971778441011
3.4656993519176136 3.4656993519176136
3.4965023713953354 3.5289843329067887
3.6776912523352583 3.6776912523352583
3.3228380156726374 3.3851413069100214
3.4356901879404105 3.4356901879404105
3.402589095266242 3.4904033381764483
3.1284816966337314 3.5975435873619594
3.4985386045639126 3.506103182099556
3.498335465140965 3.548882484436035
3.316727724942294 3.316727724942294
3.523278941278872 3.523278941278872
3.3374516993393133 3.3374516993393133
3.613718032836914 3.629876878526476
3.54257836279931 3.54257836279931
3.3236363187749336 3.3236363187749336
3.293211895486583 3.349326339422488
3.4325081961495534 3.458168854584565
3.481259955734503 3.4796870640345983
3.182198143005371 3.592454092843192
3.3722877502441406 3.787130916819853
3.268448175168505 3.4140544826701538
3.5055176490961117 3.5262293322332976
3.394451434795673 3.381475583471433
3.4797108677455357 3.485111380912162
3.629125707289752 3.629125707289752
3.4922022585008965 3.562772822559328
3.393817373422476 3.40928084127019
3.6724215776492386 3.9775818416050504
3.572467728166391 3.583686023025039
3.323876142501831 3.448638916015625
3.555171551090656 3.51757312211834
3.4537431102688028 3.4739274389949846
3.5932187398274738 3.6135897878873147
3.4085947429164176 3.423868249963831
3.3015467325846353 3.2749239603678384
3.3885442560369317 3.3885442560369317
3.523391398977726 3.531299256441886
3.536817110501803 3.5242120916193183
3.3171448480515253 3.3171448480515253
3.7710683005196706 3.7710683005196706
3.3127225240071616 3.3193720037286933
3.7702289928089487 3.7702289928089487
