3.180328369140625 3.2804170934165398
3.3970798282172736 3.4036110448473282
3.972660945012019 3.869759216308594
3.800162421332465 3.800162421332465
3.0836339314778645 3.5674425760904946
3.8257098727756076 3.8257098727756076
3.333871723693094 3.333871723693094
3.2217031018487337 3.4386678556116617
3.367519760131836 3.309526270086115
3.520862097027658 3.53997802734375
3.2941973759577823 3.583992267477101
3.457477523247723 3.4977197265625
3.1389299280503216 3.1322035678597384
3.74323721962108 3.74323721962108
3.4985634588426158 3.534578059269832
3.3934113258539242 3.3934113258539242
3.305024382355925 3.305024382355925
3.4852031360973013 3.484579121236836
3.6913454802139944 3.6913454802139944
3.4311364544324636 3.425927030123197
3.6433273841594827 3.588650173611111
3.4277049396054964 3.4310172526041667
3.5145812302492976 3.5145812302492976
3.0605520520891463 3.0202399359809027
3.5403907775878904 3.5403907775878904
3.462592601776123 3.3799716949462892
3.575709448920356 3.5716873560196314
3.357415561018319 3.357415561018319
4.034254941073331 3.6662194950064433
3.4233978606842377 3.4556537371850298
3.229001578638109 3.2238334987474526
3.172507546164773 3.4607490217182
3.3837591317983775 3.4157381670190654
3.3714842322277048 3.4455109441467604
2.9839482026941635 2.9839482026941635
3.583626487038352 3.5112131602728547
3.48327898979187 3.331687664163524
3.4658884779315127 3.4592631022135416
3.4010710380446745 3.4448623657226562
3.5269107094293908 3.575387500581287
3.0671719142368863 3.69218505859375
3.5137530735560825 3.6547778684701493
3.2474402150800152 3.336857582206157
3.3255475632687834 3.2634992327008927
3.31025679738898 3.3305695477653954
3.51905615234375 3.4982639290171966
3.54818515923187 3.589947644401999
3.5855042593819753 3.5427672646262427
3.5335820185673703 3.621764764553163
3.343656751844618 3.3813954946157097
3.6426586691103027 3.6367284543344667
3.7415169609917536 3.7985361272638496
3.1129608154296875 3.3633802141462055
3.3494888305664063 3.8397799173990887
3.1495406410910864 3.164872843424479
3.5757217407226562 3.699546051025391
3.385063949896365 3.3775
3.2504664334383877 3.4088689064492983
3.611570328000992 3.7003108820266273
3.5891898660098804 3.551917353762856
3.052064895629883 3.087051989985447
3.378081713717408 3.385495548359832
3.6002736193068485 3.761300925440436
3.396871566772461 3.9900673531197213
3.665583184424867 3.6746337890625
3.7636902637970753 3.825796748814958
3.424457005092076 3.424457005092076
3.554770858199508 3.3432286039311836
3.4847165460455907 3.492975088266226
3.736773602374188 3.766961631534984
3.4255813644731874 3.4255813644731874
3.6269109278549383 3.6282270108050074
3.1790056501116073 3.3907695569490133
3.5748436220230593 3.5748436220230593
3.3723041484882303 3.406484446806066
3.967701721191406 4.154234666090745
3.4835485284978693 3.5504656473795575
3.425757205847538 3.6450506591796876
3.2956162440923995 3.4222841484602107
3.381899996920749 3.405454273066245
3.642393897561466 3.6689018135640157
3.490024767423931 3.6874800972316577
3.767133629840353 3.8200202710700757
3.4177891754907024 3.4342283552699095
2.8930117958470394 3.0591269439121462
3.443940713372029 3.4462159474690757
3.3494888305664063 3.406873620074728
3.447917644794171 3.5661359151204426
3.404751359923812 3.445705268219227
3.2242158459078882 3.1830254049862132
3.3025994551809212 3.4277053460842226
3.237999520650724 3.5554858221524004
3.444943514737216 3.52947998046875
3.4427371141387195 3.4131205033282845
3.426570838605854 3.46044194303601
3.564663357204861 3.5175501505533853
3.504667108709162 3.504783121744792
3.03522945585705 3.1261251944082753
3.527246280592315 3.4240567607264363
3.333158681090449 3.3208629753016217
3.7534392674764 3.474100606424825
3.440623768588953 3.4660046008206153
3.4618315743927908 3.4846680866923307
3.565274212811444 3.565274212811444
3.569707494582573 3.5433024230319035
3.4463721585560996 3.4463721585560996
3.67880612327939 3.67880612327939
3.2590553529800905 3.3012203387360075
3.5028972219913563 3.482088955965909
3.4233077078154595 3.4163781060112846
3.340237572079613 3.3711600303649902
3.57424860892536 3.612550523546007
3.2613451727505387 3.516083621595758
3.3924331665039062 3.428703191921796
3.572474775643184 3.705330326872052
3.504664634590718 3.63330503053303
3.728460843445825 3.7440827835437864
3.1371668497721354 3.2611443014705883
3.395577420009656 3.395800338507934
3.417106904179217 3.4325054499108023
3.34202630458734 3.34202630458734
3.527525601321704 3.5378853537819603
3.8649603875128777 3.8545611287645727
3.583760808023174 3.6350218574955777
3.522846943623311 3.3191095167590725
3.561452529009651 3.5489116467927633
3.3858857490647005 3.405555902525436
3.4588890075683594 3.628116238501764
3.6240990867077465 3.649624981457674
3.4401623269786006 3.4401623269786006
3.473557294425318 3.594334366297958
3.5349940469820207 3.5349940469820207
3.4918951416015624 3.5638485863095237
3.450502457157258 3.3753541138795047
3.4143105643136162 3.3687182467407975
3.295672607421875 3.295672607421875
3.3888254165649414 3.429314931233724
3.2823517468510843 3.4392224877281525
3.4615507207365117 3.4615507207365117
3.5352741588245737 3.534368836053527
3.254611587524414 3.254611587524414
3.699707787884168 3.698276573503521
3.3095066070556642 3.650662841796875
3.367655944824219 3.463064538427146
3.46692553433505 3.5653426856325385
3.439824818137163 3.4136276245117188
3.5063692418540398 3.5190989935576025
3.3935907537286933 3.4181873340324813
3.3288020472372732 3.4631760915120444
3.2721379267704953 3.2721379267704953
3.097568445038377 3.1832700162320524
3.3158046177455356 3.3759583693284254
3.3088207244873047 3.6386484781901043
3.0858309232271637 3.0385915582830254
3.496615634875351 3.454981753700658
3.3889457084037162 3.4083523750305176
3.3519496133882707 3.3676576675907257
3.3421769318757235 3.4549374880490604
3.617591702208227 3.598669687906901
3.647713190392603 3.6283812048839548
3.584484069327998 3.603503803961833
3.419324043469551 3.610711307848914
3.2864785766601563 3.317673178280101
3.384788023222477 3.3951616257147084
3.4552813735848327 3.4717439660703504
3.40702141655816 3.6340753655684623
3.596109830416166 3.57853831415591
3.5869284237132355 3.5948793798460996
3.589972178141276 3.501865931919643
3.2495602527296685 3.322710360699927
3.3867428544638813 3.520371500651042
3.5157960461032007 3.4768466186523437
3.038466317313058 3.038466317313058
3.402277840508355 3.4876273415305397
3.1788596413352272 3.437191369398585
3.421496427511867 3.439187360491071
3.350496958537274 3.4324812455610796
3.3401671764897367 3.429485321044922
3.2409412384033205 3.2409412384033205
3.5225727475922683 3.4988419816300675
3.4041839599609376 3.2823902130126954
3.5125338532203854 3.479654181493472
3.3364794114056755 3.208741577916175
3.284154737317884 3.1351937820662314
3.2305129833435746 3.2305129833435746
3.5594852447509764 3.3881754193987166
3.489722275152439 3.517493393841912
3.472316256913123 3.4877107665193603
3.424771516219429 3.598336320582444
3.489603271484375 3.472102542575315
3.601119192023026 3.527195158458891
3.257483376397027 3.4649401970629423
3.8730525380557346 3.901742029671717
3.751004231770833 3.7935078306968166
3.392598769244026 3.4401710510253904
3.4020500376744924 3.416189500762195
3.4097383143538136 3.3934822688027033
3.4413272433810764 3.488855822332974
3.4915335973103843 3.570479646735235
3.428158119076588 3.348241424560547
3.797275161743164 3.7860352703344042
3.7215096609933034 3.661587397257487
3.5058047087296194 3.523366899632696
3.491995219311683 3.5091361021384215
3.401897341706032 3.401897341706032
3.999785884734123 3.9434328079223633
3.4250045894652374 3.4250045894652374
3.566220041048729 3.5474081186147837
3.376383377333819 3.360146623316819
3.3171524711277174 3.3908404419753726
3.2784455951891447 3.2683803013392856
3.616729210162985 3.616729210162985
3.68302239312066 3.641169828527114
3.2846769007240852 3.2983846543710444
3.398431529169497 3.2868729514637214
3.5064499099533277 3.606063328432233
3.375096740722656 3.43297119140625
3.3865793401544746 3.406273281451353
3.5956618183791034 3.583369491123917
3.3494888305664063 3.8773900349934896
3.531956787109375 3.509077692606363
3.370695260854868 3.4368318499940815
3.3494888305664063 3.6840166727701824
3.4614361572265624 3.518595913000274
3.1995340322519277 3.245138341730291
3.3967073880709133 3.3683837890625
3.482169257269965 3.494788460109545
3.3651056704313858 3.3651056704313858
3.379833080150463 3.5108624267578126
3.618361278246808 3.5966726449819713
3.476172757435994 3.4752618698846724
3.323941529252147 3.4108072916666665
3.275856544231546 3.3377637626711003
3.2643963930418165 3.3412551381229574
3.1524946212768556 3.1524946212768556
3.35975089439979 3.4875455914121685
3.496553070691167 3.496553070691167
3.578360164866728 3.555734073414522
3.1239990234375 3.2564359392438615
3.418516589749244 3.3782333374023437
3.4458516068892044 3.4424076625279016
3.371601867675781 3.5091139270413305
3.208668263753255 3.342319797825169
3.200167655944824 3.2756969897778
3.2334478277909127 3.325469627808989
3.6811319986979165 3.7498579915364583
3.3793216281467013 3.4763946533203125
3.48841157801011 3.5375454302915594
3.498686346388955 3.4505392221304088
3.6238726625348083 3.472386907762097
3.50030701735924 3.427438073124446
3.2655452381480825 3.3432210286458335
3.4865814208984376 3.6774682998657227
3.2430196827855604 3.273795422212577
3.451263109842936 3.4377680239470108
3.612848097278226 3.7214024861653647
3.2574349539620537 3.2339260962701615
3.2219419737119934 3.476017934833458
3.400853293282645 3.4484049479166665
4.004749004657452 3.829107174928161
3.4231117444160657 3.700112575954861
3.149566278225038 3.254900404986213
3.3949727238835514 3.3723133228443287
3.512487921916263 3.520068313136245
3.55427535207648 3.6190975952148436
3.698004619891827 3.691968107876712
3.6002035701976105 3.7470850263323103
3.22109369131235 3.2181727968413254
3.169541023872994 3.2065032432819236
3.44534184382512 3.478256405101103
3.5533679464588994 3.586430549621582
3.3303104747425425 3.513475036621094
3.409287162449049 3.429903434984612
3.377867528997316 3.333253251745346
3.3983302972255607 3.4227794968938254
3.3995299800749748 3.5840961003707625
3.409155140752378 3.409155140752378
3.3064398193359374 3.300407967916349
3.493987353880014 3.5067706341510054
3.258925083705357 3.258925083705357
3.4726740272299756 3.478534799761477
3.213682113155242 3.46223614666913
3.407204728785569 3.4035082577608757
3.395335727267795 3.4149530319940475
3.7056407928466797 3.6222331523895264
3.287110079251803 3.2386862226007107
3.3213687252688717 3.420952515280926
3.8229007720947266 3.82402533453864
3.7286053612118675 3.738051060267857
3.354636421416725 3.396544225007585
3.1980531991246237 3.21777217904317
3.4429309986255787 3.6189203569965978
3.508102053687686 3.8329244760366588
3.0693791276317532 3.2472779073832947
3.3625220781491127 3.377730536706669
3.7004191080729165 3.6427576634790992
3.9074278486535903 3.7090851633172286
3.6424634660993305 3.7185055276621943
3.7847900390625 3.611834779077647
3.4042497114701704 3.3586287588443398
3.5209822881789434 3.614792147549716
3.5936707287299923 3.6946351919601215
3.5718536376953125 3.474742941660424
3.6677327893443943 3.7230682373046875
3.7166180928548176 3.653081465740593
3.3969155770760997 3.4050608740912542
3.4931969767465643 3.4821627690241885
3.6586893488851824 3.661948670732214
3.5783056310705237 3.617602384543117
3.4230739834072352 3.508442687988281
3.5682076535390377 3.6033589926110694
3.9978212923616976 3.5107688903808594
3.506292750147097 3.52801967652376
3.2993421766493056 3.5273223384734123
3.6130389589251894 3.6304784314385774
3.3484112465218323 3.340260575457317
3.5390124198717947 3.5416256088808358
3.520732727050781 3.4712132816821075
3.646220741471695 3.630940655964177
3.322512038210605 3.3554153442382812
3.5010986328125 3.4491811899038463
3.308624267578125 3.308624267578125
3.45677001953125 3.4856736516378013
3.493331051944347 3.471430121527778
3.37951486596564 3.396953658552359
3.5876914782401843 3.6524769176136362
3.408761804754084 3.4767892020089284
3.588569859095982 3.6230904134114583
3.4230630808863145 3.310415744781494
3.305307273096686 3.3235332782451925
3.8025072159305697 3.8296468098958334
3.3691853668730136 3.4524733380573553
3.423940621170343 3.442288555676424
3.4337843101443224 3.449433277271412
3.310823950437036 3.35842578815964
3.3468571713096216 3.394031803782393
3.375096740722656 3.640686543782552
3.3461341857910156 3.4983831667432597
3.2387351989746094 3.2387870674702657
3.3383977926002357 3.383633465834067
3.6157662527901784 3.622477748937774
3.446845723385633 3.451424214377332
3.8688074060388513 4.040457492404514
3.436352449304917 3.4520733712733476
3.3779733392256723 3.4002976015389685
3.515190355705492 3.515190355705492
2.8964672088623047 3.463329315185547
3.4244808197021483 3.4457455155861316
3.2784942051149764 3.313071941507274
3.437687409229768 3.48712158203125
3.275641072591146 3.275641072591146
3.271489230069247 3.0821894892939814
3.0320653279622394 3.4681137372862616
3.3936962127685546 3.3438740605893345
3.6498950460682744 3.6498950460682744
3.42163704825448 3.4387695724899703
3.4113992055257163 3.3730360873909886
3.742352294921875 3.8146405029296875
3.577223691073331 3.427872152889476
3.2822369662198154 3.2433199564615887
3.59894035093246 3.622846221923828
3.527061711728962 3.5316126783561095
3.106258816189236 3.164598083496094
3.4350685451341714 3.3764898126775567
3.379908086969989 3.398684294327446
3.636497819927377 3.7199902201807777
3.830775499343872 3.6995255461836285
3.7048028799203725 3.6952934817991396
3.8022469414605036 3.580342964504076
3.3897964568909056 3.4346412836119184
3.5062691353462836 3.571000755731784
3.611797501555586 3.6893473780432413
3.3501815795898438 3.5098013528963414
3.334789276123047 3.888156666475184
3.4209449404761907 3.4255324854995264
3.3098175048828127 3.452127485132929
3.413458621863163 3.78674400303372
3.427608583031631 3.479705083937872
3.41598016323324 3.419117721085696
3.244117490706905 3.318939208984375
3.254643826871305 3.21598609019134
3.3881654866536457 3.3881654866536457
3.6626031594198256 3.721436934037642
3.3671746504934212 3.3446701512192236
3.2978710827526747 3.260803932367369
3.386889422381366 3.3742258446848292
3.2030064264933267 3.323670428732167
3.5576568288901416 3.5816738990045365
3.3868014178698576 3.3974309491284322
3.298770833333333 3.297289730023734
3.3679878785438144 3.3721854831861413
3.514186185948989 3.5367703174981546
3.284596225671601 3.3444132250408796
3.6374059007657285 3.569872510302198
3.458950865502451 3.473720744504767
3.745240989306294 3.7903983096948406
3.4182727367847 3.394510036561547
3.6126536707724295 3.944428272736378
3.578166198730469 3.5313375721807065
3.2422040742019127 3.4891719494835804
3.4696661907693613 3.4863731361771757
3.45536824819204 3.479546269284019
3.683497502253606 3.712132481166295
3.634430098403347 3.6655776652883976
3.399609375 3.399609375
3.261136975591582 3.270823968150628
3.2777132901278407 3.235976914228019
3.4736429085408833 3.448044335282089
3.4805097307477677 3.623113035245706
3.314436579325113 3.2806766764322917
3.362023671468099 3.4010963878412355
3.3497604370117187 3.4099243762446383
3.1243284225463865 3.0236517962287452
3.45479736328125 3.4876505533854165
3.4757397710060585 3.484231948852539
3.2094158416098737 3.2772486589956973
3.4649967193603515 3.766811794704861
3.1982458643166414 3.231550538694704
3.663061662153764 3.6888825789741846
3.509870635796778 3.419201821482654
3.299030537507972 3.263000011444092
3.378523508707682 3.4102078093785675
3.471520185470581 3.471520185470581
3.453106584220097 3.574343726748512
3.337540544782366 3.729378078294837
3.5645103454589844 3.142547607421875
3.157778015136719 3.3353154608543885
3.501659524851832 3.5362425386235956
3.334784394951277 3.4936377892127406
3.4786462197756634 3.4712932403074865
3.6857152303059895 3.906090938683712
3.5266149044036865 3.4895539236540842
3.3278477260044643 3.3278477260044643
3.873372541155134 3.6693536509638247
3.5604143644634045 3.5497164392167595
3.1154160499572754 3.4274112277560764
3.5002324721392464 3.449791306715745
3.4728890695879535 3.4783865121694713
3.7572443345013786 3.6192477544148765
3.3369064331054688 3.331701890477594
3.4187052201251595 3.4187052201251595
3.4410873939251077 3.3530040922619047
3.564314647387433 3.515874639287725
3.551630655924479 3.535019560488398
3.3099086110184834 3.4636950825535973
3.7395614624023437 3.564943858555385
3.319174779604559 3.277632713317871
3.7430767483181424 3.7430767483181424
