4.858037215012771 4.7455902099609375
4.11237907409668 4.11237907409668
4.410105965354226 4.366635586353058
3.7727873060438366 3.735013204907614
3.903232293379934 3.903232293379934
3.7108896292892157 3.7104342533991885
3.7715175298996915 3.7736231486002603
4.418677647908528 4.1645502890309976
5.126934051513672 5.025007629394532
4.245986599392361 4.150550703568892
3.9741121732271636 3.889751434326172
3.8199855663158275 3.8615682125091553
3.9339405732996324 3.962171588027686
4.042794545491536 4.028559965245864
4.04318119929387 4.04318119929387
3.9247795311180322 3.9247795311180322
3.915473159478635 3.915473159478635
4.065174412082982 4.043743896484375
4.286459939521656 4.286459939521656
3.915709077642205 3.9106064264286946
4.444317626953125 4.444317626953125
4.562341599237351 4.00607275390625
3.892648879130175 3.892648879130175
4.51802921295166 4.313121122472427
4.255521065848214 4.255521065848214
4.588845570882161 4.102716064453125
4.174909255083869 4.174909255083869
4.276100947939116 4.232834815979004
3.9423398809917902 3.9423398809917902
4.297783484825721 4.279465149496203
3.9546281294389205 3.9360504150390625
3.87624271099384 3.860771711482558
4.131555525982966 4.126040458679199
3.9562130374508304 3.9829161012327514
4.480497233072916 4.081835877661612
3.8685996014138926 3.8685996014138926
3.970069540700605 3.970069540700605
5.148462568010602 4.2428583944997476
4.169744638296274 4.098246892293294
4.153367451259068 3.7617518107096353
3.8409435914294554 3.831675979326356
4.0311297792376894 3.951707042347301
3.964506603422619 4.121380873129401
4.185963609483507 4.29304360443691
4.451038576521963 4.324359227740575
4.152351711107337 4.219537353515625
4.008858102266906 4.004149954659598
4.40081332592254 4.267943042819783
3.9661472461841725 3.8972939883961395
3.9302223899147726 3.886407820904841
3.8208490099225725 3.7699718206701145
4.005288753869398 3.983232315726902
4.097649358933972 4.06954288482666
3.8691669810901987 3.8634512765066966
3.9904088107022373 3.962400754292806
3.981152754563552 3.8401351436491935
3.909306260405994 3.909306260405994
3.968267357867697 3.7603831821017795
4.184489658900669 3.899705109772859
3.9994024979440788 3.9994024979440788
3.8427675579666 3.8427675579666
4.189896901448567 4.189896901448567
3.711170196533203 3.711170196533203
3.954327302820542 3.924962361653646
4.200305938720703 4.200305938720703
3.8062306530070753 3.7985797261082848
3.9419084028764204 3.9419084028764204
3.832210765165441 3.832713482687282
4.020566481952519 4.011026555841619
3.8709259033203125 3.8583455724040356
3.891889444986979 3.8611246744791665
3.7859218486611774 3.810508587263607
3.926955159505208 3.9177610719358764
4.250973420984605 4.423270376105058
3.864146492697976 3.864146492697976
4.182106996193911 4.182106996193911
4.231801083213405 4.009360740924704
4.035426746715199 3.9888420730340677
4.643926447088068 4.505713829627404
4.091571704761402 4.018310882233002
3.969618710604581 4.147654215494792
3.891657336004849 3.891657336004849
3.88137934758113 3.88137934758113
4.139135412267737 4.139135412267737
4.2153269449869795 4.2153269449869795
3.9793391372218276 3.9793391372218276
4.0984575544084825 4.0984575544084825
3.6880280867866846 3.9706801117443646
4.181014874659547 4.181014874659547
3.9486821492513022 3.9486821492513022
3.919207998422476 4.020204405853714
4.114971276485559 4.114971276485559
3.806792712602459 3.7982994817918345
3.8144246419270833 3.8056358924278846
4.347798326280382 4.2014031410217285
3.765259334019252 3.7675437280687234
3.8503663034150093 3.8683238955710433
3.905121747185202 3.905121747185202
4.203961944580078 4.202111177666243
4.2541794315461186 4.184947814941406
4.070807432517027 4.044757765166613
3.7975084353715944 3.7975084353715944
3.808971228966346 3.8395233154296875
4.089603199678309 4.089603199678309
4.409450912475586 4.409450912475586
4.251302083333333 4.192561994280134
3.9766653092181095 4.067281774572424
3.8848353394674597 3.874631855822257
4.079267802991365 4.011366526285808
3.88510478626598 3.86739827093677
3.9363492329915366 3.9363492329915366
3.7392469384204383 3.7392469384204383
4.791709899902344 4.791709899902344
3.9501131497896633 3.977471124558222
3.9548073297814477 3.930248458950506
3.8873958144077037 3.881463187081473
4.057326543898809 3.892322914273131
4.429908275604248 4.221293704610475
3.940256366292939 3.940256366292939
3.841521651656539 3.841521651656539
3.83086135786802 3.8649206428884346
3.842161342075893 3.842161342075893
4.051544189453125 4.051544189453125
3.9777520221212637 3.9777520221212637
3.9150771049604023 3.8709080072096835
3.9778160682091346 3.9778160682091346
3.916228309044471 3.854423304966518
3.9539670722429143 3.856119358793218
3.960385409268466 3.970514757879849
3.989573015485491 3.9860739135742187
3.857476552327474 3.9467444543393784
4.118344393643466 4.093257197627315
3.7983654915018286 3.798886284154123
3.6252216339111327 4.159447097778321
3.8429120478739267 3.831712058738426
4.084143205122515 4.0509174693714485
3.8283499471796385 3.8253364797018787
4.284644444783528 4.111746651785714
3.7750128453073937 3.771905095322327
3.9528917100694443 3.9528917100694443
3.755019011320891 3.755019011320891
3.856719534737723 3.8324141828981166
4.114842224121094 4.114842224121094
3.9310179816351996 3.91531494140625
4.074576157789964 4.074576157789964
3.7704345703125 3.8608489165434965
3.813886815851385 3.8429786195146276
3.777886874433877 3.775609184713925
4.073893753523679 4.079119087445854
3.8150764914119946 3.7578863099563953
3.996807676373106 3.996807676373106
3.8726445624168884 3.8726445624168884
3.793568524041276 3.7983608024579465
3.783957672119141 3.783957672119141
4.828265380859375 4.055830637613933
3.784947509765625 3.784947509765625
3.9010343633146367 3.9010343633146367
3.980185275607639 3.980185275607639
3.8980023552389707 3.8980023552389707
4.700609525044759 3.798987695726298
4.04854560620857 4.04854560620857
3.7765881220499673 3.745507568359375
3.8231691172425175 3.8231691172425175
3.940825992160373 3.940825992160373
4.154203000275985 4.016190846761067
3.8734295616851995 3.8734295616851995
5.294076538085937 4.955248514811198
4.3921613693237305 4.281060327457476
3.8131995263037743 3.8202868419088376
3.784251738757622 3.7835786810331937
4.259112638585708 4.259112638585708
4.122756715804812 4.1055992713341345
3.9349687749689277 3.788363482501056
4.167143448539402 4.032682245427912
4.203521991598195 4.201340198516846
3.743996429443359 3.77936481979658
3.9987381644870923 3.9987381644870923
4.1867241492638225 4.083322420987216
3.893829587906126 3.900672590228873
3.871880559637995 3.875973381514658
4.135843912760417 4.1137438456217446
4.152593259458189 4.152593259458189
3.840401543511285 3.827860035615809
3.9106701837069746 3.9106701837069746
3.9723941968834917 3.966847630550987
3.9158689584305035 4.0328858841297235
3.7957317645733175 3.7999601972864028
3.6100395747593472 3.6145213251528534
3.8337719145275297 3.8155770983014787
3.7473915821284205 3.746150895660999
4.016452202430139 3.9327115376790363
3.9970171528477825 3.9842134871572816
4.038781207540761 4.04745365113251
5.383174472384983 4.868460568514737
4.1032538780799275 4.120711135864258
3.8246671939324477 3.8324199475740133
3.7367345506899823 3.7619520455352533
3.950903194466817 3.950903194466817
4.188135147094727 3.957322256905692
4.215104166666666 4.215104166666666
3.9203225232045584 3.864306545996851
3.9479505750868054 3.9471241344105112
4.103720363182358 4.085907726753049
3.8276348579220656 3.9429584371632544
3.846851772732205 3.7158514935037363
3.8174022551505797 3.7986257076263428
4.592316627502441 4.219638061523438
4.074447247160583 4.072835759599079
3.641911932762633 3.650970672394012
3.9633338928222654 3.9513479614257814
3.9311426674447407 3.9311426674447407
4.03351322297127 4.03351322297127
4.042834984328219 4.0383275649126835
3.8948206220354353 3.9070569648117317
3.9263637609649122 3.9263637609649122
3.8626018817608174 3.800347729264019
3.760682289644798 3.760682289644798
3.9664566452438765 3.9664566452438765
4.120569565716912 4.012984080981183
4.14876708984375 4.14876708984375
3.903215605637123 3.903215605637123
5.059396597055288 5.059396597055288
4.019432067871094 4.019432067871094
3.8741672222430887 3.8741672222430887
4.363120422363282 4.2947076761497645
3.9356873830159507 3.919146369485294
3.7811376953125 3.8622363862537203
4.694085928109976 4.2460988362630205
4.16392575777494 4.066382668235085
3.753941586143092 3.753941586143092
4.083814216382576 4.083814216382576
4.721961975097656 4.046849337491122
3.918284866045106 3.931920219870175
4.248861284398321 4.200943656589674
3.8309075771233974 3.8309075771233974
3.770568542480469 3.770568542480469
4.23180248119213 4.3351305793313415
3.9224760636039404 3.9224760636039404
3.935801814152644 4.011416500561858
3.8851889151114003 3.8851889151114003
3.844900349624284 3.8138577121121067
3.8530074925098603 3.8200908460115133
4.114823517975984 4.114823517975984
4.0287837658898304 4.032194043769211
3.79530517578125 3.79530517578125
3.9794093540736606 3.9794093540736606
4.170907592773437 4.056494320140166
4.625234694707961 4.5645246505737305
3.8085149129231772 3.810429890950521
3.9021574321546053 3.9021574321546053
4.044694098873415 4.04934565226237
3.6440891810825895 3.6440891810825895
4.4575761159261065 4.384423715096933
3.707205888163837 3.7460625689962637
3.89194694107878 3.9264267865349263
4.10505485534668 4.093543158637153
4.397022448087993 4.306533119895241
3.9278590611049107 3.9278590611049107
4.1578376494258285 4.130026142248947
3.904399289923199 3.8840113100798233
3.9288901395575944 3.9288901395575944
3.822855970594618 3.8211637107274865
3.9838344029017856 3.936471983443859
4.141278474227242 4.141278474227242
3.845003365181588 3.8500807197930302
3.69415283203125 3.69415283203125
4.189896901448567 3.6846415996551514
4.233574867248535 4.558342524937221
5.266468895806207 5.266468895806207
4.420979091099331 4.507339832394622
4.266514853825645 4.396993001302083
4.073369468130717 4.073369468130717
4.194785690307617 4.194785690307617
3.7116016621492345 3.7098720919701362
4.115560213724772 4.102475253018466
3.8673108352898318 3.8673108352898318
3.889436783329133 3.889436783329133
3.901569532311481 3.888840701601921
4.755285263061523 4.213236882136418
4.680844261532738 4.680844261532738
4.1844371927195585 4.2186449836282165
4.157291535408266 4.174691592945772
3.9288533528645835 3.9288533528645835
4.471500049937855 4.439551820146277
4.126241972952178 4.018454892791971
3.868988612912736 3.868988612912736
3.938934803009033 4.009518941243489
4.164236068725586 4.418570518493652
3.9822660747327303 3.9483986383751977
4.649094668301669 4.282202762627752
4.069101115219466 4.085546960363855
3.8239190843370228 3.835340590704055
4.06833012898763 4.06833012898763
3.916503514998998 3.8925889596431213
4.44859995160784 4.44859995160784
4.057762145996094 3.992381643741689
4.166129317938113 4.103130481861256
3.7400859585768886 3.7701029060712825
4.178289625379774 3.660971134266955
3.978028933207194 3.979441624061734
3.8359451293945312 3.8853668212890624
3.867679502905869 3.867679502905869
4.084440343520221 4.033628098508145
3.7760648970170454 3.7760648970170454
3.741458532945165 3.7405281358092797
3.729993034811581 3.729993034811581
3.9090396881103517 3.900501315876589
3.8167875771210573 3.7479453638980265
3.778627204129016 3.771134660050676
3.825993855794271 3.8810969485512263
3.734673435702646 3.7477185955155368
3.847241784772302 3.75447998046875
3.8081052312591197 3.771435622460333
4.162817637125651 4.162817637125651
3.9947994299102247 3.971326955159505
3.910625272584193 3.90048703894151
3.983743767989309 4.0093335469563804
3.8982865706734033 3.8936658885380995
4.1260986328125 3.9088043527504834
4.1024940892269735 4.1024940892269735
4.251961959035773 4.251961959035773
3.998979025739964 4.022587670220269
4.159899481411638 3.9908157348632813
4.015045642852783 3.9844783238002233
3.840733210245768 3.840733210245768
3.8932412637246623 3.672855742990154
3.6529517235693993 3.6223159327651517
3.748192295883641 3.7320309085445804
3.8708448533887987 3.8280713311557113
3.775749916972419 3.7697509308432817
3.8759349476207388 3.8759349476207388
3.856014433361235 3.7620353494735963
4.0009612077437104 4.0009612077437104
3.79522022448088 3.7877945438508065
4.223865011463994 4.223865011463994
4.0708518514827805 4.030353702910959
3.6505537678424576 3.6505537678424576
4.045690748426649 4.06652599832286
4.3965911865234375 4.01295166015625
3.9135989354661675 3.9135989354661675
3.7790875301182827 3.7790875301182827
4.0020365654667724 3.939423906042221
3.99741748046875 3.9998369216918945
3.652512132075795 3.696751594543457
4.074016094207764 4.1190185546875
4.0881775886781755 4.242472457885742
3.9890808597687752 3.9843407264122597
3.9294688327253358 3.888053180502473
3.9255205319251543 3.9255205319251543
3.7451219491079346 3.71271865172956
4.3751809861924915 4.305403039810505
4.023768011129127 3.990858350481306
3.6899240312785127 3.689383806501116
4.009107987959307 4.0218496119722404
4.180042266845703 3.9881113089767157
3.7860504150390626 3.8183792356460815
3.825619652157738 3.8402511794845777
3.7621210007440475 3.7651369912283763
3.9214014513739226 3.884747761051829
3.686164536162051 3.6886341768152575
3.7295632433535446 3.7295632433535446
3.6996995357044957 3.7123269473805145
3.693218524639423 3.693218524639423
3.9906526045365767 3.899701474317864
4.018109130859375 3.9729211195459904
3.8172496795654296 3.8437975867319913
3.821520016517168 3.80606299710561
3.931280771891276 3.959559122721354
3.9071787241342903 3.833985063366424
4.2247575124104815 4.184448840571385
3.8997511121961805 3.89895990843414
3.7620434347353027 3.7620434347353027
3.7351950073242186 3.7351950073242186
3.906560756138393 3.906560756138393
3.769079794430866 3.769079794430866
3.7145297951894265 3.7137575311175848
3.7407626197451638 3.7430059421829314
3.775237327398256 3.705760691425588
4.048718539151278 4.013774992290296
4.027065700954861 3.9420170639500474
3.9157846488204657 3.928558612691945
5.351585933140346 4.852794647216797
4.0173326280381945 4.009812878024194
3.6336865632430366 3.6586298645779305
3.788819256950827 3.816017617984694
3.769092217807112 3.773112113902111
3.7450991543856533 3.7450991543856533
3.9101535427954888 3.925506167941623
3.7453815299020685 3.7741319264797184
3.865154369457348 3.828830900646391
4.096689777989542 4.097753994706748
3.84910642183744 3.8233053548887828
3.975091262090774 3.975091262090774
3.855251251705109 3.80700446234809
3.760582176414696 3.7319742838541665
3.638275146484375 3.8871891187584917
4.095551554361979 4.095551554361979
4.150083753797743 4.121825389372996
3.9911251068115234 3.9233976852062136
3.89720314427426 3.8844575800447383
4.023274435925839 4.001361009551258
4.152295176188151 4.1209853515625
4.000275100486866 4.000275100486866
3.9144762615824855 3.8660103934151784
3.967244050940689 3.9648558093655493
3.8390119148023203 3.8390119148023203
3.641614960461128 3.6318589154411764
3.7916895029496174 3.775817266785272
5.351585933140346 4.269435573268581
3.6853477603099387 3.682020606064215
3.8895140427809496 3.7706787109375
3.7923072992369184 3.798543393033222
3.612742384819135 3.612742384819135
4.171440124511719 4.171440124511719
3.6114505421031606 3.6114505421031606
3.8498059786283054 3.8498059786283054
4.041744656032986 3.814513327858665
3.835615215879498 3.836287346439085
4.067439667166096 4.04505870106456
3.8307935274564304 3.8307935274564304
3.66845703125 3.852031566478588
3.8621250074736926 3.8467559814453125
4.135136301924542 3.992896501408067
3.984520453911323 3.936583349309816
3.883439534505208 3.883439534505208
4.023399548652844 4.045971552530925
4.008351725916708 4.008351725916708
4.152429433969351 3.8289058208465576
4.18031792891653 4.1176003848805145
4.135227301181891 3.99863000818201
4.148973010835194 3.931601908669543
3.8773989793730945 3.8773989793730945
3.869076655461238 3.8545812591304625
3.9301253881209934 3.9126444901570236
3.6050534381546786 3.6769307923207086
4.097375607958027 4.043058268229166
3.5848517166940788 3.746615540747549
4.138946533203125 3.917113398162412
3.8293817429315475 3.836771016725352
4.21875816167787 4.000610886958608
3.897230179998962 3.890999348958333
3.9046463639768834 3.9000244140625
3.7288085339116117 3.719290175875604
3.6399000118940306 3.6399000118940306
4.098358817722486 3.9960850306919644
3.8676189457604644 3.814458719889323
4.293069247541757 4.1956000694861775
4.087743030894886 4.066463947296143
3.9449948170146003 3.8721203850310983
3.9032303659539473 3.7515775446306194
3.8430335752425657 3.8365200267118564
4.255368187313988 4.088918974905303
3.9961159115745906 3.9646533468495244
4.054921722412109 3.9039327181302586
3.995984341235871 3.954532441638765
3.8852020263671876 3.8994853049008107
3.9409086100260415 3.9226286514945654
3.9126680162217884 3.9126680162217884
4.078966413225446 3.988452516753098
3.9756182984217703 3.9203141972342914
3.823200631648936 3.7777913411458335
4.315178394317627 4.207914252030222
3.6264699550685036 3.6237395923442905
3.9592660757211537 3.9512176513671875
4.044443642220846 3.9961027665571733
3.9512829148625754 3.8955166057004766
3.8489526734316257 3.8991776835711707
3.909158706665039 3.8792341077649914
3.8710322660558365 3.7910664876302085
4.205748664008246 4.0249191424168576
3.921592943596117 3.924536363133844
3.863898990028783 3.84845703125
3.808018092105263 3.8079681396484375
4.14526617331583 4.042075536584341
3.8087342228721734 3.8066397446852465
3.8788722905897557 3.8904496256510415
3.8789532285748107 3.882816685267857
3.7135606553819445 3.75351045569595
4.0550593058268225 4.065374425939612
3.782645201071715 3.782645201071715
3.7966258081896553 3.7966258081896553
3.8211873372395835 3.8211873372395835
3.7454059307391825 3.7645128038194446
3.672149658203125 3.6226948063548017
3.8887824888754046 3.888970514588047
4.077794034716109 4.029498364551958
4.312074661254883 4.2893358118393845
3.781858620068706 3.755652553013393
4.16819550270258 4.163063797296262
4.01971806706609 4.010968399047852
3.7958507048778043 3.77702149890718
3.86093505859375 3.9773592074241866
3.8208157286352042 3.8208157286352042
3.5782042283278246 3.5782042283278246
3.906180740248227 3.893611784904234
3.7698071398542603 3.805552530631745
3.804923825147675 3.8275425502232143
3.9632054979556073 3.8909230672690764
4.0617395737591915 3.974699216468312
4.036845679422027 3.995718220718034
3.937379425647212 3.937379425647212
3.901785441807338 3.854419809527102
4.115588665008545 3.959463840060764
4.599569002787272 3.9808778154089097
3.908880380483774 3.9245367217482183
3.7583223978678384 3.8568202092097357
3.7614603163320806 3.726350651230923
3.7726188793516995 3.7726188793516995
3.826034877611243 3.826034877611243
3.7583474717381913 3.7784051727830317
3.895330810546875 3.6962467022796175
4.38247366512523 4.307761203037219
3.8613188145524364 3.8613188145524364
5.135827745710101 5.0698486328125
3.821549656080163 3.8065285011574073
3.8624158409552845 3.8624158409552845
3.7732128042035398 3.7732128042035398
4.069652688914332 4.270015534900484
4.030348379400712 3.9595980080225135
3.7731001529787562 3.7731001529787562
3.7717771924231664 3.7856330422794118
3.9764092763264975 3.8837014903192935
5.152065912882487 4.946586185031467
3.84388540572479 3.8539312453497026
3.7561542556946534 3.7561542556946534
4.92332288953993 4.556135559082032
3.9401773119729664 3.920689509465144
6.127510070800781 5.6526133219401045
4.115068753560384 4.027099934030087
3.9035024007161456 3.903502860570063
4.261257994408701 4.261257994408701
4.7568643358018665 3.886448786808894
3.8214548471811653 3.8214548471811653
4.102649595679306 4.065873340893817
4.075759224269701 3.988374982561384
4.80369504292806 4.816432189941406
4.0917198181152346 4.039106682165345
3.788133000753012 3.8268120807150137
3.9041018795657467 3.8969470977783205
3.7470735677083336 3.7665272248096957
3.8515309002382536 3.8409620986361683
3.7763877868652345 3.7900466132409796
3.9087206866290116 3.8830486297607423
4.969906761532738 4.870418294270833
4.069879972017729 4.02561666197696
3.912078857421875 3.912078857421875
3.91021815295468 3.9009691321331523
4.04460508927055 3.9958043779645647
3.905656144425676 3.905656144425676
4.201795196533203 3.8126017252604165
4.208128662109375 4.198461679311899
4.051369145231427 3.957187228732639
3.943355726159137 3.912742758696934
3.7875929332914806 3.790305332830775
4.010510612936581 4.012206206450591
3.803521646035684 3.80419194303601
4.104526573503521 4.103101988096495
4.104795667860243 4.429435729980469
3.8499984741210938 3.837732696533203
3.916815984816778 3.87607918204842
3.908622463705086 3.903487548828125
4.044491577148437 4.1306915283203125
3.8458567301432294 3.8458567301432294
4.030800955636161 3.928252234825721
3.7579167683919272 3.774191020447531
3.7340885466593177 3.7319876930930396
4.123941345214844 4.025019397474315
3.8036083732683634 3.8093409310059823
3.884286134821888 3.884286134821888
4.562696244981554 4.562696244981554
4.890117298473012 3.785364176432292
3.8847622549606977 3.9501769363239245
5.270018986293247 4.88830025990804
3.8623604051994556 3.8623604051994556
4.023963165283203 4.023963165283203
4.136401237325465 3.9437143610811782
3.851341552734375 3.851341552734375
3.8003086635044645 3.8023954804960662
4.076697854434743 4.055326400264617
3.9168161037748894 3.894280536358173
4.164553378490692 4.158685422411152
5.169600963592529 4.551155090332031
4.151332545924831 3.965278562435434
3.937274639423077 3.951339058254076
3.8545044490269254 3.8545044490269254
4.377938214470358 4.377938214470358
3.877997056493219 3.859622573852539
3.7953175511853448 3.7408021558232667
3.8685646057128906 4.013561173981311
3.960863045766844 3.960863045766844
4.718574047088623 4.285916255070613
4.071307741362473 4.027864958110609
3.8781131283267514 3.8934828440348306
4.151108471315299 4.151108471315299
4.321311950683594 3.981591929560122
3.9954117995042067 3.9954117995042067
4.004331588745117 4.004331588745117
4.37267951965332 4.434449672698975
3.8283843994140625 3.8283843994140625
4.0484717873966 4.055659671481565
3.9017817570612983 3.9017817570612983
4.351145426432292 4.351145426432292
5.619656085968018 5.619656085968018
3.9136757228685464 3.9136757228685464
3.778809980912642 3.78749095775463
3.862536262063419 3.855650178678743
3.9180195443582213 3.9190413936491937
4.029652763815487 3.981010592713648
3.910522780493292 3.922320416865458
3.91456526939315 3.9122057148054536
3.758109469373687 3.7533799468493854
3.9887387411934987 3.8688565106459065
4.176036487926137 4.1382813970726655
3.999519767342033 3.987388842033617
4.594776407877604 4.594776407877604
3.8414258917663324 3.8235946773558624
4.074357986450195 4.074357986450195
3.8331674178016377 3.844770136154856
4.95650577545166 3.995965576171875
4.2850027775418935 4.130602155412946
3.9971395352991617 3.9971395352991617
4.019998677571615 4.026531043419471
3.816636403401693 3.816636403401693
3.7907196754632992 3.7907196754632992
3.891604153615124 3.8222386678059896
3.8388958108836206 3.843856613357346
4.994291687011719 4.769666035970052
3.7207612187029366 3.7207612187029366
3.8375651041666665 3.8375651041666665
3.873178922213041 3.864192107987534
3.8301043766801075 3.8654504286504423
4.039365980360243 4.035305704907319
3.985526869032118 3.965760689468188
3.8402546727380087 3.808832583220109
4.014127238412922 3.908830364930977
4.410942925347222 4.410942925347222
4.2681366676508 4.2681366676508
3.970632724661045 3.970632724661045
4.0060060082412345 3.935741424560547
3.9128143310546877 3.29352297101702
4.160845782305743 4.13897590637207
3.815600803920201 3.815600803920201
3.785862922668457 3.7798334659296575
3.8169852120535714 3.8169852120535714
3.8783241554542824 3.8707133253959762
3.788189923321759 3.792816716974432
3.924492697113926 3.924492697113926
3.9694588039232337 3.9703272259424605
3.9188409423828126 4.016038525012112
3.8509114583333335 3.8532549069251543
3.777751340704449 3.7849690755208334
4.508216164328835 4.279093815730168
4.446726018732244 4.1714336688701925
3.99426484443772 3.99426484443772
4.00054931640625 3.878840855189732
4.083076931782905 4.0668969092431
3.877015333909255 3.920133182920259
4.1661247091090425 4.1661247091090425
3.936004638671875 3.9054273076418067
3.959346923828125 3.730296903443568
3.7728565989674387 3.7744746796072346
3.73038818359375 3.73038818359375
3.8484295115751377 3.7942085651436237
4.351658715142144 4.351658715142144
4.147131096826841 4.037137295337433
4.219003465440538 4.219003465440538
4.496827697753906 4.496827697753906
3.7662499875438455 3.7662499875438455
4.126349954044118 4.078833781497579
5.066734313964844 4.668785095214844
3.9881394909274195 3.91173671668684
3.9372341413439416 3.9386626094220634
3.688095477448792 3.6869036565061477
3.986325922700548 3.9216097133366143
3.833445859053498 3.8226445421410316
3.848757461762764 3.848757461762764
4.161816513329222 4.137203640407986
3.825039333767361 3.8301395464547072
3.858147982893319 3.84910282944188
3.9541734483506943 3.9541734483506943
3.741958996481147 3.722283697747565
3.8592377412154377 3.859074978298611
3.810673575565733 3.7816639435596957
3.9320042201450893 3.9320042201450893
3.8512802124023438 3.892479732118804
4.901292324066162 4.269845185456453
4.030583215138269 3.8234206768644956
4.769251929389106 4.317957261029412
4.210888537731799 4.210888537731799
3.6825075371320857 3.7042676190424233
3.7077696265243905 3.7238528500696657
3.90944430702611 3.913687313304228
4.918374061584473 4.230012781479779
3.9004294386187803 3.8941934519800645
3.7143016528057795 3.7126134236653647
3.9815790623794367 3.933153886061448
4.115396035684122 4.047313904494382
3.8860999516078403 3.876215325578194
4.0062677292596724 4.00009298324585
3.9911187213400137 3.9421914590371623
4.244507312774658 4.131552559988839
3.8229901073424797 3.818621826171875
3.9250790494159586 3.9250790494159586
4.376150512695313 4.225985780054209
4.941656930106027 4.774145126342773
3.9333201441271552 3.9333201441271552
4.898353031703404 3.8965064600894324
3.9185877713290127 3.898378851693436
3.927154541015625 3.9463882446289062
4.120707194010417 4.120707194010417
4.020991988246216 4.020991988246216
3.842464137721706 3.844850614473417
3.8820075539981618 3.8820075539981618
4.015094333224827 3.955919647216797
4.087949834318242 3.954330825805664
4.80369504292806 4.816432189941406
3.800319896024816 3.7871402207241265
3.691166111680328 3.762152469519413
4.2657249204574095 4.2657249204574095
4.0916492462158205 3.95517336667239
3.993010225351791 3.984567071084922
4.176669085467303 4.176669085467303
4.114471152976707 3.9829790900735293
3.8949646925563135 3.898977179276316
3.864418312355324 3.8621720330563583
4.347481282552083 3.938497832327178
4.127865982055664 4.137387652729833
3.8456914374168885 3.840963293004919
5.377638680594308 4.201021194458008
4.069846900733742 4.038922797309028
4.026996937833091 4.036827256944444
3.697466830549569 3.697195507231213
3.974718754834468 3.96221686798392
4.2865544637044275 4.188796043395996
3.8446788519201145 3.875417588632318
4.202075481414795 4.0417958135190215
3.794434940113741 3.779639991554054
4.2644798278808596 4.2177480061848955
4.076008898146609 4.08386201678582
3.8677664275216586 3.8366455078125
3.772330874488467 3.752044499269006
4.357362747192383 4.357362747192383
4.140100919283354 4.104082304855873
3.958711183988131 3.8447246145694813
3.812362491383272 3.7993665673266883
4.031893031803642 4.004445328251008
3.9517222086588544 3.950771997845362
3.6942667441793007 3.6942667441793007
3.7992939565373565 3.8516683841937156
3.5615237692128057 3.611310225266677
3.9145079968022367 3.882643501713591
4.007944280450994 3.9665347290039064
3.87216407132436 3.8528162046920422
3.8610071252893516 3.8610071252893516
3.8196274753891943 3.812126558416812
3.8712792647512337 3.9039997367701904
3.8813866366859244 3.8457982540130615
3.764509429201555 3.8276323784722224
3.8022745768229167 3.8099608062415995
4.507233142852783 4.221420651390439
3.8564167114847523 3.839413912791126
3.7787773226514276 3.7623140266142694
3.7192897181357107 3.7192897181357107
3.7642203110914965 3.755469268223025
4.087695121765137 4.080784388950893
3.8916074151862157 3.8779911242033305
3.7570238870287698 3.7364174663156704
5.0781911214192705 3.846883719308036
3.763668908013238 3.7630764708227042
4.508615221296038 3.897432599748884
3.7843050443209134 3.7445729929250438
3.889051709856306 3.8789229683254076
3.76469580806903 3.7719840214170257
3.873652694248917 3.86458031605866
3.7780608217159433 3.7757774057967888
3.8058800330528846 3.8040958708780677
3.819134880514706 3.795473170924831
3.850802494929387 3.850802494929387
3.862408357508042 3.862408357508042
3.8187956518056443 3.881603176310911
3.932230332318474 3.821343869579082
3.7718429565429688 3.804063126847551
4.238143458510891 4.220680660671658
3.779475459346065 3.779475459346065
3.675334352435488 3.774616935036399
3.8224719012225115 3.7959225303248356
3.801538255479601 3.801538255479601
4.036629171932445 4.047008849026864
4.207842027818835 4.030984286604257
3.934822300502232 3.9012772409539473
4.1609767790763605 4.11466396556181
4.050483703613281 4.050483703613281
4.373690385084886 4.373690385084886
4.13634223442573 4.13634223442573
4.97291374206543 4.437002915602464
4.066461018153599 4.158519969267004
3.6262140518579726 3.7231256821576286
3.666418951910895 3.666418951910895
4.029067530776516 4.044049580891927
4.198401517646257 4.198401517646257
3.973882378472222 4.010969054024175
3.8487113790309175 3.8487113790309175
3.9355219060724433 3.9822235107421875
3.8304125467936196 3.8259293405633223
3.7915859646267362 3.8685598373413086
3.7915709739507633 3.831670678180197
4.0729699028862845 4.0691971955475985
4.483806065150669 4.438057748894942
4.088866097586496 4.0406178561123935
4.142485132757223 4.0789043719951925
4.152068194221048 4.152068194221048
4.232231295838648 4.232231295838648
4.518261337280274 4.42137749250545
4.333832422892253 4.273751468981727
4.011997404552641 3.961901496438419
4.104985323819247 4.104985323819247
4.0901641845703125 4.0242176671181955
3.9428851787860575 3.9611434936523438
4.06898337916324 3.7750182151794434
3.9283714294433594 3.9556555809912743
4.2064361572265625 4.149955749511719
3.7706681685014205 3.769951189068002
4.003007929375831 3.9478395376632465
4.07701416015625 4.170492134842218
3.915555087002841 3.915555087002841
4.442992316351996 4.400819324311756
3.994789386617726 4.08597303416631
4.013343811035156 4.013343811035156
4.246778106689453 4.065271917379127
4.120035640528945 3.9780405948036597
3.915890363306781 3.9165835006857366
3.918023386309224 3.918023386309224
3.703749619521104 3.703749619521104
3.981661509318524 3.9888447606286337
4.316642761230469 4.1880340576171875
4.065764290945871 4.120599958631727
3.979408546730324 3.979408546730324
3.9384992194898203 3.896447923448351
4.3240966796875 4.3240966796875
4.161554270777209 4.161554270777209
4.273127787822002 4.241539001464844
3.9391024150545637 3.945781839304957
4.04224967956543 4.033734047249572
3.9191710769489245 3.89706351010854
3.912425430961277 3.9449735812055384
3.976323841574663 3.9742863040944045
3.7793431435861895 3.7793431435861895
4.0369214044101 4.0369214044101
4.0271048516583585 4.0271048516583585
4.171571814495584 4.171571814495584
4.432550048828125 4.406042416890462
4.126698029346955 4.126698029346955
3.978277353140024 3.8903775215148926
3.826446533203125 3.835155430124767
3.8028538480718086 3.884948326262417
4.565032496596828 4.458824157714844
4.2097320556640625 4.2229248046875
4.1138802890119885 4.0794228946461395
4.004666969992898 3.995056654690715
4.507943344116211 4.534237384796143
3.905573596693065 3.9942057633600316
3.8855403900146483 3.8855403900146483
3.8904808095637584 3.8994460508047815
4.2884187440614445 4.150516904633621
4.402624314831149 4.239259084065755
3.9904333043981484 3.9904333043981484
3.665949503580729 3.668561017071759
3.712151869288031 3.712151869288031
3.785582900628811 3.785582900628811
3.7055609872408004 3.7055609872408004
3.8171345103870737 3.7857921511627906
3.8540788130326704 3.819082807200824
3.891878400530134 3.846372827990302
3.7853796505233617 3.7853796505233617
5.197205679757254 4.6588238307407925
3.7954784574962797 3.710106779399671
3.841214332354845 3.8352008198582848
3.904782762714461 3.8985846103766026
3.8298245320277933 3.8298245320277933
3.963127862839472 3.963127862839472
3.89136767578125 3.89136767578125
3.9073556753305287 3.9073556753305287
4.052305571886958 4.052305571886958
3.8385349548969074 3.8405079088712992
3.9288221086774553 3.9288221086774553
3.9136422293526785 3.7169582285779588
3.7748227493142634 3.7573715652828166
4.11669606175916 4.021712182273327
3.9870161089980813 3.975205485026042
3.8496834546091687 3.8497324039798757
3.7847457298865685 3.7847457298865685
4.002344591864224 4.002344591864224
3.8973030630997787 3.8973030630997787
4.022329951939958 3.902004435911017
3.6879452514648436 3.6879452514648436
3.91614233929178 3.799861060248481
3.8753763210554064 3.8681324418768823
3.9254742057955996 3.9254742057955996
3.577801701151877 3.594739770107582
3.9176011029411764 3.883420434328589
3.9597975786994484 3.8163685701331316
3.8407320462740384 3.8407320462740384
3.786197942666733 3.7633216185410334
3.99343170990815 3.936913172403971
3.8741098441329656 3.8741098441329656
3.7436425345284596 3.7436425345284596
4.3685352325439455 3.6910303088201992
3.629187722807949 3.647541046142578
3.7939829333075163 3.782325006300403
3.7198459080287387 3.7443883260091146
4.013899837631777 3.9947107900487313
3.6935546875 3.647049990567294
3.8294521989493533 3.752650131413966
3.8838690932916133 3.8858823155510356
3.845976529056079 3.9034272994118173
3.7595089771708503 3.744943719161184
3.8629473876953124 3.877553400003685
3.8114452486723858 3.810438121448864
4.515955924987793 4.663277626037598
3.8305105108963815 3.8305105108963815
3.7949753238656427 3.791094847399779
3.8513188016587407 3.8495467122395834
3.811437934505782 3.79881966991342
3.781505351163903 3.7627945963541665
3.877083389847367 3.877083389847367
3.7626947051850124 3.7623099924247954
4.176719665527344 3.9524827745225695
3.737265294291584 3.704334643063129
3.7854341336382116 3.8334253283514492
3.7312684059143066 3.7423760031356292
3.8815141157670454 3.873633541277985
4.62567367553711 4.2309313322368425
3.7237765789031982 3.719221911667864
3.8930691310337613 3.878128827628443
3.77028314499628 3.77028314499628
3.7403927038211635 3.7876571060775164
3.7937188917590725 3.8466241298577724
4.07671747980891 3.9729788643973216
3.8103629969343356 3.8046236673990887
3.818141721329599 3.810708743578767
3.6522207334060077 3.69211950198838
3.7252197265625 3.7252197265625
3.887937631180037 3.887937631180037
3.7847723709909538 3.7847723709909538
3.987261309439066 3.987261309439066
3.7652086530412947 3.762837548613023
3.734864501953125 3.734864501953125
3.8462568460051547 3.836993197737069
3.86859130859375 3.896938014674831
3.861953125 3.832411411830357
4.131886201746323 4.200747535342262
3.9483274896460845 3.9429086538461537
4.328139218417081 4.168296496073405
3.9220740578391333 3.9336648494639297
3.8602159288194446 3.8471087393676036
3.8136434844045928 3.738851664978781
3.804513564132189 3.790971189363232
3.852270253499349 3.854016401636319
4.229986302992877 4.107866863871729
3.836519341719778 3.850387752757353
4.490035574776786 4.102036909623579
4.601377759660993 4.498948974609375
3.8328906073086504 3.8745592360528525
3.8128898620605467 3.782085418701172
3.7681345086348683 3.7609581580528846
4.182048797607422 4.114321594238281
4.3821189186789775 4.3821189186789775
4.228592776180653 4.18011445819207
3.847160615116717 3.8049589645030886
3.930366353785738 3.930366353785738
3.8721654791581 3.85279171965843
4.174999554951985 4.174999554951985
4.195407643037684 4.195407643037684
3.840655987079327 3.840655987079327
3.639654760962134 3.639654760962134
3.930742102475902 3.9177498450646033
4.0086736395807545 3.9878679242050437
3.824301979758523 3.9100810268469024
3.8589672651447233 3.8589672651447233
4.190465682592148 4.186254204644097
4.121006177819294 4.3508838854338
3.895810149436773 4.074287746263587
3.9762039184570312 3.9694561767578125
3.9982037211573402 4.142036115619498
3.9707205636160716 4.001873119457348
4.2398752980418015 4.20809589732777
4.059068885216346 4.032647525562959
4.136494492039536 4.0949446360270185
3.698120800416861 3.7132817482461733
3.8406039887824943 3.8406039887824943
4.5324554443359375 4.5324554443359375
3.898491663648593 3.8975050824243316
3.8410552650369625 3.8371400833129883
3.5410579170767718 3.561237041766827
4.454219273158482 4.306436266217913
4.039103190104167 4.016058349609375
3.8175886169938016 3.815213253623561
4.1456583826995095 4.065299256207192
3.9083007102788883 3.9083007102788883
4.0056905595083085 3.9199243832940924
3.969550528177401 3.9625807818244487
4.6726807625063005 4.425425479286595
4.964045437899503 3.872243881225586
4.080018833705357 4.080018833705357
4.766302744547526 4.558529663085937
3.843079339890253 3.865931828816732
3.924922527653156 3.9561028480529785
4.390766368192785 3.8093850778978924
3.8863726447610296 3.939722109080559
4.701694781963642 4.191063089573637
3.924645712209302 3.899203318469929
3.93443711895809 3.93443711895809
4.603446324666341 4.50050193385074
4.354613141315739 4.289156087239584
3.7431827960628095 3.7431827960628095
4.252361795176631 4.046859014601934
4.158541037819602 4.128955388473252
3.688600139853395 3.676771081012228
3.7954394022623696 3.8946807078826122
3.8796430600234886 3.8636600167410715
3.9254222196691178 3.914033938676883
3.789643623459507 3.73087158203125
5.356070709228516 5.356070709228516
4.232009062895903 4.202049704159007
5.03888168334961 4.675180435180664
3.937218501650054 3.776536182690692
3.920306706832627 3.9237515849451863
3.8640423765276917 3.800090500404095
4.98978271484375 4.394402724045974
3.870305742536272 3.8622901068793403
4.278572830499387 4.278572830499387
3.93148442318565 3.93148442318565
4.023848953780594 4.023848953780594
4.089881049262153 4.082354559414629
4.239500960683435 4.218544611855159
3.719946590470679 3.719946590470679
4.17170514558491 4.17170514558491
3.889212300458292 3.882064270458633
3.8898579524113583 3.9033977451609143
4.27597409202939 4.27597409202939
4.244117204533067 4.246624755859375
3.8120162696169135 3.803763649680398
4.082666497481497 4.082666497481497
3.972944224964489 3.932854989858774
3.822892038445724 3.7991280142716537
3.9126399448939733 3.851873698987459
3.978962666279561 3.9700498476133244
3.8417613309972425 3.887013194325206
4.0438393985523895 4.040863802783378
3.77645192247756 3.7524264653523765
3.987126317517511 3.987126317517511
5.377638680594308 4.0785947527204245
4.225627525179994 3.9655708387060074
3.8130795093292886 3.8130795093292886
3.941409133550689 3.941409133550689
3.8974526615466103 3.8103786561547257
3.758624088814069 3.8104961959893955
3.8850828076972337 3.8552019273912586
4.3032755851745605 4.3032755851745605
4.13209964067508 4.126923334030878
3.745240333321861 3.7395161595837823
3.6303769198330964 3.621680537356606
3.8858963815789473 3.8154427664620534
3.704011592158565 3.7165466104462794
3.993968989225042 4.06311858943635
3.926169978762136 3.9467118289492547
4.0310517578125 4.003693757233797
3.8772186771515877 3.9379986033720127
3.7834503173828127 3.8185444283992687
4.177028968685963 4.151006698608398
4.193719812341638 4.08598966376726
4.689165669102823 4.681308970731847
3.9046300872554625 3.892552765322403
3.9008136505776263 3.9117840265823625
4.043396689675071 4.262553623744419
4.072268034282484 4.0691018406348896
3.7583106492093936 3.753607461618823
3.701514335855779 3.7023993598090277
3.9288137526739213 3.8487811618381076
3.8505222096162686 3.7047897650271047
3.8606494405995244 3.8606494405995244
3.699650166197593 3.699650166197593
3.836836751302083 3.836836751302083
3.9643768310546874 3.9643768310546874
3.999699910481771 3.971474117702908
4.029987335205078 3.8575958251953124
3.7461816559797563 3.741586095999673
4.0417547607421875 4.090154108011498
3.8586880665905072 3.8700586954752603
3.875804744354666 3.8971439684851696
3.8674081249154493 3.8843456629372426
4.009690992903002 4.081238314636752
4.259601499976181 4.147340040940505
3.927829476289971 3.9146455351289338
4.2027333577473955 4.331111561168324
4.0684661865234375 4.0684661865234375
4.707081006920856 4.511139526367187
3.6938036541606105 3.7043751920207164
3.940101479584316 3.940101479584316
4.406624476114909 4.3508148193359375
3.878375404759457 3.8557845405910327
5.377638680594308 4.832703484429254
4.774047415597098 4.6000749067826705
3.8555638697240258 3.8437950134277346
4.52573299407959 4.262761655061142
4.622836112976074 4.192968845367432
4.102668762207031 4.102668762207031
4.26354005601671 4.091113966338488
3.911690783144823 3.911690783144823
3.9642344156901044 3.9642344156901044
4.067679214477539 3.9957782978914222
3.951186875165519 3.9373878479003905
3.94892723880597 3.943984182257401
3.9226096824363426 3.9226096824363426
5.660446802775065 4.723118305206299
4.32474365234375 4.32474365234375
3.919072644463901 3.9424123128255206
4.033464140050551 4.033464140050551
4.4410238826976105 4.4410238826976105
4.637056986490886 4.328987121582031
3.848019686612216 3.8467480889682113
4.606689017159598 4.606689017159598
4.423325432671441 4.423325432671441
4.364068031311035 4.364068031311035
4.28833988734654 3.919918643727022
4.162363688151042 4.062298658417492
3.9586330316005607 3.9539500645228793
3.9825801849365234 3.9791386922200522
3.850775430368823 3.7560115005030776
4.094571048266267 4.083171889361213
4.395327431815011 4.395327431815011
4.740018463134765 4.458086649576823
3.6492865146734776 3.6430406116303944
4.381995999083227 4.381995999083227
4.084683554513114 4.077035036954013
4.340892944335938 4.287560751271802
4.4336811065673825 4.689720500599254
3.9658915201822915 3.972895695612981
3.9227256774902344 3.9609839595965486
4.446726018732244 4.1714336688701925
4.381166934967041 4.226260185241699
4.2415510608303935 4.113984218863553
3.915129361087329 3.915129361087329
3.8981781005859375 3.8033866525810454
3.6264034409120858 3.6264034409120858
3.877361570085798 3.851085901260376
4.490583207872179 4.2606346130371096
4.244100859670928 4.20005585426508
4.086425036918826 4.086425036918826
4.2415510608303935 4.181930178687686
5.116578322190505 4.4442157167376894
5.116578322190505 4.4442157167376894
4.698484693254743 4.999108565481086
4.007131703694662 4.008916945684524
3.9668183873911373 3.9668183873911373
4.4047227747300095 4.341726129705256
4.573024291992187 4.573024291992187
4.078484671456473 4.075408257378472
3.9891577327952668 4.009661287874789
3.9941908402876423 3.9013878773834745
3.7938036237444197 3.8104062940253587
4.157428225955448 4.058802050213481
3.9765740889537184 3.9997627951882104
4.376742858886718 4.243248632398703
4.51884049635667 4.064258168044599
3.6770528157552085 3.6770528157552085
3.986707475450304 3.9694054236778844
4.753619650135869 4.657327270507812
4.507160568237305 4.372035026550293
4.262335428377477 4.193154511628328
4.175935250741464 4.168825961575649
3.916184779575893 3.8483151355421685
3.9381985599047518 3.995923475785689
3.9435980224609377 3.9435980224609377
4.190990541039444 4.190990541039444
4.164236068725586 4.040536880493164
3.909220594040891 3.8931172688802085
3.8451073829163898 3.8549336553777307
3.8745717366536456 3.878719392370005
3.900761922200521 3.9080796515804597
3.8212504667394303 3.7961825900607638
4.154415554470486 4.154415554470486
4.049944680834574 3.86529830129523
4.625448960524339 4.325956383529975
3.953381779217961 3.9242520113603785
3.8846187046595984 3.9176869710286457
4.25927734375 4.19801281344506
3.8904869079589846 3.836207463191106
4.855713738335504 4.452938753015855
3.9267646789550783 3.8775191397037148
4.1423694610595705 4.524109881857167
4.319232940673828 4.202005320581897
3.937330284897162 3.937330284897162
4.468318314985796 4.35978809301404
4.109475840692935 4.109475840692935
4.190242323764535 4.392972905585107
4.0573272705078125 4.144605025504399
3.9349810791015627 3.9349810791015627
4.368996756417411 4.422576427459717
5.377638680594308 4.526032584054129
4.103889465332031 4.109905242919922
3.8414966480152026 3.867108917236328
4.135034084320068 3.9874598911830357
3.829688597261236 3.8293848452360733
4.007131703694662 4.095383139217601
3.7631475275213067 3.7550794099506577
3.767612232881434 3.7264265373571597
4.491102430555555 4.165587955050999
3.9904333043981484 3.9904333043981484
3.665949503580729 3.668561017071759
3.7055609872408004 3.7055609872408004
3.8171345103870737 3.7857921511627906
3.712151869288031 3.712151869288031
3.785582900628811 3.785582900628811
3.7055609872408004 3.7055609872408004
5.197205679757254 4.6588238307407925
3.7954784574962797 3.710106779399671
3.8705614059366646 3.8163601857311322
3.841214332354845 3.8352008198582848
3.904782762714461 3.8985846103766026
3.8298245320277933 3.8298245320277933
3.963127862839472 3.963127862839472
3.89136767578125 3.89136767578125
3.9073556753305287 3.9073556753305287
4.052305571886958 4.052305571886958
3.8385349548969074 3.8405079088712992
3.9288221086774553 3.9288221086774553
3.9136422293526785 3.7169582285779588
3.7748227493142634 3.7573715652828166
4.11669606175916 4.021712182273327
3.9870161089980813 3.975205485026042
3.8496834546091687 3.8497324039798757
3.7847457298865685 3.7847457298865685
3.8753763210554064 3.8681324418768823
3.9176011029411764 3.883420434328589
3.742825594815341 3.764902570606333
3.8121976197220895 3.842875721690419
3.8407320462740384 3.8407320462740384
3.786197942666733 3.7633216185410334
3.99343170990815 3.936913172403971
3.8741098441329656 3.8741098441329656
3.6814863875105575 3.6803520416544977
3.7436425345284596 3.7436425345284596
4.3685352325439455 3.6910303088201992
3.629187722807949 3.647541046142578
3.7939829333075163 3.782325006300403
3.7198459080287387 3.7443883260091146
4.013899837631777 3.9947107900487313
3.6935546875 3.647049990567294
3.8294521989493533 3.752650131413966
3.845976529056079 3.9034272994118173
3.7595089771708503 3.744943719161184
3.8629473876953124 3.877553400003685
3.8305105108963815 3.8305105108963815
3.7949753238656427 3.791094847399779
4.053264861411237 4.053264861411237
3.777749132754198 3.7758734872408004
4.176719665527344 3.9524827745225695
3.737265294291584 3.704334643063129
3.7312684059143066 3.7423760031356292
3.8815141157670454 3.873633541277985
4.62567367553711 4.2309313322368425
3.7237765789031982 3.719221911667864
3.8930691310337613 3.878128827628443
3.77028314499628 3.77028314499628
3.7403927038211635 3.780853926368026
4.07671747980891 3.9416182234480575
3.8103629969343356 3.8046236673990887
3.818141721329599 3.810708743578767
3.6522207334060077 3.69211950198838
3.7252197265625 3.7252197265625
3.887937631180037 3.887937631180037
3.7798974490860133 3.7772956095950705
3.7847723709909538 3.7847723709909538
3.987261309439066 3.987261309439066
3.7652086530412947 3.762837548613023
3.8462568460051547 3.836993197737069
3.86859130859375 3.896938014674831
3.861953125 3.832411411830357
4.131886201746323 4.200747535342262
3.9483274896460845 3.9429086538461537
4.328139218417081 4.168296496073405
3.9220740578391333 3.9336648494639297
4.601377759660993 4.498948974609375
3.7592889327037184 3.803899642524369
3.8328906073086504 3.8745592360528525
3.7681345086348683 3.7609581580528846
4.182048797607422 4.114321594238281
3.8208157286352042 3.8208157286352042
3.5782042283278246 3.5782042283278246
3.906180740248227 3.893611784904234
3.7698071398542603 3.805552530631745
3.804923825147675 3.8275425502232143
3.9263633656724592 3.857575320814508
4.056425924862133 3.972365334769276
3.9550247933100726 3.9319858696624523
3.937379425647212 3.937379425647212
3.901785441807338 3.8334879917381084
4.115588665008545 3.959463840060764
3.980296366923564 4.069477680300878
4.599569002787272 3.9808778154089097
3.8896930401141825 3.9066796553762337
3.7583223978678384 3.8568202092097357
3.7614603163320806 3.726350651230923
3.7726188793516995 3.7726188793516995
3.826034877611243 3.826034877611243
3.7583474717381913 3.7784051727830317
3.895330810546875 3.6962467022796175
3.8602159288194446 3.8471087393676036
3.8136434844045928 3.738851664978781
3.804513564132189 3.790971189363232
3.852270253499349 3.854016401636319
4.27597409202939 4.27597409202939
4.244117204533067 4.246624755859375
4.082666497481497 4.082666497481497
3.972944224964489 3.932854989858774
3.822892038445724 3.7991280142716537
3.9126399448939733 3.851873698987459
4.092641194661458 4.076455018578506
4.0714578067555145 4.067464192708333
3.77645192247756 3.7524264653523765
3.987126317517511 3.987126317517511
5.377638680594308 4.0785947527204245
4.225627525179994 3.9655708387060074
3.8130795093292886 3.8130795093292886
3.941409133550689 3.941409133550689
3.8974526615466103 3.8103786561547257
3.758624088814069 3.8104961959893955
3.8850828076972337 3.8552019273912586
4.13209964067508 4.126923334030878
3.745240333321861 3.7395161595837823
3.6303769198330964 3.621680537356606
3.8858963815789473 3.8154427664620534
3.704011592158565 3.7165466104462794
3.983072370490772 4.05378320612059
3.8313275918193246 3.8530036078559027
3.926169978762136 3.9467118289492547
4.073563720703125 4.0385096194970345
3.8772186771515877 3.9379986033720127
3.7834503173828127 3.8185444283992687
4.177028968685963 4.151006698608398
4.129731049408784 4.041493615438772
4.758264357043851 4.736990087172565
3.9046300872554625 3.892552765322403
3.9008136505776263 3.9117840265823625
4.043396689675071 4.262553623744419
4.072268034282484 4.0691018406348896
3.7583106492093936 3.753607461618823
3.701514335855779 3.7023993598090277
3.8606494405995244 3.8606494405995244
3.699650166197593 3.699650166197593
3.836836751302083 3.836836751302083
3.9643768310546874 3.9643768310546874
3.999699910481771 3.971474117702908
4.029987335205078 3.8575958251953124
3.7461816559797563 3.741586095999673
3.9258038116336333 3.898533347800926
3.8586880665905072 3.8700586954752603
3.8674081249154493 3.8843456629372426
3.927829476289971 3.9146455351289338
4.3821189186789775 4.3821189186789775
3.847160615116717 3.8049589645030886
3.930366353785738 3.930366353785738
3.8721654791581 3.85279171965843
4.174999554951985 4.174999554951985
4.195407643037684 4.195407643037684
3.840655987079327 3.840655987079327
3.639654760962134 3.639654760962134
3.930742102475902 3.9177498450646033
4.0086736395807545 3.9878679242050437
3.824301979758523 3.9100810268469024
3.8589672651447233 3.8589672651447233
4.190465682592148 4.186254204644097
4.121006177819294 4.3508838854338
3.895810149436773 4.074287746263587
3.9762039184570312 3.942490539550781
3.9982037211573402 4.142036115619498
3.9707205636160716 4.001873119457348
4.059068885216346 4.032647525562959
3.698120800416861 3.7132817482461733
3.8406039887824943 3.8406039887824943
4.5324554443359375 4.5324554443359375
3.898491663648593 3.8975050824243316
4.364462280273438 4.102126121520996
3.8410552650369625 3.8371400833129883
3.5410579170767718 3.561237041766827
4.454219273158482 4.306436266217913
4.039103190104167 4.016058349609375
3.8175886169938016 3.815213253623561
4.1456583826995095 4.065299256207192
3.9083007102788883 3.9083007102788883
4.0056905595083085 3.9199243832940924
3.969550528177401 3.9625807818244487
4.6726807625063005 4.425425479286595
4.964045437899503 3.872243881225586
4.080018833705357 4.080018833705357
4.766302744547526 4.558529663085937
3.8885765075683594 3.8885765075683594
3.9828389485677085 3.9828389485677085
3.843079339890253 3.865931828816732
3.924922527653156 3.9561028480529785
4.390766368192785 3.881439918695494
3.8863726447610296 3.939722109080559
4.701694781963642 4.191063089573637
3.93443711895809 3.93443711895809
4.603446324666341 4.50050193385074
4.354613141315739 4.266522682319253
3.755919189453125 3.755919189453125
5.152154710557726 4.739992414202009
4.252361795176631 4.046859014601934
4.158541037819602 4.128955388473252
3.688600139853395 3.676771081012228
3.9582373046875 3.9149593997311283
3.8796430600234886 3.8636600167410715
3.9254222196691178 3.914033938676883
3.789643623459507 3.73087158203125
5.356070709228516 5.356070709228516
4.232009062895903 4.202049704159007
5.03888168334961 4.675180435180664
3.937218501650054 3.777329329605941
3.920306706832627 3.9237515849451863
3.8640423765276917 3.800090500404095
4.98978271484375 4.394402724045974
3.870305742536272 3.8622901068793403
4.278572830499387 4.278572830499387
3.93148442318565 3.93148442318565
4.023848953780594 4.023848953780594
4.089881049262153 4.082354559414629
4.239500960683435 4.218544611855159
4.17170514558491 4.17170514558491
3.889212300458292 3.882064270458633
3.9275 3.8981663800668027
4.194681607759916 4.085555691189236
3.9322152767541274 3.9322152767541274
3.991775100295608 3.991775100295608
3.743502409561821 3.740581512451172
3.9912008558000838 3.9912008558000838
4.096212033872251 4.096212033872251
4.075108319863506 4.06475355360243
4.308213254238697 4.251117005640147
4.370312690734863 4.302736118861607
3.945939675355569 3.945939675355569
3.868657112121582 4.2230888366699215
4.0696156819661455 3.807557659384645
4.21910636655746 4.008031333365092
4.122407393022017 4.103915375058014
3.9321278163364957 3.97607421875
3.9713735961914063 3.9326360670186706
4.1186158715224845 4.1186158715224845
5.473421223958334 4.922152067485609
4.309683620339573 4.389943440755208
4.0550790084035775 4.0550790084035775
4.174543664810505 4.129375110973012
4.138179863823785 4.046810850805166
4.357780015173037 4.357780015173037
3.6337860107421873 3.6337860107421873
4.100215830701463 4.157386474609375
4.320736476353237 4.1469676971435545
4.014263826258042 3.9043068109556684
4.228300476074219 4.228300476074219
4.102326591059847 4.304606655187774
3.8116798400878906 3.8210651173311123
3.93031005859375 3.9257088064033296
4.02527285293794 4.122130940755208
3.995605786641439 3.995605786641439
4.254788080851237 4.251169275354456
4.145476531982422 4.145476531982422
3.686470395042783 3.7597841356621413
4.503014651211825 4.246847299429087
3.9444261633831523 3.906553668740355
4.296377515035962 4.296377515035962
3.9977152506510416 3.9977152506510416
3.953447284120502 3.913130442301432
3.8988524845668246 3.8636402194782837
4.24968504294371 4.242204077449846
4.28604471458579 4.248136821546052
3.7782424058371444 3.7782424058371444
4.143136160714286 4.004331488358347
4.605533054896763 4.605533054896763
3.636256088445216 3.5769251947817593
4.293684436428931 4.293684436428931
3.7851515270414806 3.7851515270414806
4.9516545613606775 4.773970286051433
3.978795369466146 4.092199810480667
4.230405892898787 4.224913678850446
4.808853893745236 4.742188720703125
3.9102912055121526 3.8917207109167222
4.014122525552161 4.014122525552161
4.068401447777609 4.05957722214033
3.9570767211914064 3.836589344760828
4.4651103019714355 4.320209503173828
3.883998325892857 3.883998325892857
4.233085285533559 4.245843614850726
4.199430416791867 4.199430416791867
4.065822601318359 4.059254716082317
3.9037054152715776 3.926050713721742
3.8230714064378004 3.8230714064378004
4.352680478777204 4.348588512789819
3.983441274100487 3.989039829799107
3.984496765136719 3.984496765136719
4.506298206470631 4.4313410441080725
4.096513484074519 4.14105224609375
3.775958491306679 3.7747604935257524
4.282237025669643 4.267378154553865
4.026264884255149 4.026264884255149
4.089819283320986 3.993985725171638
3.900035989695582 3.900035989695582
3.970641326904297 3.946587387396365
3.9781276157924106 3.9781276157924106
4.3407410331394365 4.326366191007653
4.156720613178454 4.095810680854611
4.4327392578125 4.4327392578125
4.380277845594618 4.380277845594618
4.389261582318475 4.389261582318475
3.855065409342448 3.8076957253848804
4.087803734673394 4.087803734673394
3.783438289866728 3.8906901432917667
3.8566839599609377 3.85116695663304
4.106505966186523 4.08076654478561
4.0705718994140625 4.0705718994140625
4.10498046875 3.9731960954337286
4.421959616921165 4.421959616921165
3.9816056136246565 3.988378646525931
4.089201444738052 4.105135137384588
4.0450015737990705 4.0450015737990705
3.8141255098230697 3.8358881524268615
4.086377292209201 4.086377292209201
4.0599916631525215 4.02762508392334
3.5368602855785474 3.5611473083496095
3.898918696812221 3.8441891877547554
4.072042465209961 4.114544926857461
4.149553298950195 4.149553298950195
3.3192531040736606 3.3192531040736606
4.256512616131757 4.118394900590945
3.900130345271184 3.9002106765220903
3.6886377427184467 3.6886377427184467
4.332899870695891 4.267856852213542
4.339603900909424 4.339603900909424
4.3044879619891825 4.2712148030598955
3.9328677049323693 3.9328677049323693
3.8581725329887577 3.8664602799849077
4.3254714012146 4.3254714012146
4.107502528599331 4.121273163826235
3.8843343983525815 3.8843343983525815
4.496099298650568 4.350641741071429
4.742657310084293 4.702904037282437
3.9495740618024553 3.940927165828339
4.072849049287684 4.158078120304988
3.943175967377011 3.943175967377011
4.921628450092516 4.708531934161519
4.627238105325138 4.999341201782227
4.085734823475713 4.063342840021307
4.12596747215758 4.134422302246094
4.282148941703465 4.282148941703465
4.6374169921875 4.570713588169643
3.952295091417101 4.041988554454985
3.89538144393706 3.89538144393706
3.8239584736440375 3.829085964626736
4.127755347718584 4.114907484788161
3.8934369255514705 3.8636451792494158
4.286579734400699 4.286579734400699
3.9928181966145835 3.9928181966145835
4.389228820800781 4.147734465422453
4.257733662923177 4.014920464877425
4.187565690380032 4.139640238747668
3.9918138292100696 3.9518133310171275
4.015735854450454 4.01291249593099
3.971877136230469 3.971877136230469
5.549771881103515 5.247161865234375
3.7006234741210937 3.7006234741210937
4.4675374031066895 4.4675374031066895
4.2534123738606775 4.2534123738606775
3.995557842832623 4.039533342633929
3.958431359493371 3.958431359493371
4.201925343480603 4.177964410862001
4.4836886221902414 4.458837890625
3.8899320549921157 3.8899320549921157
4.23563973563058 4.339345296223958
4.090901975278501 4.090901975278501
4.070770263671875 4.070770263671875
3.9155501302083335 3.9155501302083335
4.167704391479492 4.120310689066793
3.9142074584960938 3.9142074584960938
3.8972498575846353 3.8838183344626915
4.291748871674409 4.291748871674409
3.9287642094126918 3.9287642094126918
3.88002692328559 3.88002692328559
4.198144606602045 4.198144606602045
3.8985186226760287 3.8985186226760287
3.950023944561298 3.900984977055522
4.024662364612926 4.024662364612926
3.9669562445746527 3.9925721934143925
4.4666748046875 4.4666748046875
4.130238435706314 4.130238435706314
4.859503269195557 4.859503269195557
4.597574380727915 4.597574380727915
3.8525360851753048 3.8525360851753048
4.139621857673891 4.121224403381348
3.838751006544682 3.838751006544682
4.079704547750539 4.079704547750539
4.1265922546386715 4.1265922546386715
4.2109491257440474 4.219700539758963
4.0478511137120865 4.0478511137120865
4.163838289221939 4.016626531427557
4.168194961547852 4.168194961547852
4.304798473011363 4.304798473011363
3.7439308166503906 3.7439308166503906
3.900458065080054 3.900458065080054
4.018403229890047 4.018403229890047
4.367340850830078 4.367340850830078
4.178124411064282 3.9631278483072916
4.040966475637336 3.9831009651850726
4.355860246930804 4.355860246930804
3.702494642469618 3.702494642469618
4.288723627726237 4.288723627726237
4.02652338499664 4.099880536397298
4.29764149983724 4.284168341220954
4.1783396402994795 4.209874321432674
4.1061238934916835 4.1061238934916835
4.238659357620498 4.176383353568412
4.269162200218023 4.269162200218023
3.901210097015881 3.901210097015881
4.023984596946023 4.023984596946023
3.752962424538352 3.790143243197737
4.838976372612847 4.670653206961496
4.0588022867838545 4.012512598282251
3.913067626953125 3.8681927416698043
3.93031005859375 3.9257088064033296
3.8581725329887577 3.8664602799849077
3.9965866088867186 4.0045947265625
4.3613689967564175 4.3613689967564175
3.8525360851753048 3.8525360851753048
3.9544099266849346 3.9612072094066724
4.095073064168294 4.095073064168294
3.898918696812221 3.8441891877547554
4.1186158715224845 4.1186158715224845
4.062718125640369 4.062718125640369
3.913067626953125 3.8681927416698043
3.5368602855785474 3.5611473083496095
4.314870198567708 4.545421600341797
4.120167414347331 4.120139327703738
4.267622481944949 4.267622481944949
4.149553298950195 4.149553298950195
4.145476531982422 4.145476531982422
3.775958491306679 3.7747604935257524
3.9928181966145835 3.9928181966145835
4.1652448938248 4.1652448938248
3.847550568757234 3.9030535380045572
4.503014651211825 4.246847299429087
4.29034658578726 4.286115092615927
4.025863235061233 4.025863235061233
4.116574523269489 4.159706531871449
4.39466291155134 4.39466291155134
4.123184749058315 4.001846852022059
3.7782424058371444 3.7782424058371444
4.4651103019714355 4.320209503173828
4.122407393022017 4.103915375058014
4.506298206470631 4.4313410441080725
3.743502409561821 3.740581512451172
4.367340850830078 4.367340850830078
4.567663192749023 4.313273566109793
4.348325876089243 4.348325876089243
3.951335144042969 3.951335144042969
3.885893388227983 3.885893388227983
3.715159946017795 3.721331787109375
4.1061238934916835 4.1061238934916835
4.269374568287919 4.227524158566497
4.796991136338976 4.263472965785435
4.874014767733487 4.487677341037326
4.154785673497087 4.092739056937302
4.424344380696614 4.483970642089844
3.933801543846559 3.924731703662368
3.7812859030330883 3.7812859030330883
4.120615739088792 4.104348281334186
4.668716812133789 4.599859903025073
3.7425174353257664 3.74871333952873
4.195298331124442 4.181614353345788
4.1390530770285086 4.108794148763021
4.207309450422015 4.207309450422015
4.760693290016868 4.072274459035773
3.8321426905942766 3.8009758373298266
3.7080572805097027 3.688732237327756
4.116074533173532 4.101014811197917
3.790250031844429 3.8480946308857686
3.9563139115256827 3.938215215155419
3.722912837009804 3.7362309126420454
3.9224420591842297 3.913869107707163
3.916477818642893 4.198855013460727
4.059753150270696 4.059753150270696
3.9559351084183674 3.9559351084183674
4.246249675750732 4.042185147603353
3.805629042328381 3.8789527529761907
3.8413438197544645 3.8236805905577955
4.001716776097075 3.9623691013881137
3.981995137532552 4.083256577000474
4.721786922878689 4.612216796875
3.7742490132649738 3.7742490132649738
4.197299299568965 4.17750718858507
3.8938436422262104 3.904288308662281
4.112160273960659 4.027828509990986
4.103370666503906 3.85102907816569
3.9266190202268834 3.913874575966283
3.9458943684895833 3.9510631258525546
3.9054112499116234 3.9054112499116234
3.938523303177277 3.9138841198336696
4.299949222140842 4.536550019916735
3.9903343463766165 4.077289928089488
4.063457631809826 4.063457631809826
3.745491951134554 3.745491951134554
3.777009775940801 3.8502961189516127
3.696164714756297 3.696164714756297
3.989612548828125 3.989612548828125
3.9208085080410573 3.8864965346253033
3.775149390811012 3.7883381090666117
4.58372179667155 4.348752975463867
3.832138697306315 3.8286657308983374
3.8866213467454664 3.9203168257926273
3.805325639926321 3.793211716871995
4.82574348449707 4.405078252156575
3.844211863048041 3.844362095424107
3.643530440657106 3.6527420435196314
4.218201773507254 4.218201773507254
3.921681820767597 3.921681820767597
3.94250646130792 3.94250646130792
3.734935360863095 3.7143570609714676
4.102614492740271 4.092832232834002
3.9548714377663354 4.054310913085938
3.965316360061233 3.9626522064208984
3.7360746422592475 3.7360746422592475
3.796044360632184 3.796044360632184
3.876310299604367 3.8259628028200385
3.7410119345021804 3.743807876319216
3.9824576744666467 4.0157121227633565
3.803734254301264 3.803734254301264
4.032343937800481 4.002884826660156
3.8649468515433516 3.8199312804175203
3.9733453415732347 3.9733453415732347
4.073167677049513 3.9602352603451236
3.8966802869524275 3.8966802869524275
3.923582507717994 3.9063946063701924
4.136318400754767 4.141536658918354
4.219225715188419 3.793425436580882
3.931128433070232 3.9672052218829315
3.9033738878038196 4.09525400797526
4.167503650371845 4.0915586298162285
3.918581485748291 3.896923649920164
3.9392237020722516 3.973236280871976
3.7463319533529913 3.7828171892863947
3.85649666419396 3.9057340009496846
4.24607679578993 4.391740926106771
3.9787065660631336 3.974082995372213
4.159257732453893 4.113475799560547
3.8034707861008985 3.808399650621118
3.731095232282366 3.731095232282366
3.810274419096327 3.8000887124845297
3.654116580360814 3.673337069424716
3.685183731155779 3.678059492961015
4.101169586181641 4.072783272221403
3.9158788753461233 3.9158788753461233
3.900437320571348 3.8841277740813873
4.137355804443359 4.055288820850606
3.88559180569936 3.91886482657967
3.910003662109375 3.904523736265696
3.781567990991993 3.777149108676976
4.07787258342161 4.07787258342161
3.9555918974034925 3.8993471060226215
3.83793511791764 3.8306060650381624
3.9202443976151318 4.013195262235754
3.8502658902085978 3.85570068359375
3.809510311837924 3.804986118285124
3.748754608497191 3.739344721255095
3.6884049309624567 3.663477783203125
4.780768712361653 3.9804224286760603
3.989247430231153 3.830686700994318
4.856083763970269 4.538275718688965
4.141571426391602 4.141571426391602
3.867761170335591 3.864518573026702
4.316568056742351 3.9642929077148437
3.9340637951362423 3.9971574686341365
3.7672199922449447 3.7672199922449447
3.9228660659034653 3.9163906774788257
4.824443435668945 4.561553057502298
3.963721073035038 3.9845002826891447
3.8317875548870894 3.825197492327009
4.314573669433594 4.495683385970745
4.134282651154892 4.112611490885417
4.154159133498733 4.154159133498733
4.235143979390462 4.235143979390462
3.994918441772461 4.000341353877898
4.051926294962565 4.0630765428730085
4.128425315574363 4.116691723204496
4.82574348449707 4.405078252156575
3.77198535720737 3.750998757102273
3.9597488252243194 3.9282073974609375
4.022458394368489 3.954410627776501
4.476433563232422 4.341117477416992
4.164751629496729 4.0784320442044
3.876709484663166 3.8584501953125
3.7460843978389615 3.7460843978389615
4.872488021850586 4.872488021850586
3.8323591077649914 3.8251191900017556
3.705382982889811 3.7390911395733175
4.03691116487137 3.982161113194057
3.9754410628434065 3.962309492395279
3.93222145142594 3.9408288189745324
3.967705062673062 4.0044867067920915
4.101831575719322 4.04692808787028
3.9206486191860463 3.893850226151316
4.290699640909831 4.122930788526348
3.9709639776320684 4.0188272554580475
4.3685352325439455 3.80194091796875
3.9158409520199426 3.9128671125932173
3.721289306640625 3.718137264251709
3.779943107836174 3.779307410830543
3.5633963308026715 3.5633963308026715
3.914219090195953 3.9401077049365942
3.966680711315524 3.966680711315524
4.0197646682326855 3.978208137281013
3.9387983514007026 3.8948478494735963
3.8916485126201925 3.874317169189453
3.653832571847098 3.6514369419642856
4.126731872558594 3.895019213358561
3.818618914402953 3.8105829412286933
4.3685352325439455 3.9985761798796107
3.7386571331753755 3.7150437575120194
3.907764713938643 4.221741994222005
4.353322601318359 4.3087164431202165
3.979273376464844 3.979273376464844
4.631552476149339 4.480758231026786
3.85343254937066 3.7895784961933994
4.547849382672991 3.8761381811025193
4.252915064493815 4.252915064493815
3.7087562506925975 3.7710370413864713
3.906368951727874 3.906368951727874
4.084127723623853 4.051425405649039
3.8506968778722426 3.850940404063411
3.9878424667730563 3.969181360823385
4.014031570948911 3.9729405278744907
4.027328381435477 3.999476473096391
3.9194356984105605 3.884336456539124
4.017741276667668 4.165530992590862
3.96253716191159 3.9648802222275155
3.9544422046558276 3.942395342896316
3.898904437667753 3.891033126647214
3.958376779863911 3.918048270089286
3.8351685660226003 3.8548028469085693
3.826536222268607 3.811348293138587
3.8289080810546876 3.793603285303656
4.318960774739583 4.276985755333533
3.709924436083027 3.706754896375868
3.8312502774325283 3.822560003948556
4.196366819616866 4.196366819616866
4.497399139404297 4.497399139404297
4.710588073730468 4.297011539853853
4.103058115641276 4.07698228624132
4.114655960437863 4.066658100328947
3.97559814453125 3.9220856457221798
3.778870802659255 3.778870802659255
3.921556215028505 3.9071197509765625
3.9015632689468505 3.8850070121593046
3.8677793871454833 3.8686438927283655
4.210276170210405 4.090047308739195
3.8522009883366577 3.8177640474759613
3.7901037415461754 3.799775310765917
3.8566046426462575 3.8566046426462575
3.8773673951156495 3.8867612485532406
3.9547535664326436 3.962510681152344
3.7592715614720396 3.7613565063476564
3.9172222080515393 3.8816505142405062
3.752939453125 3.7436470227363783
3.9337239869883365 3.940135192871094
3.9850814308276017 3.9730782957889574
3.7807924885395146 3.8151097297668457
3.8966679766895327 3.8966679766895327
3.8534007825349508 3.9122774251302084
3.903744578108413 3.903744578108413
3.8368301782852563 3.8368301782852563
4.000051358850991 4.131073510947347
3.9193936861478367 3.8603954095950073
3.7990670833947524 3.8057479858398438
3.933453686664559 3.936043132435192
3.9577784384450605 3.8131078463881765
3.731170654296875 3.731170654296875
3.8264659534801138 3.892281272194602
4.203726291656494 4.1318380277450775
3.8137232893604343 3.777698238953849
4.047278362771739 4.047278362771739
3.779970948801101 3.76620452572601
4.133547147115071 3.9641323513454862
4.0187766335227275 4.0187766335227275
4.039920582490809 4.040091881385217
3.9648395885120737 3.9648395885120737
3.962479264768836 3.885196399137464
3.7933873263272373 3.7933873263272373
3.81880859375 3.783370126730456
4.16444561932538 4.031082653608478
3.9545522836538463 3.9583522251674106
3.6072301298515983 3.6072301298515983
3.897650920169454 3.879249936058408
3.8162452152797153 3.8162452152797153
3.7221891442123725 3.699250557053257
3.802425537109375 3.7425742409446023
3.9442644119262695 3.874942403444102
4.268505542309253 4.268505542309253
3.8354518081202653 3.8256214686802457
3.882715789365097 3.882715789365097
3.8938985971304088 3.916290283203125
3.8352545243275316 3.8370573624320654
3.8224201706220517 3.8224201706220517
3.875052688468216 3.875444144256844
3.8133318372168397 3.8133318372168397
4.009884970528739 4.009884970528739
4.078616593235223 3.9517049668710444
4.225237165178571 4.190864856426533
4.018043800636574 4.028508928087023
5.372164045061384 4.544718265533447
3.751621743907099 3.753338655685996
3.9004741098688935 3.944255535419171
3.991256912033279 3.9697429656982424
3.9425684611002603 3.9425684611002603
3.8300400677849264 3.824088541666667
3.3756728172302246 4.609673309326172
4.081326392389113 4.072573026021321
3.8423961729515255 3.8656292539654356
3.8366049233969157 3.830153932996616
3.9310525258382163 3.9310525258382163
3.8878757757541935 3.884515850360577
3.8920575459798177 3.919980003720238
3.7662428114149304 3.676886240641276
4.3339332642594 4.302348743785512
4.527966647677951 4.464733759562175
4.357283219047215 4.327533280222039
4.042044025577911 3.9240646362304688
3.9219110533248545 3.912152771556049
4.2545554421164775 4.34689271216299
3.9253267954631026 3.8502605935801633
3.8219378544734073 3.9212081081183383
3.960216739313389 3.917983136858259
4.076389681908392 4.006024549236406
3.9413186532479747 3.8863333425214215
4.13876225398137 4.079363751155074
4.045826272403493 4.045826272403493
4.602750142415364 4.143354034423828
3.8315130495557597 3.9508093756598397
4.231306711832683 4.184736663219976
4.089732578822544 4.078807057200612
3.8020572385926177 3.821986318424048
4.499478658040364 4.464393252418155
3.7442873747452445 3.7866366368643245
3.9453621658624387 3.9170750980883575
4.181786855061849 4.176812545112941
3.797590925886824 3.797590925886824
3.834786384728304 3.8498800089071086
4.418096754286024 4.418096754286024
3.904134875146028 3.904134875146028
3.8474931560578893 3.850629150390625
4.06093266805013 3.8683624267578125
4.049138666509272 4.076933850740131
4.2210009174962195 4.245520869387856
3.8104376541940788 3.6950781080457897
4.13189697265625 4.0106333606648
4.117317546497691 4.052327802104335
3.948615889115767 3.948615889115767
4.769520653618707 3.9715639197308086
4.12080190963104 4.083975724347933
3.7856346527276012 3.8221112569173177
4.128591156005859 4.094667733433735
3.884033470823054 3.8936836242675783
4.651297251383464 4.0699920654296875
3.938990770188053 3.9374549619613157
4.268086186161748 4.1667767479306175
3.6709660512958457 3.6709660512958457
4.07802194788836 4.001379173922252
3.814972617409446 3.8004558724416815
4.0853047431269776 4.0853047431269776
4.076045989990234 4.074020891957939
4.2915941126206345 4.2915941126206345
4.042727750890395 4.036837357741136
3.9307106213691907 3.928771781323472
3.9270494249131946 3.910439883961397
3.89144522244813 3.9009344362745098
3.9726480623570883 4.159325493706597
4.021134497414173 4.013863274444686
3.995037750699627 3.991598095414201
3.8928262987851046 3.8814571074795623
3.8971449908088234 4.079698597301136
3.9739660314611487 3.9933417825137867
3.93485396535773 3.93281009654307
4.328833262125651 4.047763692921605
3.9771967230902776 4.0490843968361805
3.9160377748550905 3.9160377748550905
3.8571993071457435 3.8571993071457435
3.814746997974537 3.8198463916778564
4.092869498512962 4.1097685314360115
3.9970590384902467 3.9970590384902467
3.963306706126143 3.937499370771585
3.9502190483940973 3.90672509765625
4.2711845397949215 3.8083093031397404
3.76251808656465 3.76251808656465
3.8731527617483428 3.8624962254574426
4.323780753395774 4.5226875467503325
3.9997578073055187 4.0293225740131575
3.8610093858506946 3.871392760613952
4.0247773866395695 4.0247773866395695
4.17011962890625 4.15208150572696
4.346735229492188 4.346735229492188
3.9088195130065246 3.8885381171043885
3.999586582183838 3.9789646415953426
3.7767533522385817 3.770450168185764
3.8748506986177884 3.807818551348825
3.8101357852711395 3.8755405970982144
3.8760330555050873 3.87567835420234
3.878819601876395 3.857108376242898
4.103927086139548 4.0650136978899845
4.032827269681151 4.027552856992713
4.440085856119792 4.178663773970171
3.847372808689024 3.828512006101355
3.7862438523625754 3.753986612955729
3.9781985399199695 3.9500739602481616
4.134390024038462 4.084367231889204
3.847063446044922 3.847063446044922
3.812506357828776 3.812506357828776
4.012706502278646 4.012706502278646
4.068429674421038 4.454718271891276
3.8609711496453536 3.8447395570816534
4.054670795641448 4.036345644936043
3.9954968965970554 3.978502790504527
3.842532866182383 3.842182248137718
4.016079538236789 4.016079538236789
3.8419029855896643 3.9043508598906764
3.9336062992844627 3.9336062992844627
4.029117682041266 4.029117682041266
3.860248524655578 3.860248524655578
3.8262462921958558 3.8224978798314146
3.7222743564181857 3.7284662155877974
3.676079902940124 3.717375255766369
3.883222626476753 3.8184030633223682
4.062447181114783 4.062447181114783
3.8594420030381946 3.8573985852693258
3.6659186376284247 3.6659186376284247
3.7509360815994537 3.7436333160034474
3.824939686764953 3.803253738968461
3.883222626476753 3.8184030633223682
3.7311520783797554 3.759034407766242
3.8069531122843423 3.8069531122843423
3.691167073957087 3.6941412257934845
3.983478414601293 3.9755319448617787
3.8583247861382683 3.8633196329333117
3.9026846334236818 3.8860029055748457
3.7329346338907876 3.7329346338907876
3.7770577017716533 3.7681349369517543
3.6879312534524935 3.6923140404929575
3.84807908391378 3.841319909256496
3.82117129043794 3.8094941696318068
3.7703056227992957 3.7675324943511255
3.8039009712837837 3.8039009712837837
3.5850425871792218 3.5823574313869724
3.96564459031628 3.9283052884615386
3.901411115916955 3.9007499733816013
3.6645249703630287 3.665576685254819
3.798364938343859 3.7999263368803877
3.905158031945941 3.852156377471654
3.819363680752841 3.8241613696435253
3.6716385271081973 3.65944664757531
3.809957013811384 3.8001679107025788
4.048213413783482 4.0660247802734375
3.798284092234142 3.7992776925223213
3.6640689408958855 3.6493732792834668
3.8678685063901157 3.8620135465407754
4.034122676639766 4.002090586786685
3.7993765694754464 3.738890617124496
3.708295412712696 3.7437677252782535
4.252765383039202 4.252765383039202
3.7955771781302787 3.7478747245592947
4.044189453125 4.049217605590821
3.796178283691406 3.735374183921547
3.7599318931842673 3.751211444983322
3.9981348673502604 3.9287706647600444
4.507233142852783 4.198097229003906
3.7479180542554724 3.7395052823153407
5.351585933140346 4.057777736497962
3.8357041501208564 3.8270802400550066
3.8157372725637337 3.869586651141827
3.635247507402974 3.6267784460267025
3.710783723112825 3.7159000462879335
3.904408222920186 3.904408222920186
3.875928497314453 3.763675048828125
4.5298397925592235 4.525564284551711
3.674136168204698 3.6819158738659272
4.21802480597245 4.2004859924316404
3.8407183195415295 3.838128858996976
3.786109851655506 3.7832585087528936
3.674217028495593 3.6543712313213046
3.8346214294433594 3.74893377245087
3.958719660726826 3.952909469604492
3.8308825546436096 3.8308825546436096
3.874542660183377 3.86196397755244
4.639626502990723 4.639626502990723
3.8591923213505246 3.858258391079837
4.123719381629874 4.123719381629874
3.97308349609375 3.9601293599830485
4.005950927734375 4.005950927734375
4.0006857479319855 4.028318767306171
3.7966419566761362 3.7966419566761362
4.197054429487749 4.038226466025075
3.957510768777073 3.956860947027439
4.146582659553079 4.288641027502112
3.5837744140625 3.5846142891125803
4.208275290096507 4.208275290096507
3.974283462915665 3.952548556857639
3.937554982082903 3.9083529717907934
4.229189486116977 4.030131946910512
3.862752480081993 3.843938974233774
4.00916001403216 4.009233582694575
3.735191650390625 3.735191650390625
4.073005676269531 4.050888986298532
3.955369082364169 3.955369082364169
4.0975830078125 4.08094242640904
3.937865645797164 3.937865645797164
3.6068438794239457 3.7304999168882977
4.057140551115337 4.0496385791633704
4.376547830146656 4.376547830146656
3.9086879432624113 3.9086879432624113
4.253195542555589 4.253195542555589
4.414984512329101 4.083864688873291
4.2873816396675855 4.155879974365234
3.6765034042786215 3.6455155757435582
4.259242057800293 4.19397207406851
3.7907986450195312 3.7907986450195312
3.927918454434009 3.927918454434009
4.9056846618652346 3.9731196913608287
4.096667289733887 4.084650094168527
3.9123673148777174 3.974152279596259
4.187308034589214 3.8588226318359373
3.748529266892818 3.748529266892818
4.464335759480794 4.055490112304687
4.036721300722948 4.036721300722948
3.656345086348684 3.649645746970663
3.936334463266226 3.9345452139310746
4.177697075737847 4.177697075737847
4.5014404296875 4.206605021158854
3.7545143127441407 3.7545143127441407
3.9458349054509942 3.9706411650686553
4.044726321571751 3.931804568268532
3.828860668425864 3.787830470763531
3.8817996978759766 3.8817996978759766
4.1151069641113285 4.058113685021033
3.828244882672491 3.8259489451739803
4.484825134277344 4.366603966915246
4.6630543795498935 4.128472720875459
3.8789477226061697 3.8143782842726934
3.8527886962890623 3.875304658534163
3.8957441850142045 3.8957441850142045
4.369193667457218 4.369193667457218
3.789754750777264 3.8110680213341346
3.97736255542652 3.97736255542652
4.0940843370225695 4.088978576660156
3.9973859644647853 3.926550636828785
4.139449790672019 4.139449790672019
4.150297164916992 4.150297164916992
3.764706293741862 3.720238607437884
3.972993232834507 3.920620930989583
4.041680018107097 4.0860450744628904
4.341581617082868 4.33464588838465
4.341581617082868 4.33464588838465
3.9397208473899146 3.8600899832589284
5.067835671561105 4.518002646309989
3.95177978515625 3.95177978515625
3.964456658614309 3.9620079627403846
4.0143890380859375 4.012492786754262
3.799365076525458 3.8170177936553955
4.983471263538707 4.983471263538707
4.5364178248814175 4.212322069251019
4.4966687654194075 4.501613332264459
5.051069736480713 5.051069736480713
3.8197828318974745 3.8590360514322914
4.217617034912109 4.217617034912109
3.861776231210443 3.861776231210443
4.191455417209202 3.990513483683268
3.936102294921875 3.9301800494427446
4.017431640625 3.9770793673358384
3.9798690647754853 3.966807527362176
4.381166934967041 4.204305521647135
4.38937724720348 4.269034774215133
3.9795360779494384 3.966758445457176
4.435727241711739 4.435727241711739
3.8681562315742926 3.8681562315742926
3.862253259729456 3.8229359944661456
4.000126342773438 4.000126342773438
4.102581351143973 4.119733174641927
3.758198005922379 3.7527887253534224
3.929779815673828 3.888003879123264
3.7779618326822915 3.7208248599544986
3.7139286350559546 3.7630389045266543
5.383174472384983 5.383174472384983
4.940027124741498 4.379448106553819
3.9055957794189453 3.9055957794189453
4.555268096923828 3.973448408410904
3.9182273171164774 3.9354394113915596
3.960785288869599 3.955087207612537
3.763718006222747 3.763718006222747
4.322797648111979 4.322797648111979
4.179789225260417 4.0439899151141825
3.9173437047887734 3.8800197056361605
4.163968939530222 4.033152803461602
3.80500701289849 3.80500701289849
4.172031860351563 3.987789466732838
3.8330176943824403 3.8135444096156528
3.838893345424107 3.92645510002102
3.7189038594563804 3.81538913124486
3.8187168666294644 3.8327687087568263
3.867215936834162 3.867215936834162
4.016717139710772 4.003656760933473
3.7627651408567266 3.7815183609250993
3.8997469016973922 3.8997469016973922
3.746199619622878 3.7434555516098484
3.9730010399451623 3.938164403883077
3.7934976393176663 3.780178572780402
3.8202397772606385 3.8227911126123715
3.580002466837565 3.5225972321073886
5.351585933140346 4.283678327287946
3.7821258699833438 3.7307847764756943
6.67034912109375 5.32229471206665
4.133552551269531 3.915722722592561
3.7397446852463943 3.7187110413896276
3.7688771163801293 3.771410133406433
3.915768535816727 3.9140022507041308
3.724245441493703 3.7321714513442097
3.893136296247571 3.893136296247571
3.7135609683827457 3.7395708238756336
3.7672292671951593 3.7580174037388394
3.712119293212891 3.724306824386761
3.885589816046099 3.843824252960788
3.609819784931753 3.6061165945870535
3.9405402026130156 3.9056599934895835
4.312074661254883 4.042798064475836
4.017685646234557 4.017685646234557
3.8142332096689757 3.8173223757276347
3.6262053139189367 3.619217529296875
3.7833825379504002 3.7655045253778594
4.059388078962054 4.038699099892064
4.047751829796231 4.005302166116649
3.6791598412298385 3.6667779660692403
4.077148001534598 3.8688732328869047
4.032338584341654 3.9657069214987097
4.031303583189499 4.031303583189499
3.9884985127580275 3.9884985127580275
4.06176031203497 3.970280511038644
4.7915526496039496 3.955483829273897
3.844743616440717 3.9459136634744625
3.921849250793457 3.921849250793457
3.842851803626543 3.842851803626543
3.761299679955218 3.761299679955218
3.9076836768617023 3.876325653820503
3.8842827292049633 3.7394568703391333
3.9097591090846704 3.7812676547972623
3.9755447189529223 3.8701810541841173
3.9878443887788957 3.9227534947770364
3.8439002990722657 3.8458233787899925
3.877031202440138 3.780636565853851
3.7086349188112746 3.706817795558529
3.8460251380657327 3.811482883939807
3.8695313988662345 3.843185521994427
3.8260553800142727 3.826243323737411
5.089426040649414 3.9570684018342392
3.926989041841947 3.868707953559028
3.955346309777462 3.9851203813944776
4.497399139404297 4.497399139404297
4.077461768840921 3.9542826334635417
3.690987065153302 3.6887640183971775
3.9181337098817566 3.8419894514412714
3.8522701663570804 3.8406203635014835
3.8739542302726204 3.8610175128890436
4.13315605394768 3.790144156146523
4.078534545898438 4.123821531023298
4.198101467556423 4.202976307970412
4.060491027832032 3.7518092564174106
3.7654031289590373 3.76419653481995
3.883435417624081 3.842340362205934
3.7032918461033555 3.7032918461033555
3.8207146631528253 3.8207146631528253
4.796991136338976 4.233362688337054
3.8263649388363485 3.8263649388363485
4.1423335355870865 4.041108410767834
4.075423530910326 3.9852665028673537
3.8789337902534298 3.870013738082627
3.851140887920673 3.8332330245005934
3.8780484486775224 3.8780484486775224
3.9991981869652156 3.9991981869652156
3.6529778374565973 3.6877631645698052
3.902463492700609 3.877294114798554
3.772224048576733 3.771500331903595
3.98637420055913 3.98637420055913
3.8264633814493814 3.8264633814493814
3.7302435267041303 3.7274916664848115
3.900633591871995 3.900633591871995
4.320365116514009 4.242904250686233
3.807389831542969 3.7660109576056984
4.0091633796691895 3.9473729626885774
3.9341179100242822 3.9623362867138052
3.9043906353889626 3.8960956908668933
4.145263317019441 4.148371096010561
3.881069377317267 3.8082087218997036
3.8898539371627696 3.8898539371627696
3.9401124198481723 3.9409266880580356
3.990510728624132 3.9917574564615887
3.7426292665543093 3.662715989716199
3.7575894692786656 3.7575894692786656
3.8134350983992866 3.8337128468048878
4.038020663791233 3.9893175397600444
3.797746077827785 3.7764966388081396
3.8280479891988257 3.8412071181221243
4.620812359978171 4.620812359978171
3.884130859375 3.8763140190972223
4.70457108815511 4.62120361328125
5.057539621988933 4.700503758021763
4.020677224183694 4.020677224183694
4.025669828374335 3.958495124937996
3.9242731529896653 3.8993889441856973
4.093184204101562 4.0653954621787385
4.096893310546875 4.055175325763759
4.154088020324707 4.065100658899066
3.9408517317338423 3.914960900131537
3.7738673354640153 3.7738673354640153
4.817281087239583 4.675857861836751
4.06950093932071 4.095009045723157
4.039317626953125 3.9398461801034435
3.7500404035541375 3.7500404035541375
4.028518097310126 4.028518097310126
3.947632468426166 3.943451006185733
5.0868589227849785 5.0868589227849785
3.9066984215561225 3.9043524713799505
3.911887790845788 3.900384097175802
3.9936161586216516 3.94498541416266
4.015981550696942 4.001490605341924
4.1146697998046875 3.811025898108322
4.2595458257766 4.2595458257766
4.002088126489672 4.002088126489672
4.052676246279762 4.030987180512527
4.114056587219238 4.037649301382212
4.080577392578125 4.078606838650174
3.7205290923247465 3.7205290923247465
3.7631360505756577 3.7631360505756577
3.8945611317952475 3.8945611317952475
3.91445654296875 3.9263973236083984
3.870127551960495 3.8809835499730605
3.786310330243178 3.8047642861643145
4.310746443899054 4.291720435732887
3.959622500987535 3.959349198774858
4.026164027622768 3.975958506266276
5.411989212036133 4.823748368483323
4.0400890481883085 4.0400890481883085
4.30750983101981 4.1634267171223955
3.791323201040204 3.791323201040204
4.6467466001157405 4.6467466001157405
3.7722834995814734 3.766325096635453
3.8770974200704824 4.016329956054688
4.120218658447266 4.027609204489087
4.133238886443662 4.133238886443662
3.9948877262163767 4.041530936104911
4.298703069272249 4.248548360971304
3.8839537838855422 3.8839537838855422
3.919487875016009 3.9240268497016486
4.029156024639423 4.089359794076033
3.8574034303099243 3.859600108156922
3.828657781798704 3.828657781798704
3.8822352632563164 3.9084250971956074
3.773142397982403 3.7780851236979167
3.9916656494140623 3.9060934315557065
3.818217422022964 3.803084221439085
3.898151563561481 3.861424037388393
3.832779947916667 3.8267243483970903
3.816602672230114 3.816602672230114
4.282680969238282 4.282680969238282
3.899195671081543 3.9017571343315973
3.9274080064561634 3.9274080064561634
4.006101989746094 3.9041563789799527
5.50031008039202 5.036039352416992
3.956447056361607 3.9325173588122353
4.7145435333251955 4.394810267857143
4.345872012051669 4.2716973752391585
3.985777869591346 3.9823648789349724
4.032333850860596 3.7787895698051948
4.1159718831380205 4.0867507522170605
3.850250562032064 3.848886817392677
4.3109995524088545 4.3109995524088545
3.815051317214966 3.7606633218486656
4.671551132202149 4.86393173881199
3.9417927005748057 3.9311146638831316
4.828265380859375 4.071442887589738
3.8637422020755596 3.8963517083062067
4.667518214175575 4.491114581072772
4.152723039899554 4.248732554761669
4.052104568481445 4.020989022603849
3.875047084263393 3.8621057897180946
3.770675890373461 3.7694463315217392
4.862108503069196 4.507635228774127
4.04146886754919 4.090875244140625
3.89056466639727 3.9382971997530953
3.8859975337982178 3.89769141353778
3.8451477760492367 3.8451477760492367
3.9122467041015625 3.9335560739776234
4.0633963308026715 4.25127802668391
3.9116995334625244 3.958977381388346
3.9427314653788526 3.91636771209969
3.996979009909708 3.85223876953125
3.7881929154829543 3.8279461101726726
3.986071995326451 3.977252197265625
3.9590506242148242 3.9357377594592524
3.912370642837213 3.8979452315287375
4.799946376255581 4.8484039306640625
4.065968831380208 4.046392381805735
4.033562485052615 4.033562485052615
4.076014005220854 4.03518061052289
4.172289396587171 4.1439335520674545
3.9213971738462097 3.9213971738462097
4.27572978626598 4.352018640396443
4.140906838809743 4.110019683837891
4.634540557861328 4.078419404871323
4.432984246148004 4.432984246148004
3.918391704559326 4.1542510986328125
3.9561486956716956 3.9433335126456566
4.022606826410061 4.022606826410061
4.216752052307129 4.216752052307129
3.7319752461201436 3.698857691380885
3.781396254053656 3.7544065265986273
4.198109346277573 4.071594991801698
4.431538508488582 4.278984578450521
3.956394270354626 3.919698682882018
4.043502971690188 3.95228604917173
4.010488510131836 4.010488510131836
3.87488451871005 3.87488451871005
4.109578450520833 4.081416538783482
3.9367407373635164 3.9367407373635164
3.9046107365534857 3.8567770253057065
3.7825991821289064 3.7825991821289064
3.8548402052659254 3.8481488523230087
3.948192596435547 4.003762522051411
4.056040700276693 4.056040700276693
4.108905650951244 4.108905650951244
3.9028305486146255 3.89641552734375
3.827362945114357 3.800641801622179
4.051889490198206 4.027975785104852
3.918219430106027 3.872549678502458
4.098084704710706 4.098084704710706
3.905249508944425 3.905249508944425
3.954879379272461 3.7904669867621528
4.2060984949911795 4.2060984949911795
4.089731718364515 4.172057442043139
4.165155930952593 4.165155930952593
3.796299525669643 3.798490567971732
4.1241903866038605 4.073299474883497
3.8757495880126953 3.8757495880126953
4.2269492635921555 4.2269492635921555
4.07159848756428 4.07159848756428
4.491102430555555 4.165587955050999
4.211668650309245 4.211668650309245
4.225004973234953 4.274940892269737
4.269468307495117 4.086511484781901
3.91091233856824 3.9051746758889028
3.8794323149181547 3.876758093121408
3.8663205233487217 3.869784932740977
3.8133616727941178 3.8755745565084587
4.025165603821536 3.948093630232901
4.228982025722288 4.228982025722288
4.219361352138832 4.0680730065634085
3.8715470377604166 3.8692194729915506
3.744552414138596 3.7609931900656437
3.598386526107788 3.701366271972656
4.007621510823568 4.007621510823568
4.134296296772204 4.137812200582252
3.9915116743607952 3.9915116743607952
4.003284543059593 4.074200439453125
3.777154696189751 3.777154696189751
4.0111756143690664 4.032937315088757
3.9852527618408202 3.9852527618408202
3.8011123557495914 3.772931729143823
5.114752633231027 5.114752633231027
3.683643840921336 3.683643840921336
3.833241455078125 3.8324127197265625
4.2027290889195035 4.196473746464171
3.9140465146019343 3.9140465146019343
3.750327722350163 3.7647879887553093
4.336853952118845 4.305293820938974
3.90374755859375 3.883979404095522
4.043198752537959 4.041939827391339
4.330078818581321 4.2304369338015295
3.8496528293775474 3.8496528293775474
3.8382887620192307 3.8382887620192307
4.159708340962728 4.159708340962728
3.957109344671972 3.954335282488567
4.09817725491811 4.15242217307867
3.8408881293402777 3.907358603902382
4.045940823025173 4.04884521484375
3.9728181061921295 4.079741379310345
3.9757400140529726 3.972256435437149
3.8202827716695853 3.725231492375753
4.403419017791748 4.123668046431108
3.847770756126469 3.8324302335090823
3.922391173660114 4.0401135612936585
4.053372760151708 3.9339962365492336
4.389571788699128 4.380409240722656
3.7650455013736264 3.852135809536638
3.97882326187626 3.97882326187626
3.83069200205889 3.8259664395960367
3.8911944580078126 3.872804641723633
3.8264069733796298 3.823873998911958
3.846263916015625 3.826125877490942
3.7748814702550053 3.770790556557158
3.7211006608589616 3.694223423196812
4.602750142415364 4.143354034423828
3.8259101535962974 3.8259101535962974
3.8728416240320795 3.8728416240320795
4.006461056795987 3.934326171875
3.8575999980070153 3.8249662825204793
4.0684347713694855 3.7894722360079407
3.7750665838068183 3.7795578224071558
4.204188823699951 4.221149117606027
3.8140375237715873 3.8140375237715873
4.298449883094201 4.203144953801082
3.6525683735692223 3.6525683735692223
3.9007489604334675 3.9007489604334675
3.9874571385404987 3.982569062660751
3.873301416234585 3.8681798215772285
3.843548544092116 3.8325086052035107
3.9594170986077724 3.9594170986077724
3.8195504853219697 3.7785886681598164
3.8461345804148706 3.84971923828125
3.9669734873670213 3.9669734873670213
4.000873912464488 4.016402977100317
4.039916522686298 3.9916956974909854
3.920311084692029 3.912209250710227
3.8133870692340874 3.784444785979857
3.8223431299603177 3.816632439108456
3.8198074029416453 3.8076619115369073
4.015497698102679 3.7821970972521552
4.00640869140625 4.007222856794085
3.9748766217912945 4.018467355281748
3.8304018887606532 3.8304018887606532
3.8877675909745064 3.8345729943477744
3.836642026901245 3.836197246204723
3.9965469360351564 3.9564545300542093
3.982293915330318 4.009558359781901
3.8742649078369142 3.8456622852998623
4.006756666229992 3.8741522396312043
4.778138594193892 4.4953178992638225
3.7207539876302085 3.7207539876302085
3.713111055814303 3.7535552978515625
4.1333148662860575 4.168593215942383
3.8112956264562774 3.7934826634777807
4.03915522648738 3.905593692555147
3.8839030505315355 3.8839030505315355
4.06989676492256 4.090250015258789
3.756167325106534 3.745533384125808
4.090838142995084 4.058297051323785
3.9706830836054103 4.0079461592662184
4.075499385236258 4.075499385236258
4.6435546875 4.087764892578125
3.9922978564946336 4.027728893138744
4.575755310058594 4.010295391082764
3.880774929098887 3.8634049265008223
3.903736393626143 3.870599639549684
3.809985569545201 3.89208322201135
3.820820803364749 3.8211981455485025
4.253901481628418 4.253901481628418
3.8942702952823693 3.8821660748886875
3.8240060806274414 3.8126952559859664
4.360236216399629 4.360236216399629
3.6954434712727866 3.6954434712727866
4.122773996988932 3.842800086652729
4.102251264784071 4.089619376442649
4.287442720853365 4.0568247365427546
4.213162231445312 4.213162231445312
3.994654655456543 3.994654655456543
4.047452973156441 3.9882530356353185
5.183630807059152 5.183630807059152
3.772230503922802 3.7657880640741603
4.796991136338976 4.006674667884564
3.8731224646935094 3.9185898025314527
3.5660027398003473 3.6680892685712396
4.190337698800223 4.008173987978981
3.968503952026367 3.9635252042581106
3.9369765655903874 3.8876636323474703
4.0086320780091365 3.992362218958731
4.018251018759645 4.018251018759645
5.065323420933315 5.065323420933315
3.893678735803675 3.894494418440194
3.9583530251039276 3.9499230635793587
3.7150843466481853 3.764663806064523
3.83471982698914 3.8158439127604167
4.460598945617676 4.24933096078726
4.310761260986328 4.310761260986328
3.637526046398074 3.6538946601781954
3.7874230777516082 3.7874230777516082
3.947311237294187 3.9694264379040947
3.8401061053051375 3.8231755770169773
5.317980448404948 4.7793468899197045
3.9121720672193154 3.8902043386119036
3.9547796416700933 3.9223827239005797
4.141173553466797 4.141173553466797
3.946859699406036 3.906836205786401
4.126317563264267 4.166579912293632
4.116315607439008 4.093715980404713
3.7738873268658426 3.770166770699098
3.7685065470950705 3.7685065470950705
4.109701489645337 4.0439040834540565
3.951405564399615 3.886256970857319
4.567831559614702 4.423846774631077
3.7118901791779892 3.7118901791779892
3.894543834568299 3.8947584364149304
