4.637555236816406 4.798530033656529
4.1310830418067646 3.938394359081467
4.0639565207741475 4.051874222293977
3.833798495205966 3.8850992609945574
3.867354874758376 3.8880929129464286
3.7018500434027777 3.6577676185091637
3.7656104678199407 3.7737627301897323
4.5650027348445015 4.267233530680339
4.905795506068638 4.3455648983226105
4.20243968134341 4.031189427231297
3.978819031646286 3.978819031646286
3.829368730024858 3.874626806226827
3.9831014911780196 3.9239947670384456
4.242855495876736 4.188987096150716
4.037795592691297 3.985652043269231
3.889535614938447 3.9522120588916843
4.020352681477864 4.141222967617754
3.9566172006967903 3.9320257127899483
4.310068766276042 4.078204704733456
3.879026605841819 3.8608096375757333
4.458336257934571 4.458336257934571
4.415367974175347 4.371161324637277
3.9039260576356134 3.9201498592601105
5.096019199916294 4.368568420410156
4.0766349792480465 4.0766349792480465
4.687875167183254 4.629544807202889
3.968781904740767 3.910498046875
4.0325469970703125 3.9170921588766165
3.9018028522359915 3.879176363031915
4.242995198567709 4.050610888135302
3.9677321899971463 3.889788371760671
3.891352550524501 3.8635097079806857
4.205204930798761 4.1669878791360295
4.035345638499541 4.0169827029001794
4.815568923950195 4.49272836957659
3.880196944527004 3.931401179387019
3.9917186015361064 3.991797036682533
4.399219989776611 4.351785278320312
4.193198962089343 4.112655029296875
3.7240777015686035 3.4751461029052733
3.834824456108941 3.7894114958934293
4.027718313116776 3.9811107707473465
4.025539398193359 3.989407203311012
4.218481063842773 4.406477791922433
4.19293703351702 3.9213095272288605
4.2156806358924275 3.7780372132646276
3.994179035055226 4.031502262238534
4.507236480712891 4.456770411077535
3.9534206703060963 3.9534206703060963
3.794695253725405 3.714351769649621
3.9316030649038463 3.9130298029767334
4.024481201171875 3.922438794513081
3.96085205078125 3.9189239501953126
3.8590516589936756 3.887820250235948
3.9780558710512905 3.9780558710512905
4.027591387430827 4.207275390625
3.997135707310268 3.9556104442741296
4.237493515014648 4.116543516820791
3.324953079223633 3.7962364986025054
3.973056369357639 3.861880201790201
3.792045865740095 3.7107432190801055
3.9648395885120737 3.9648395885120737
3.817637703635476 3.887192589896066
4.2147626876831055 3.9633146343809185
4.069798189051011 3.904111457593513
3.8404935440927184 3.8500272310697117
3.961497099503227 3.9020200635566087
3.8418345731847428 3.802672837496785
4.020283860426683 4.018037999950865
3.8644796835409627 3.865203130812872
3.912567643094654 3.894291532212409
3.7600512283260814 3.761388059522285
3.960299557202483 3.960299557202483
4.128638634314904 4.012309400341179
4.128327026367187 4.128327026367187
4.118830126385356 3.9830756909919507
4.686473592122396 4.686473592122396
4.078264508928571 4.08517197431144
4.397418212890625 4.336420458416606
4.053632581556165 4.049270787189916
4.1149720085991754 3.99963164747807
3.86010011852297 3.7513962689568014
3.855585734049479 3.805483357290204
3.9306863924352133 3.9131687305591725
3.8106010437011717 3.845697802166606
3.958614492774906 3.9581460391773895
4.093570762956646 3.988928783899066
3.772568838936942 3.784802028111049
4.202461525245949 4.202645791543497
3.9235834778591805 3.9235834778591805
3.9381627902178695 4.037211608886719
4.0548822312127974 4.028124260179924
3.82483569995777 3.8593129998610425
3.8434461510699727 3.978264283598139
4.496853168194111 3.9011408319536423
3.906830139160156 3.785624736064189
3.866563337562728 3.8615677573464136
3.8742260932922363 3.8829781668526784
4.007187236439098 3.8993807000628973
4.363426997743804 3.834770796826324
4.110164312668789 4.150719099147345
3.914393781179405 3.9656049355693246
3.8935726534935737 3.787198426293545
3.894622039794922 3.894622039794922
4.327154862253289 4.327154862253289
4.041589624741498 4.041589624741498
3.8940912465580175 3.8426748657226564
3.8872448956524885 3.8553618102514444
4.024454870889353 3.953017308161809
3.8409843893612132 3.7886742984547332
3.8966711920660897 3.8485370212131076
3.851144169153792 3.8555109360638786
4.414129403921274 4.307965959821429
4.147306037671639 3.9421591251454453
3.9453833795362905 3.923586712203212
3.9324644576671512 3.93321298021789
4.119152069091797 3.9811144536084466
4.409827096121652 3.910758418077863
3.955199291087963 3.9335273293887867
3.631699738679109 3.610750675201416
3.8278195175094223 3.810922083151768
3.7769569074603875 3.7957535560684974
3.9995504399781585 3.9815838923219773
4.433207702636719 4.297160936438519
3.9356563313802084 3.8990264067778715
3.8786540985107423 3.94644511829723
3.7030360630580357 3.778309604577851
3.8673519971894055 3.8730123666616585
3.986178534371512 3.9383299780673666
3.908932247677365 3.9718108000578702
3.767092921152836 3.7712766280085406
4.068977124763258 4.068977124763258
3.7328200722760694 3.732231381064967
4.593361854553223 3.862830363528829
3.862918300483063 3.85231201171875
4.042305452277861 3.956497491574755
3.850619802167339 3.9050779796781994
5.081213814871652 3.8673936275013707
3.808695338716443 3.7766660748106062
3.9873423856847428 3.9027390637934603
3.778183334983439 3.8026822127959803
3.7440083821614585 3.7440083821614585
4.449723868534483 4.316855982730263
3.8786810216769365 3.801449550671524
4.128907662850839 4.158803484081167
3.781588504188939 3.7660632466160973
3.824434453790838 3.7812272741439497
3.814164313717165 3.8338498397612235
4.067854447798296 3.970234164231115
3.7997669643825955 4.021340353447094
4.0408907376802885 4.027630276150173
3.8777959914434526 3.9005511793266816
3.8188130648968093 3.8140738747336647
3.8658657982235862 3.86358712733477
4.716010093688965 4.175528164567618
3.874662126813616 3.8275718688964844
3.9176794850928154 3.9176794850928154
4.038466453552246 3.793358311508641
3.8983235441880417 3.8856218511408027
4.551292419433594 3.9077461861275338
4.007103769402755 3.958665092036409
3.813793182373047 3.7893458775111606
3.7895975047144397 3.7895975047144397
4.005794949001736 3.917581795087827
4.141928536551339 4.140109252929688
3.914760847033167 3.880558313948385
4.642697652180989 4.285205547626202
4.240289660467618 4.052944146313713
3.7881266276041665 3.7881266276041665
3.761027117473323 3.7685854929798053
4.470337717156661 4.404367006742037
4.080076624135502 3.959682389801624
3.980810685591264 4.107902263772899
4.174204776161595 3.981088349313447
4.092693583170573 4.110693729285038
3.7017179790296053 3.6730287422254246
4.281007893880209 4.201111764618845
4.112826616336138 3.9045035226004465
3.9577815129206733 3.9577815129206733
3.85482982010347 3.859053762335526
4.1245868389423075 4.055277948794157
3.908696820659022 3.709618411847015
3.810393427459287 3.789948152240954
3.941582478268046 3.923573261982686
3.960071729577106 3.9355169558057597
3.9838663736979165 3.9157319245515048
3.822237507680829 3.8541078729144598
3.5818356721297553 3.592192237056903
3.9730765745811856 3.9444398109957297
3.7669113159179686 3.7669113159179686
3.903878620692662 3.849932414729421
3.9720077514648438 3.952347203304893
4.073285225110176 4.04755098525792
4.505893162318638 4.20539304945204
4.030065089096258 3.9842976485148514
3.7918715533088236 3.8199626086229945
3.722859983091001 3.7439192432468222
3.9570591703374336 4.024658784412202
4.101304931640625 3.9514092036655972
4.286554294162326 4.268988161670919
3.9286610739571706 3.985524368286133
3.928439213679387 3.8930387609145223
4.086427168412642 4.058924674987793
3.7554510207403276 3.730144406153151
3.7812894623855065 3.8535614013671875
3.834576105667373 3.7890487842345504
4.246451377868652 3.9915470796472885
4.0771567604758525 4.0699938605813415
3.637655084783381 3.6734425799446817
3.995404985215929 3.921102205912272
3.946479239114901 3.8822141794057994
4.12504145304362 3.9631742350260417
4.012889292048312 3.9965234099134888
4.061819076538086 4.0092789933488175
3.8930307115827287 3.896436528344849
3.9312786395733172 3.9692804041043135
3.7381535972036968 3.7381535972036968
4.184297834123884 3.7845894235079407
4.176426344651443 4.229941231863839
4.16138916015625 3.8277766301081733
3.8825769701439317 3.862393873565051
5.003301767202524 4.749801272437686
4.142112731933594 3.8879489092759685
3.8954256497896633 3.8771304296067925
4.100675048828125 3.938048236137998
3.5856460259885203 3.7951675042873476
3.8332806755514706 3.8188803852468296
3.8564557527240955 3.820426609205163
4.100482240015147 4.030239105224609
3.780541441494361 3.767189754801951
4.075111025855655 4.038353135850694
4.984258924211774 3.8619724818638392
3.9027238068757235 3.8862888269257128
4.18467873021176 4.044668024236506
3.7756357421875 3.7825509451486012
3.782488787615741 3.7786184842469264
4.18849622286283 4.144807703354779
3.87818972269694 3.905144708806818
3.9174506664276123 4.041928609212239
3.8018759525183476 3.863998825485642
3.8581743240356445 3.6779744466145834
3.805916680230035 3.7810079823369565
4.248600886418269 3.8849775206367925
4.033471584320068 3.9586148943219865
3.8924952915736606 3.8477672230113638
4.066677599068147 3.9697606542088963
3.843919951340248 3.81594518713049
4.856907367706299 4.720053421823602
3.898544594093605 3.9010117848714194
3.964849057404891 3.964849057404891
4.1045337253146705 4.113950376157407
3.6065542097571943 3.6065542097571943
4.2030112974105345 4.140755353655134
3.701594935825893 3.754192930279356
3.893716845992049 3.8874887084960936
4.084501242335839 4.085463031969573
4.468484358354048 4.087019123014857
3.9496203869372817 3.9073841807606455
4.099787332925452 4.099787332925452
3.937406751844618 3.937406751844618
3.93202887641059 3.905568359375
3.842623171599015 3.8851173037574407
4.0687263997395835 3.9884945097423734
4.017230107234075 4.006349207991261
3.884393443231997 3.8890398381429425
3.6709597955935847 3.671470442367474
5.185074700249566 4.682176069779829
4.17761094229562 4.004673924939386
5.197205679757254 4.652080535888672
4.40348232493681 4.510597648201408
4.3200768103966345 4.105434711162861
4.250504604605741 4.220755058422423
4.144783020019531 4.01392921241554
3.76262724448624 3.72453504505724
4.119919947574013 4.034232528121383
3.8910973182091344 3.8148753199084053
3.9002438499813987 3.871376953125
3.967891417827803 3.898370131006781
4.336057662963867 4.073368120797073
4.3584375 4.292547437879774
4.060919510690789 4.2880637428977275
4.303914896647135 4.227569188827124
3.9396916902982273 3.891117533699411
4.5989555196559175 4.551447448730468
4.1584209241365135 4.1316229372608415
3.8087443780461583 3.785349111087987
3.8679267883300783 3.9486336844308036
4.546387263706753 4.784686279296875
4.009799109564887 3.9983732096354165
4.325523376464844 4.143162937029033
4.043369293212891 4.079375790878081
4.0503100226907165 3.9822801378038193
3.9353794195713143 3.899494039601293
3.8854001673256477 3.8450054988682827
4.4288679758707685 4.265859533239294
3.933212627064098 3.9067343139648436
4.13668087550572 4.1243812807144655
3.7700827619154675 3.7760112173605287
5.466690911187066 4.07012448992048
4.199465019758358 4.0427241605870865
3.7437176174587674 3.7767142018964215
3.8314950125558034 3.8711165144636825
4.103411506204044 3.9762070973714194
3.772041903409091 3.762169375662076
3.8258016711083527 3.749068859011628
3.725351490693934 3.7194939438177617
3.8929628433719756 3.8468571713096216
3.805951599681049 3.8168462616166257
3.778768464336245 3.8026290678642165
3.813178745567376 3.755774395282452
3.760115559895833 3.764870714785448
3.829678005642361 3.7965118794501582
3.824509933531991 3.8437967865309233
4.045699671695107 3.9466685169147997
3.9735447565714517 3.89123320243728
3.9038619995117188 3.7990198471966914
3.9707369486490887 3.9680557250976562
3.897906596434183 3.8961190705252164
4.046138161107113 3.8964883422851564
4.025091873972039 3.8822933658138736
3.999869537353516 3.8255906325120193
4.034750295239825 3.9945801927450115
4.077539171491351 3.74727941442419
4.274471537272135 3.8669714618929856
3.83445113332648 3.83445113332648
3.889778561062283 3.803630697316137
3.6729559129284275 3.6765508096684854
3.774313376767792 3.7452430462015087
3.899373503654234 3.8486495245070684
3.7711720784505207 3.756737439385776
3.9520290081317606 3.9101945356889205
3.8356142679850262 3.7614322088461005
3.9842156944034985 3.9446793048702484
3.7926960232891616 3.8269207175007933
4.153639889834972 3.981561154735332
4.0522511800130205 3.9743002358969157
3.66216425932655 3.7987949613890897
4.049383768221227 4.035044930197976
4.281222207205636 4.331559573902803
3.8964507335752954 3.8655872613611355
3.7711653532805265 3.783913352272727
3.993262062610035 4.000173169513081
3.961823448768029 3.961823448768029
3.7873980952244177 3.842945264733356
3.982579231262207 3.982579231262207
4.365621713491587 3.9000016177993224
4.048526052701271 4.067488485307836
3.8853323800223216 3.9310656561367754
3.91442188463713 3.798210343070652
3.756607380319149 3.7729571053151334
4.306752373190487 4.035891532897949
4.115823783126532 3.8613978256413968
3.730347978307846 3.7121926737572863
4.066487413771609 4.04862142346569
3.815187023532006 3.8275252750941684
3.8264753861860794 3.8498101485402962
3.7922463338883197 3.8162884051983172
3.7711285709785427 3.7887621893399004
3.9326364402002936 3.882803080994406
3.7139997543043393 3.7267343547487037
3.733097924126519 3.6802765732511467
3.6518504267153533 3.6886691185735887
3.7053419682017545 3.7005980667794587
4.104731020720108 3.785788464902052
3.8983606302513265 3.8874190194266185
3.6836398377710458 3.6836398377710458
3.866424560546875 3.8305948697603664
4.014651925223214 3.705448695591518
3.8424789008744265 3.8490172924638606
3.9935135751400352 4.003475189208984
3.896258544921875 3.8499823350172777
3.7921921502976192 3.7759972451555677
3.7591846394089035 3.725822323658427
3.913448311941964 3.8868096923828124
3.745114968039773 3.7343082871547963
3.7140693924053996 3.713784574258207
3.7376547420726105 3.7398783953892702
3.7661041259765624 3.766079989346591
4.002651552610759 3.873224182128906
4.116383579799107 3.8741677773965373
4.012704966019611 3.7902528211805557
4.281222207205636 4.06232811422909
3.988987972861842 4.0485956101190474
3.6820808785860657 3.690333938598633
3.8336759177587365 3.8465717372609607
3.7644556732691496 3.753406605821975
3.750963338216146 3.7491642121345765
3.9651632869944855 3.7120930064808237
3.775689866807726 3.7936732816380383
3.846031494140625 3.7464243936881743
4.013213641826923 4.000712334355222
3.850109450483092 3.83438003272341
3.9866440883902614 3.9492400033133372
3.8317152454007055 3.801249798079182
3.7287483389519123 3.7278212327223557
3.733393351236979 3.733393351236979
4.128837456137447 4.115302044412364
4.257926940917969 4.194539277449898
3.9628140196508292 3.837504945952317
3.8764747554420405 3.844852992466518
3.9538277073910364 3.9350759983062744
4.0199364295372595 3.8727070410646984
4.002541242327009 3.943680849942294
4.1265380859375 4.0644485741330865
4.038322299134498 3.957518748747997
3.9788841247558593 3.7042811075846354
3.59997439694095 3.6661301556755514
3.8166356136924344 3.841389131263868
4.982861518859863 4.436051559448242
3.626511913234905 3.767526590599204
3.786647251674107 3.760156656901042
3.8403486772017046 3.834808894566127
3.6268111827761627 3.680998034354968
4.0509324815538195 4.0473183079769735
3.61441704778388 3.762076864437181
3.8825584234193316 3.7119482239680504
3.835505167643229 3.832466819069602
3.8659332737778174 3.798015418419471
4.138045247395834 4.015969919603925
3.8526962280273436 3.6631229481798537
4.023861885070801 3.792560831705729
3.9143004441624365 3.900933607569281
4.086809624565972 4.01298828125
3.970962717563291 3.9480447404371586
3.9813464936755953 3.822629447605299
4.175682449340821 3.9479289438532685
3.8056129455566405 3.8322859700520833
4.008022308349609 3.918076798722551
4.121738743137669 3.8618195946536846
4.256433977399554 4.02545166015625
4.239345296223958 4.065526993548284
3.866185199783509 3.821722215221774
3.902803594415838 3.8155042405096475
3.9289800470525567 3.8847700841894977
3.6094122247381524 3.6017946789612125
4.083649746207303 4.073910346397986
3.5772645531631095 3.7192201356630066
4.267914280746922 4.029762599779212
3.836922385475852 3.8462704940580985
4.082059074850643 3.8922528887128496
3.9093427156147205 3.8980431782334386
3.878389684165396 3.7954480401400863
3.744056662932265 3.7484467605064653
3.657776995403011 3.6751361715382544
4.034721706224524 3.9739645498770253
3.897193838696961 3.837156913649868
4.308339287252987 4.1476496378580725
4.0682489304315474 3.9904432060304753
4.034504239521329 4.012849353608631
3.628674382748811 3.783842606977983
3.819441441127232 3.8469945514012895
3.9863761739527925 3.8985305341702063
3.865581901705995 3.8764594825538428
3.6126445423473013 3.712424538352273
3.9275564093338815 3.9418468290162316
3.8977324387122847 3.891186604011964
3.887250460111178 3.757056041113658
3.9729383515148626 3.8163996050434728
4.151352753510347 4.124769819543717
3.9279550405649037 3.9110579580630898
3.960150741949314 3.867510919985564
3.8497892107282365 3.8013260690789474
3.663753396213645 3.747018987482244
3.8652390979585194 3.8774276518485915
3.8698272705078125 3.9547303397700473
3.8804858814586294 3.909165665910051
3.8270305926983172 3.8324110243055554
3.8620707936530567 3.8594558412665565
3.754076789407169 3.798873488967483
4.298998151506696 3.879035313924154
3.9599193226207388 3.9648200988769533
3.917230471216067 3.8168853759765624
3.8173996143126754 3.852243661880493
4.187592961237981 3.819233205058787
3.8395771387204602 3.8169728506982854
3.864332658531022 3.8637597000838926
3.853023147583008 3.83998382478337
3.704424277119253 3.729270578544831
3.9218650028623383 3.88113205521195
3.790552520751953 3.765949032170986
3.829724370216837 3.8272078711506925
3.8400552797833933 3.8090255783126876
3.7287933791893115 3.705786468785837
3.707066429985894 3.676875852188974
3.8923478111094254 3.895414475957741
3.9373664303102354 3.807288715857586
3.892847333635603 4.02765851702009
3.7539437430245535 3.792292491930751
4.071305031000182 3.8647166496545227
3.9320186268199575 3.82800178527832
3.923893773278525 3.96905517578125
3.8675947999642566 3.8231675889756946
3.83111321864984 3.8112667452904487
3.7022647857666016 3.6535237630208335
3.932746491608796 3.9254657041679306
3.766525403588219 3.840675027961405
3.7782759893508184 3.800654820033482
3.9678769198330968 3.9817838373872423
4.0609127114886885 4.036232255144817
4.1494159120501894 4.195798104269462
3.9326330114293984 3.9326330114293984
3.928972278941761 3.830316108569764
4.214552762215598 3.7869723490531872
3.5805809714577417 3.8227005004882812
3.9425721399992417 3.818555046530331
3.8706152964446505 3.844747243833936
3.775522668377247 3.7538028401174364
3.7409848913682247 3.7292641336603682
3.877523321854441 3.8346572002577863
3.7463160726279696 3.766815689969654
4.0174308776855465 3.972261265345982
4.421271221454327 4.26582134894605
3.758784963123834 3.7463080223570477
3.7328953213161893 3.7469964027404785
3.8195102857506793 3.8188854016755758
3.80024853515625 3.8590146821120688
3.7962168465673396 3.780285594909172
4.224935091458834 4.099783820074958
3.986643096547068 3.992934163411458
3.7991473628025427 3.7991473628025427
3.809825832560911 3.791056229978426
4.020260749979222 3.9759072815345613
5.396157073974609 5.114437103271484
3.8367903999660324 3.8150236485368114
3.7842819030026353 3.8102525983537947
4.6311235427856445 4.020943705240885
3.7635761607776987 3.896171776024071
4.508053461710612 4.45823187577097
4.465602874755859 4.401560349897905
3.887974771221032 3.876038874542364
4.234988005264945 4.234988005264945
5.218139171600342 5.218139171600342
3.8484838385331 3.8185691833496094
4.037157431416128 3.9663993929639276
4.000744906338778 4.100229197535022
4.6554038307883525 4.402778080531529
4.148652787642045 4.087005615234375
3.7621013362233233 3.7817945934477306
3.8531639099121096 3.8672515124809452
3.764484969429348 3.7651300690053504
3.8428211480798855 3.8448094396686874
3.780405303578318 3.8571585107037403
3.8275319879705254 3.890276563036573
4.983040414205411 4.548035621643066
4.103213198550113 4.084892406798246
4.0514768942808495 4.002131758065059
3.890839937200957 3.8305398470188283
4.043581028988487 3.875978531376008
3.9571619807062923 3.9059062387751435
4.212771097819011 4.2177683512369795
4.239500756357231 3.941578306000808
4.085799871706495 3.857090141937023
3.9838386697972075 3.9579290771484374
3.7822115714089914 3.8009131973709804
3.8817963471283785 3.873974508490444
3.8466460129310347 3.8880098383477395
4.046815254318882 3.969451532131288
5.333023548126221 4.842306518554688
4.031857429666722 4.013815638530685
3.9420569408899064 3.8993582677359533
3.8866085889862805 3.866294704224707
4.244950294494629 4.244950294494629
3.8319152161315246 3.8458984375
4.107364361102764 4.06172513961792
3.7425150190080916 3.7922435760498048
3.725933959152525 3.7628153138241527
3.9402764892578124 3.8217484323601973
3.8017089212895674 3.817462853540348
3.8640131653591805 3.8512242027517063
4.302567481994629 3.958323576012436
4.838696797688802 4.762687683105469
3.9115177154541017 3.9538565457722785
4.076977411905925 4.114746556137547
3.920387036872633 3.835939732993521
4.336969712201287 4.010034960369731
3.8753910508266713 3.7554693603515625
3.961048054245283 3.9595465409128288
3.830897013346354 3.811997601775085
4.152851756026105 4.140118767233456
3.860543502004523 3.7318269536736306
4.121903115130485 4.059595326908299
4.3553619384765625 3.8564469186883223
4.1614488575556505 4.039652624795603
4.138611566452753 4.138611566452753
3.9006514916053185 4.019601311482174
4.299026925223214 4.202337395654966
4.036179504394531 4.036179504394531
3.8240327722886027 3.8012903147730333
3.8999297313201122 3.9361256059393823
3.928410919619278 3.8058339386737994
5.164913940429687 4.521454620361328
4.352605749059607 3.972876115278764
3.8929707736255015 3.8929707736255015
4.087491584546639 4.068077516020014
3.8249183654785157 3.7959102085658483
4.084263756161644 4.035806884765625
3.923883056640625 3.982539914688974
4.385738597196691 4.412471570466694
3.783923105093149 3.7377194263896003
4.018330891927083 4.02254099085711
3.883280038833618 3.9905555138221156
4.2545728181537825 4.231639515269887
5.335302734375 5.335302734375
3.7501326851222827 3.66101289131272
3.8124312789351853 3.835007249263295
3.863280166535688 3.919579781297492
3.9380685691065436 3.9473562966494424
4.031585004992951 3.98232632341056
3.9280500961223823 3.9167348175800494
3.912585206292755 3.862878329512002
3.7615510315454306 3.769364345220872
4.077211507161459 4.023054156387062
4.180743328936688 4.180743328936688
4.099987433938419 4.002762451171875
4.519244474523208 4.314846801757812
3.851711257749241 3.8605027198791504
4.0849187096884085 4.026785573651714
3.8272896624626 3.8272640661073547
4.151500115027795 4.128015753928195
4.147022192028985 4.233155785537347
3.971139675233422 3.971139675233422
3.9619644407242065 3.9527361320726797
3.9158061634410513 3.918198271425898
3.77369125246063 3.8210594846491226
3.8824127197265623 3.89097653902494
3.8422466957405823 3.902101565630008
4.652174682617187 4.5434624456590225
3.7563785415097892 3.7782881453230575
3.8141342689251077 3.7953811730752443
3.8368213129978552 3.784035915798611
3.9232181125217016 3.8894705823672715
4.031437762769829 4.025074442879099
3.989585813062673 3.9756718849649233
3.8717008891858553 3.9279395351890756
3.922169108967205 3.893395765772406
4.284067153930664 4.120974222819011
4.150136990017361 4.08270361328125
3.997703065263464 3.997703065263464
3.993891629305753 4.00194787979126
4.763701756795247 4.534273965018136
4.046503240411932 3.972863644969707
3.8574928077491553 3.887272596359253
3.797772216796875 3.81218230912362
3.803196442432893 3.872777795278898
3.8543400254360467 3.8458465050006736
3.7686012620192306 3.764152340772675
3.9371596827651514 3.936673963392103
4.017443640757415 3.9444357518991713
3.89208984375 3.9040191027582907
3.844225001634414 3.849918504475582
3.7815890066964286 3.757616626973055
4.729810078938802 4.2274322509765625
4.525837580362956 4.046298933617862
3.976654052734375 3.9290068776983964
4.031434413364956 4.031434413364956
4.068944074105525 4.03843267709931
3.82631585536859 4.011861253821332
4.131772219479739 4.065784962972005
3.915408470517113 3.8439153943743025
3.962520980834961 4.036913123497596
3.752284090283891 3.755342049434267
3.8190174102783203 3.8854775308560923
4.10631073498335 4.111869388156467
4.700608389718192 4.614839935302735
4.229688807896205 4.229688807896205
3.9244119980755974 3.9844854181463067
4.6709546540912825 4.479375319047407
3.6938793705958948 3.7066690196161685
4.065756661551339 3.8625258441749475
4.942988804408482 4.767270174893466
3.9809311897523942 3.941625147690008
3.966238310842803 3.933819299456717
3.6669677734375 3.7772211557805795
3.91855818502019 3.8379445929276317
3.810415611107479 3.809025283687371
3.886653846418354 3.870224670794025
4.076602224576271 4.045066775256441
3.81024169921875 3.7285018428679435
3.8909891419491527 3.8760643398638854
3.957525365492877 3.9206592124580535
3.7675544738769533 3.823066431814463
3.8753662109375 3.870973869289518
3.823754154034515 3.7749813079833983
3.9230487880422107 3.9621652456430287
3.9492366624915083 3.8577496664864674
3.654382978166853 3.6656148274739584
4.052166312081473 3.885028371137314
4.862602027686867 4.052753751240079
4.222301528033088 4.165153240335399
3.6863572666410764 3.6871247725053267
3.6893260035021553 3.714811747782939
5.665685176849365 4.29800771077474
4.197403907775879 4.00239024442785
3.8225391315964035 3.825957412019782
3.7458853673453283 3.74557373046875
3.9697687249434623 3.9703183717365507
4.05172408254523 3.9459788994102625
3.83449462890625 3.8866456893296935
3.9702886537063953 4.012461648058536
3.959096908569336 3.931608550402583
3.787060905905331 3.7169764421988223
3.7818873955951475 3.900617430196006
3.883912901947464 3.902818653681507
4.423561497738487 4.435125518263432
4.692015075683594 3.948302677699498
3.940956971703506 3.9575619093715884
3.838918685913086 4.024422351224922
3.9168101107136586 3.901026961827042
3.7904979359019886 3.865319228753811
4.177041493291441 4.197571215986395
4.0073822699652775 4.0508451021634615
3.8687666310559985 3.884068775762078
3.8522714825184172 3.886187533674569
3.9863372517523366 3.9426982350593067
4.056497269317884 3.985078985040838
4.79068120320638 4.270017078944615
3.7878308977399553 3.8268644913383154
3.7083956810735885 3.760154351128472
4.374567576817104 4.04295123991419
4.441214071737753 4.335882568359375
3.993424881336301 3.979526829075169
4.126432844736044 4.035789891293175
4.22352809532016 4.39588385113215
3.898932428643255 3.9014307082508486
3.8252521250982703 3.891404203312126
4.218009948730469 4.051853603786892
4.214626996945112 4.419052956321023
3.9406695895724826 4.125274969606983
3.96851079604205 3.9673477172851563
4.246431138780382 4.211435546875
4.036091680112093 4.009165713661595
3.7175848661963617 3.7478301379145407
3.9227230834960936 3.968971761067708
4.070754542495266 4.191248040450247
3.8766889299665177 3.8980743794501582
4.101940631866455 3.854955037434896
3.9248343331473214 3.8019156319754464
4.168225665425146 4.23244554169324
3.946871888403799 4.059369405110677
3.780349287014563 3.765252535460425
3.721922744660688 3.736499927662037
4.211787122361203 4.202783548607017
4.230524503267729 3.919234566066576
4.152726440429688 3.8834058973524304
3.7692241904176313 3.742900217611959
4.073673468975981 4.04537840812437
4.114320658021054 4.024139404296875
3.690601642315204 3.6742331521552907
3.77525968924581 3.7721041165865383
3.655106471135066 3.727500491672092
3.9082691486065206 3.807326402121443
4.058625793457031 3.8098297119140625
3.9342033289655856 3.8635406494140625
3.883420557007754 3.815041613222948
3.8290739407504564 3.831839175207213
3.8606413727873687 3.746455301765267
3.8969183493786907 3.82754737210561
3.75579833984375 3.7553263721378167
3.8150784378264277 3.825918097245066
4.820272619074041 4.144931499774639
3.803848628184242 3.790907029981737
3.7863230324961656 3.789881694747741
3.676970401052701 3.6231219579303073
3.7559423714040596 3.721352483993186
4.224626064300537 3.9586919148763022
3.9448155583562077 3.9555939056061127
3.7661490440368652 3.7093306176456404
3.6702098846435547 4.03422737121582
3.7525702582465277 3.740742617433176
3.3702381981743708 3.942095243013822
3.854871152052239 3.8152139429102605
3.9100667317708333 3.776241968548487
3.7664543855274824 3.8080961583024364
3.871107646397182 3.8839216965895433
3.8023810686383928 3.8040072302303405
3.8122848510742187 3.8151364569369974
3.761617503446691 3.7595175324584083
3.893451182047526 3.9582501035748106
3.7254936695098877 3.8527999151320684
4.0366261800130205 3.9838505165249694
3.9205062453811235 3.9205062453811235
4.045616412984914 4.045616412984914
4.14517997972893 4.21950969290226
3.8668021177634215 3.8462403850790894
3.6367046077076983 3.8626087535511364
3.7952138073039503 3.9333855927880133
3.5792926788330077 3.702708824008119
4.054268165870949 4.152711756089154
4.486605557528409 4.381514231363933
3.755659773543074 3.9055618585324754
4.295174525334285 4.211284768992457
4.564809972589666 4.5540533447265625
4.524827575683593 4.4415571104805425
4.2832563127790175 4.242473445526541
4.064127141779119 4.064127141779119
4.760229671702666 4.760229671702666
3.7103051906678735 3.7281709150834517
3.678059785262398 3.911908038250812
4.177549882368608 4.068733215332031
4.034564063662574 4.197269361846301
4.11626742748504 4.056882934570313
4.097048737281977 4.036749134893003
4.162290351335392 4.094295004139775
3.9534735107421874 3.9230769895157724
4.013348666104403 3.969635009765625
4.2190778459821425 4.2190778459821425
3.9153386896306817 3.971843324858567
4.719930860731337 4.719930860731337
4.165250911269077 4.088294982910156
4.259617805480957 4.206769441303454
4.287682397024972 4.287682397024972
4.107662353515625 4.054901123046875
4.502047025240385 4.408024379185268
4.553525599037728 4.441230773925781
4.345755386352539 4.255145050758539
4.074283946644176 4.046350751604352
4.109151472125137 4.049513075086805
3.9690625 3.869876637178309
3.9088909149169924 3.8448388987574083
4.120791527532762 4.067573429987981
4.210547054515166 4.138419486380912
4.116666158040364 4.068219053979013
4.012443210767663 4.012443210767663
4.36961046854655 4.37493975409146
3.9651358032226565 3.928782058974444
4.367803573608398 4.367803573608398
3.878567805055712 4.004635823567709
3.9819480202414774 4.038632689403887
4.043066795836103 4.038899070338199
4.194385782877604 3.9139065829190343
3.9503461052389706 3.8960561002238414
3.6892076764787944 3.698336181640625
3.6901290481154985 3.6936653185190647
3.9289301091974433 3.908107212611607
3.739983558654785 3.9272479195880075
5.010593959263393 4.816839599609375
3.945101548999136 3.903861519340035
3.948233127593994 3.9416695840703615
4.64019775390625 4.05784762635523
4.136131286621094 4.014373779296875
4.128084564208985 4.197341003417969
3.9553490915606098 3.8779178248677506
3.8202676924448165 3.8147176106770835
3.8277285828882333 3.810921652275219
3.9360379819516784 3.8673217244994587
4.039785053915606 3.9979224700093923
3.7888263408954326 3.801848018870634
4.010628896216824 3.9631231689453124
4.011800982994948 4.004420015000806
4.148390875922309 4.148390875922309
4.166902669270834 3.9355615234375
4.190456208728609 4.190456208728609
4.10338623046875 4.10338623046875
3.7962299693714487 3.8432761863425924
3.7809065697898325 3.7899086519798137
4.323711170869715 4.292970545151654
4.098293528837316 4.05940929594494
4.0012655106801835 4.0713249944871475
3.997072281376008 3.9832878279373634
4.5555925369262695 4.744811534881592
3.9367911598899146 3.958656603224734
3.8417667537540585 3.842584906684028
3.894901098794495 3.8779152395644627
4.337711515880766 4.324573625837053
4.5928713890814015 4.568315448183002
3.8769679478236605 3.6146332556460083
3.7530401320684526 3.77303956046937
3.6633804469432647 3.7198207014698093
3.777463420896038 3.793102680224378
3.658628610464243 3.700527222688533
3.8833667652027026 3.872580277292352
3.9218579541455516 3.910030431914748
3.9124253398240216 3.998676152192345
3.7279867553710937 3.79099413001019
4.572129821777343 3.8556961646446815
3.778031947249073 3.7166279063505283
3.849374482125947 3.777802400074559
3.9144029041264683 3.8190402560763888
3.8256979237432067 3.8022559913429053
3.9228176159805126 3.9115887810202206
3.8999104982445596 3.8999104982445596
3.9066003870081016 3.8863337897007764
3.9571478815362005 3.9606118883405412
3.814973731489547 3.8333082629788304
3.9427163480508205 3.8682929447719028
4.118195632408405 4.2109832763671875
3.7710062977699303 3.741993183992347
4.091326731555867 3.9520166015625
3.981962415907118 4.15161247253418
3.854534991375812 3.852188905474566
3.825588813194862 3.825588813194862
3.9823685985500528 3.9611076586174243
3.8734984433740602 3.883616056373651
4.032153042879972 3.8343043137973827
3.767222854326356 3.791170392717634
3.917634041078629 3.838387100784867
3.9008340956289556 3.855260970744681
3.8599413358248196 4.015114866657021
3.5660796066810345 3.6113225911458335
4.029603115347928 4.017529955097273
4.0749697004045755 3.8204550170898437
3.852568347044665 3.7971016305391907
3.806056179034365 3.797841077933282
3.9536618684467517 3.954973255504261
3.8880317211151123 3.897841958438649
3.6841888427734375 3.6156154725609757
4.7575578689575195 4.519174402410334
3.6273705824366154 3.7497100830078125
3.773553721110026 3.7740108831142023
3.770509992327009 3.7250535753038196
4.1290350090967465 4.106011199951172
3.7030110078699447 3.727902339054988
3.8284313884002485 3.8190707912692776
3.877700064946147 4.028868039449056
3.7716816941352738 3.7761679256663605
3.7928585889862805 3.79302000388121
3.840273649796196 3.892707449490907
3.8131293755073052 3.7863711004387843
4.663379322398793 4.29365873336792
3.808805465698242 3.744171142578125
3.8057211714181287 3.787721695438508
3.8669843401227677 3.836391761654713
3.805793002570346 3.7737575433193107
3.793034340018657 3.7856133734429633
3.8380426260141225 3.8067337121377443
3.897408298714451 3.842686201886433
4.097420902575477 4.043605804443359
3.730886529416454 3.762223148112775
3.7603391691018606 3.793016567351712
3.7570062452746975 3.7521956714231575
3.8680272744902484 3.8541092218137254
3.8749160766601562 3.9446934291294644
3.737400770187378 3.767392724976504
3.866206118935033 3.9100747108459473
3.8019947908362566 3.7409929933801163
3.738623222095544 3.7091455459594727
3.8251842588890255 3.7923226789994673
4.0293394576671515 4.037435780400815
3.831832109871557 3.824869563070576
3.8241913228095332 3.8446434310719937
3.6480358417217547 3.6555312554709385
3.708697883450255 3.6757985342920354
3.824885956228596 3.8219785188373767
3.791204645770237 3.7730401980852037
3.9860536074308754 3.9158042250879554
3.792338965719591 3.792338965719591
3.771361320249496 3.7563327696265243
3.864656934551164 3.9249923706054686
3.822731526692708 3.822731526692708
3.8375449667171555 3.793777081144958
3.957810251336349 3.874436442057292
3.9029833244554926 3.8737486537101335
4.263762223093133 4.2820887247721355
3.872261394153942 3.8195037841796875
3.813968988112461 3.800208551966729
3.773297450339147 3.793362110018534
3.8066977457875595 3.8056489777655655
3.8786307887027136 3.753782535642887
4.155478704543341 4.0233550629058445
3.802192211151123 3.6730915705362954
4.2326202392578125 4.101343883167614
4.553311157226562 3.9272820154825845
3.8593985817649146 3.849448701255342
3.7165613308758805 3.731940401517428
3.762105415962838 3.791209989381068
4.50643606746898 4.184185981750488
4.246514303642407 4.077203509451329
4.222373962402344 4.129803018832425
3.9475829342761672 3.9231702227925145
4.198177256482713 4.122392223727319
3.85261040764886 3.8206496294806986
4.440313657124837 4.083137045101243
4.948290143694196 4.259579064711085
3.556578605405746 3.62148717931799
3.6328666618278436 3.6862566779641543
3.929901123046875 3.930881301373667
3.9356985473632813 3.9788411458333335
3.9972478693181817 3.9525717373551994
3.955228805541992 3.946599527994792
4.321339677019817 3.951412894509055
4.260505111129196 4.260505111129196
3.8334353976779516 3.7398045590049342
4.038656277126736 4.023174326906922
3.9934346268816694 3.9871091171049735
3.9046913920969204 3.8875553385416666
4.125421363187123 4.052561678627665
4.017047512915827 3.981380838743398
3.8928375244140625 3.81143095055405
3.7698599679129465 3.7749263640372983
3.8386946244673297 3.847071479348575
4.637930552164714 3.9283432870540977
3.9698417154947916 3.976658460828993
3.8443450927734375 3.827740636365167
3.526585732736895 3.515446024729793
4.862753924201517 4.6237404115738405
3.9911536139410897 3.8822517903645832
3.9338490114373674 3.9240321640140756
4.103005289029674 4.103005289029674
3.8618404612821693 3.9594821085972067
4.220025531316208 4.1604707779422885
3.9924150631751543 3.888176037016369
4.691796983991351 4.691796983991351
4.456329345703125 4.450025177001953
4.136496407645089 4.103959990710747
5.009148597717285 4.002679443359375
3.8045501708984375 3.815615505642361
3.9323753500884435 3.9289344200721152
5.1524505615234375 5.1524505615234375
3.872705569212464 3.9280129528920584
5.637250264485677 4.69580078125
3.940494852854793 3.9419443637509888
3.940417249055835 3.949337830835459
4.961628595987956 4.008131818073552
4.3833160400390625 4.394694551508477
3.8027109473642677 3.9596744732265057
3.940164902630974 4.082163492838542
4.177482604980469 3.9563951214540354
3.776692064502571 3.762448518172554
3.948805491129557 3.9168138691023286
3.9017116001674106 3.9104071723090277
3.812095199092742 3.884870826299466
3.8489693089535364 3.7591519137041285
4.093415069580078 4.072186787923177
4.316864455955616 4.216449523239993
3.9648395885120737 3.772493215707632
4.073511297052557 4.067414881819386
3.9654059159128288 3.950248994022967
3.8443160711550246 3.8386397141676682
3.9648395885120737 3.772493215707632
3.8544150166127875 3.846318171574519
4.397208031187666 4.032964487544826
3.864115534601985 3.8892859941647377
4.046062180091595 4.071121142811752
4.081507581345578 4.096295050854953
4.0862998046875 4.028020502446772
3.686070033482143 3.673014738121811
4.020235162032278 4.005995840396521
3.8985224609375 3.8985224609375
3.822777514187795 3.775032891167535
4.219969976515997 3.9249660350658275
4.26122494961353 4.0743323692908655
3.8311423443733377 3.748353746202257
4.0636677802363526 4.054252151894358
4.013841663707386 3.855271402994792
3.838505712048761 3.890643636688931
3.845839606391059 3.7894343784877234
3.956873779296875 3.9202289003314394
3.797701055353338 3.763249715169271
4.042295786727398 4.036849426708633
3.7732941309611 3.7528654529202368
3.9805007934570313 3.7724942807798034
4.824066508900035 3.921461861088591
4.060856183369954 3.8582093870484986
4.097641338001598 4.044549495615858
3.901457842658548 3.8726981026785716
3.8313756223584785 3.8749614042394303
3.766566610743857 3.80394594361182
3.890107702036373 3.8102274855522262
4.489043172200521 3.7771140573105373
4.082099187941778 3.8755899273467898
3.729251437717014 3.723603450890743
3.590052286783854 3.572685546875
4.034070466694079 3.8814283098493303
3.69288503811154 3.709709032685512
4.074570126003689 4.077591545837747
3.9234882429534315 3.928999219621931
4.038653233254602 4.006263284122243
3.8589665147124745 3.9439328321770057
3.804532258406929 3.7949202430439506
4.035838112902286 3.983453566028226
4.267203436957465 4.061935837204392
4.419770921979632 4.5654878358583195
3.8797181652438257 3.854116385323661
3.844548651512633 3.901896406964558
4.833261217389788 4.20549577985491
4.11406750149197 4.045313662574404
3.744381534352022 3.739057094896611
3.6890384375803755 3.6967547657043953
3.927773848823879 3.8901831179249045
3.926398213704427 3.874212158203125
3.836544189453125 3.9049523197003264
3.7197887279369213 3.714159786339962
3.8022062882133154 3.781271639737216
3.9358109839168596 3.8501439775739397
4.191221237182617 4.191221237182617
4.033831047289299 3.8957466712364783
3.7446380615234376 3.805788907137784
3.939800963109853 3.775484976289574
3.9323808319714604 3.866085119414748
3.860720740424262 3.9212389292207153
3.8664626747753488 3.8394639756944446
4.008446554535801 3.9511731360569473
4.366130135276101 4.120105489095052
3.913476318359375 3.9886761351719797
4.731830396150288 4.081200641134511
4.000408313892506 4.129934376683728
4.58741215297154 4.3445912236752715
3.7196048389781606 3.744344271146334
3.9462324662642048 3.8753746619591345
4.531336270845854 4.288093138276861
5.185074700249566 5.185074700249566
5.185074700249566 5.185074700249566
4.476265355160362 4.4476444895674545
3.9933929443359375 3.941292434442239
4.528459760877821 4.059932909513774
4.376742045084636 4.132510445334694
4.1636810302734375 4.1636810302734375
4.127021985176282 4.127021985176282
3.842410925662879 3.8286528251540495
3.6935975045868843 3.7451259068080356
4.186597322162829 4.123382229275173
3.9522149973902208 3.9483937495896795
4.147236558257556 4.0598253223994005
3.8828522925283395 3.8828522925283395
3.9648395885120737 3.772493215707632
4.2363443682270665 4.167519234322213
3.874174558199369 3.874174558199369
4.056067330496652 4.125482540319462
4.418068225567158 4.3214211765723896
4.6352150656960225 4.256797225387008
3.852384896113955 3.8253797258649556
4.662814670138889 4.662814670138889
4.591411336263021 4.236024506238042
4.03933394582648 4.171466573079427
4.6352150656960225 4.653184436616444
4.271561593720407 4.180265204851017
4.050120035807292 3.9081887637867645
4.013616388494318 3.8151803016662598
3.882204328264509 3.73988388523911
4.04551025390625 4.022362493699597
4.096163613455636 4.302059173583984
4.2047849382672995 4.1678904657778535
3.559194564819336 3.5033944936899037
4.2148583984375 4.15022118411847
5.685067858014788 5.033734639485677
4.3270703125 3.8537408929122123
3.690089331732856 3.7504230075412326
4.0185190836588545 4.010975748697916
3.9416103675717213 3.980034351348877
5.206404685974121 4.723941326141357
5.185074700249566 4.682176069779829
4.38946533203125 3.939195394515991
3.8631465657552084 3.818979295633607
3.8962992121664324 3.8212499885915596
3.597310512880736 3.576695124308268
4.0355987548828125 3.793162552351804
4.257628591437089 4.09194138470818
4.254053592681885 4.188580467587426
4.183731926812066 4.183731926812066
4.3270703125 4.265076153094952
4.470589229038784 4.460930347442627
4.470589229038784 4.5307926851160385
5.287484910753038 5.287484910753038
5.185074700249566 5.185074700249566
3.9365303733132104 3.970540488638529
4.377119584517046 4.424850781758626
4.3270703125 4.345571744239937
3.9846421983506946 3.979434411502579
4.1517860658707155 4.15198784905511
3.914335771040483 3.9263057708740234
3.746382849557059 3.716794642006479
4.256899665383732 4.354351287192487
4.04078052662037 3.993236582766297
4.549741956922743 4.40003182547433
4.535571758563702 4.282613900991587
3.661107556573276 3.6687356197472774
3.9222560784755607 3.9568209561434657
4.68739145452326 4.595412254333496
4.332818521035684 4.193913667098336
4.211723327636719 4.179509819878472
4.132983071463449 4.089089009299207
3.9060297426970108 3.941661330888856
3.8053129013270546 3.780700427143514
4.124137878417969 4.096994717915853
4.314357478444169 4.270088195800781
4.748488108317058 4.27907210129958
3.887642373844069 3.8431644762976696
3.8451073829163898 3.9732358317729854
3.8425523711413874 3.8313671192089163
3.900761922200521 4.030497233072917
3.9255260120738638 4.001291038876488
4.166276235429067 4.07446523813101
3.994108356413294 3.897060775756836
4.470589229038784 4.460930347442627
4.00354912940492 4.008090417361954
3.954910690720017 3.752348092886118
4.0824914747668855 3.999327314660904
3.9544876282473647 3.9544876282473647
4.290202840169271 4.647914057192595
3.9499742296006946 3.890328658254523
4.53759765625 4.209404780946929
4.255923958711846 4.210645121912802
4.130120510525174 3.994849626408067
4.4141923384232955 4.33358907699585
4.129705864086485 4.14346540466813
4.080657958984375 4.011681692940848
4.109551094673775 4.079684787326389
4.714151382446289 4.714151382446289
5.313516616821289 4.609319586502878
4.6011702219645185 4.154191641971983
4.949936760796441 4.820746285574777
3.8282995050603694 3.834517002105713
3.940128999597886 3.8908823050704657
3.8373277452256946 3.8425810927644783
5.206404685974121 4.41531464547822
3.7695910479571366 3.8070068359375
3.78407351175944 3.8295767647879466
4.873935699462891 4.873935699462891
3.8769679478236605 3.6146332556460083
3.7530401320684526 3.77303956046937
3.658628610464243 3.700527222688533
3.8833667652027026 3.872580277292352
3.6633804469432647 3.7198207014698093
3.777463420896038 3.793102680224378
3.658628610464243 3.700527222688533
4.572129821777343 3.8556961646446815
3.778031947249073 3.7166279063505283
3.857795079549154 3.789307925575658
3.849374482125947 3.777802400074559
3.9144029041264683 3.8190402560763888
3.8256979237432067 3.8022559913429053
3.9228176159805126 3.9589131673177085
3.8999104982445596 3.8999104982445596
3.9066003870081016 3.8863337897007764
3.9571478815362005 3.9606118883405412
3.814973731489547 3.8333082629788304
3.9427163480508205 3.8682929447719028
4.118195632408405 4.2109832763671875
3.7710062977699303 3.741993183992347
4.091326731555867 3.9520166015625
3.981962415907118 4.15161247253418
3.854534991375812 3.852188905474566
3.825588813194862 3.825588813194862
3.9008340956289556 3.855260970744681
4.029603115347928 4.017529955097273
3.7413674450795584 3.7274671282087053
3.7913565635681152 3.767824872108541
3.852568347044665 3.7971016305391907
3.806056179034365 3.797841077933282
3.9536618684467517 3.954973255504261
3.8880317211151123 3.897841958438649
3.696849101298564 3.684629997320935
3.6841888427734375 3.6156154725609757
4.7575578689575195 4.519174402410334
3.6273705824366154 3.7497100830078125
3.773553721110026 3.7740108831142023
3.770509992327009 3.7250535753038196
4.1290350090967465 4.106011199951172
3.7030110078699447 3.727902339054988
3.8284313884002485 3.8190707912692776
3.7716816941352738 3.7761679256663605
3.7928585889862805 3.79302000388121
3.840273649796196 3.892707449490907
3.808805465698242 3.744171142578125
3.8057211714181287 3.787721695438508
3.912955017089844 3.8814218881967903
3.8246646278782896 3.857478146436738
4.097420902575477 4.043605804443359
3.730886529416454 3.762223148112775
3.7570062452746975 3.7521956714231575
3.8680272744902484 3.8541092218137254
3.8749160766601562 3.9446934291294644
3.737400770187378 3.767392724976504
3.866206118935033 3.9100747108459473
3.8019947908362566 3.7409929933801163
3.738623222095544 3.7091455459594727
4.0293394576671515 4.037435780400815
3.831832109871557 3.824869563070576
3.8241913228095332 3.8446434310719937
3.6480358417217547 3.6555312554709385
3.708697883450255 3.6757985342920354
3.824885956228596 3.8219785188373767
3.775693040397299 3.7959225042079523
3.791204645770237 3.7730401980852037
3.9860536074308754 3.9158042250879554
3.792338965719591 3.792338965719591
3.864656934551164 3.9249923706054686
3.822731526692708 3.822731526692708
3.8375449667171555 3.793777081144958
3.957810251336349 3.874436442057292
3.9029833244554926 3.8737486537101335
4.263762223093133 4.2820887247721355
3.872261394153942 3.8195037841796875
4.553311157226562 3.9272820154825845
3.826908762862043 3.817855031866776
3.8593985817649146 3.849448701255342
3.762105415962838 3.791209989381068
4.50643606746898 4.184185981750488
3.83111321864984 3.8112667452904487
3.7022647857666016 3.6535237630208335
3.932746491608796 3.9254657041679306
3.766525403588219 3.840675027961405
3.7782759893508184 3.800654820033482
3.9321061567826705 3.953758423271048
4.051132482985046 4.028776438643293
4.111098780776516 4.163683171857867
3.9326330114293984 3.9326330114293984
3.928972278941761 3.789525082236842
4.214552762215598 3.7869723490531872
3.9843667013603343 3.9482006072998046
3.5805809714577417 3.8227005004882812
3.8995041337985437 3.784602573939732
3.8706152964446505 3.844747243833936
3.7936334425403224 3.7538028401174364
3.7409848913682247 3.724131892277644
3.877523321854441 3.809291235926978
3.7463160726279696 3.7592488438629905
3.830615997314453 3.9066741943359373
3.813968988112461 3.800208551966729
3.773297450339147 3.793362110018534
3.8066977457875595 3.8056489777655655
3.8786307887027136 3.753782535642887
4.219969976515997 3.9249660350658275
4.26122494961353 4.0743323692908655
4.0636677802363526 4.054252151894358
4.013841663707386 3.855271402994792
3.838505712048761 3.890643636688931
3.845839606391059 3.7894343784877234
4.063109422093116 4.032881638099408
4.070104845335563 4.063762417800135
3.7732941309611 3.7528654529202368
3.9805007934570313 3.7724942807798034
4.824066508900035 3.921461861088591
4.060856183369954 3.8582093870484986
4.097641338001598 4.044549495615858
3.901457842658548 3.8726981026785716
3.8313756223584785 3.8749614042394303
3.766566610743857 3.80394594361182
3.890107702036373 3.8102274855522262
4.082099187941778 3.8755899273467898
3.729251437717014 3.723603450890743
3.590052286783854 3.572685546875
4.034070466694079 3.8814283098493303
3.69288503811154 3.709709032685512
3.982345993454392 4.068824207715395
3.889390394422743 3.8697629834784837
3.9234882429534315 3.928999219621931
4.08099980317345 4.046298435756138
3.8589665147124745 3.9439328321770057
3.804532258406929 3.7949202430439506
4.035838112902286 3.983453566028226
4.202966478135851 4.041778564453125
4.52617427280971 4.656839319177576
3.8797181652438257 3.854116385323661
3.844548651512633 3.901896406964558
4.833261217389788 4.20549577985491
4.11406750149197 4.045313662574404
3.744381534352022 3.739057094896611
3.6890384375803755 3.6967547657043953
3.836544189453125 3.9049523197003264
3.7197887279369213 3.714159786339962
3.8022062882133154 3.781271639737216
3.9358109839168596 3.8501439775739397
4.191221237182617 4.191221237182617
4.033831047289299 3.8957466712364783
3.7446380615234376 3.805788907137784
3.9380431443117976 3.9316347475405093
3.9323808319714604 3.866085119414748
3.8664626747753488 3.8394639756944446
3.913476318359375 3.9886761351719797
4.246514303642407 4.077203509451329
3.9475829342761672 3.9231702227925145
4.198177256482713 4.122392223727319
3.85261040764886 3.8206496294806986
4.440313657124837 4.083137045101243
4.948290143694196 4.259579064711085
3.556578605405746 3.62148717931799
3.6328666618278436 3.6862566779641543
3.929901123046875 3.930881301373667
3.9356985473632813 3.9788411458333335
3.9972478693181817 3.9525717373551994
3.955228805541992 3.946599527994792
4.321339677019817 3.951412894509055
4.260505111129196 4.260505111129196
3.8334353976779516 3.7398045590049342
4.038656277126736 4.023174326906922
3.9934346268816694 3.9871091171049735
3.9046913920969204 3.8875553385416666
4.017047512915827 3.981380838743398
3.7698599679129465 3.7749263640372983
3.8386946244673297 3.847071479348575
4.637930552164714 3.9283432870540977
3.9698417154947916 3.976658460828993
4.228274027506511 4.2233577055089615
3.8443450927734375 3.8739645070043105
3.526585732736895 3.515446024729793
4.862753924201517 4.6237404115738405
3.9911536139410897 3.8822517903645832
3.9338490114373674 3.9240321640140756
4.103005289029674 4.103005289029674
3.8618404612821693 3.9594821085972067
4.220025531316208 4.1604707779422885
3.9924150631751543 3.888176037016369
4.691796983991351 4.691796983991351
4.456329345703125 4.450025177001953
4.136496407645089 4.103959990710747
5.009148597717285 4.002679443359375
4.058382797241211 3.970367774534761
4.1021731567382815 4.093844219318871
3.8045501708984375 3.815615505642361
3.9323753500884435 3.9289344200721152
5.1524505615234375 5.1524505615234375
3.872705569212464 3.9280129528920584
5.637250264485677 4.69580078125
3.940417249055835 3.949337830835459
4.961628595987956 4.008131818073552
4.489065261114211 4.429749862007473
3.815893679249043 3.9546300915704258
3.91300048828125 3.91300048828125
3.940164902630974 4.082163492838542
4.177482604980469 3.9563951214540354
3.776692064502571 3.762448518172554
3.948805491129557 3.9168138691023286
3.9017116001674106 3.9104071723090277
3.812095199092742 3.884870826299466
3.8489693089535364 3.7591519137041285
4.093415069580078 4.072186787923177
4.316864455955616 4.216449523239993
3.9648395885120737 3.772493215707632
4.073511297052557 4.067414881819386
3.9654059159128288 3.950248994022967
3.8443160711550246 3.8386397141676682
3.9648395885120737 3.772493215707632
3.8544150166127875 3.846318171574519
4.397208031187666 4.032964487544826
3.864115534601985 3.8892859941647377
4.046062180091595 4.073929873379794
4.081507581345578 4.096295050854953
4.0862998046875 4.028020502446772
4.020235162032278 4.005995840396521
3.8985224609375 3.8985224609375
3.8251965092677698 3.8081128801618305
4.168714376596304 4.168714376596304
3.783599853515625 3.8037039620535715
4.049153254582332 4.086702270507812
3.7547354561941964 3.697572980608259
3.972476892304002 3.972476892304002
4.191401770355505 4.191401770355505
4.031450018825301 3.980963008919942
4.128909364038584 4.104981964709712
4.208720936494715 4.167465785764298
3.9499762119391026 3.976942153204055
3.8173693143404446 3.814911151754445
4.2174604143415175 4.2174604143415175
4.25965587909405 4.183884193157327
4.267321962298769 4.242506547407671
3.798642883300781 3.791460822610294
4.082085792054522 4.087490416409676
4.048315003860829 3.89077641413762
5.310494995117187 4.496942407944623
4.309628326113861 4.354964392525809
4.080985436072717 3.937933999983991
4.162926715353261 4.150596752501371
4.046639404296875 4.000559743245443
4.376633075105042 4.3505341796875
3.6320802992668706 3.6121324513056505
4.079979790581597 4.122941017150879
4.267018769916735 4.042535335459608
3.845796857561384 3.824416701858108
4.182599189953926 4.1350453694661455
4.036047526768276 3.9063671112060545
3.94012451171875 4.019711483226103
3.9425836951987256 3.8592038361922554
4.081855980125633 4.027839282951732
4.0922967819940474 4.0922967819940474
4.280281066894531 4.196101240678267
4.36640739440918 4.589229583740234
3.783102573492588 3.71616943359375
4.195034790039062 3.9165438334147136
4.009994291923415 3.9264590923602762
4.353173617658944 4.312430960233094
3.907631651995933 3.877708152488426
3.772038777669271 3.775863308376736
3.743164617365057 3.80590576171875
4.128224824604235 4.20343843347886
4.2460072835286455 4.2460072835286455
3.760589107390373 3.7664254324776785
4.030933107648577 4.193765329760175
4.585190191501525 4.51957876032049
3.656065720778245 3.678536120756173
4.094691042040215 4.054217529296875
3.8018156539562136 3.789402553013393
4.688375684950087 4.6221492116044205
3.9748026529947915 3.9185280635439117
4.210631339780746 4.210631339780746
4.612705230712891 4.687634887695313
3.9356166294642856 3.9496417867726294
3.985150559504229 3.991182663861443
4.0568326083096595 4.030711110432943
4.118434076723845 4.062285614013672
4.239375867341694 3.969626961173592
3.883998325892857 3.883998325892857
4.314590771993001 4.073810924183238
4.245816548665364 4.316953075175383
4.070732703575721 4.070732703575721
3.8622046780873496 3.883781101392663
4.244894027709961 4.244894027709961
4.271798815046038 4.28609619140625
3.9507255904171443 3.959101183661099
4.239990799515335 4.222293682952426
4.751768384660993 4.751768384660993
4.1072516441345215 4.0635832134046055
3.9328851318359375 3.9328851318359375
4.080652636150981 4.080652636150981
3.9779144996820492 3.9425340735394023
4.115074475606282 3.8975056493005087
3.943077293602196 3.994568941885965
4.172053410456731 4.172053410456731
4.205168999565972 4.035064438642082
4.342100846140008 4.2853546142578125
4.04735353257921 3.8357729704483696
4.566330482219827 4.493829542590726
4.223691122872489 4.1702078542401715
4.649674987792968 4.624706765879756
3.948601438288103 3.8963097262095254
3.9312896728515625 3.920376984969429
3.946073055267334 3.890032334761186
3.86599115224985 3.8600421085535923
4.132995973150414 4.182289050874256
4.072038976157584 3.9737685845822703
3.93452975624486 4.127566805752841
4.465237087673611 4.472740936279297
4.003516588712993 4.003516588712993
4.118752468837781 4.120570357127856
4.08285878499349 4.08285878499349
4.0117161191743 4.0117161191743
4.039649722450658 4.067003103402945
3.8221919847571333 3.867755596454327
3.544641876220703 3.544641876220703
4.256731033325195 4.256731033325195
3.9511167352849785 4.010677289359177
4.072410985043175 4.072410985043175
3.6309533552689985 3.995008850097656
4.242183034012958 4.132677044784813
3.783802173755787 3.896525404188368
3.6996776035853793 3.6922541079313858
4.099078091708097 3.8812987072633045
4.180963062104725 4.008476087782118
4.2452711217543655 4.407092368766053
3.9827627999441964 3.9615463256835937
3.7667379176363034 3.643065929412842
4.636887686593192 4.3692605906519395
4.108293840962071 3.7926768176960497
4.023261792732008 3.965463738692434
4.536202472189198 4.593509674072266
4.800706460442342 4.7533709551837
3.9292324066162108 3.9292324066162108
4.375386884135585 4.295555478050595
4.00313645966199 4.06179001752068
4.305769920349121 4.305769920349121
4.67986377916838 4.5207958984375
4.081719080607097 4.049023796530331
3.9321701614945024 3.9042576381138394
4.2097423464752906 4.186545817057292
4.8418698992047995 4.8418698992047995
4.010122617085774 4.127150424691134
3.976021110237419 3.9618865966796877
3.8468446277436756 3.8429052852889867
4.1654334174262155 4.180909729003906
3.9947604885349026 3.994792659108232
4.421967061360677 4.342412948608398
4.5173583984375 4.459578014555431
4.36077880859375 4.36077880859375
4.748561859130859 4.748561859130859
4.274803392814867 4.089787212171053
4.103538166392934 4.10050672165891
3.98728510538737 3.9575442359561013
3.992925560992697 3.952786198368779
4.508053461710612 4.33118644127479
3.707855518047626 3.737218266039823
4.15424558851454 4.15424558851454
4.280346870422363 3.879203578404018
3.893293762207031 4.097581375476926
3.9200226314484126 3.9200226314484126
4.097673945066307 4.097673945066307
4.544819614343476 4.417388916015625
3.8481659196380877 3.8481659196380877
4.156635335286459 4.061896849214361
4.0314384594298245 3.950707522305575
4.087513427734375 4.082383239153519
3.9307829621550323 3.8904982586296235
4.342334546540913 4.334330994405864
3.775888507285815 3.7688233092591004
3.8605169677734374 3.916077152375252
4.16146069038205 4.16146069038205
3.874468994140625 3.827366828918457
4.0013885498046875 3.967372349330357
4.142650106678838 4.085887017651139
3.8878054232210726 3.9092357635498045
3.9181607268577396 3.824262562364635
3.9975192546844482 3.8592961876137744
3.954313278198242 3.9442587666127875
4.367823375355114 4.206473124395941
4.13395887318224 4.189150023228914
4.9523485969094665 4.6352353777204245
4.106530083550347 4.10120551530705
3.9056725935502485 4.032006642175099
4.099844360351563 4.106945650077161
3.863051075046345 3.8668431208683893
4.067524373030462 4.023469404740767
4.097187351536107 3.997622403231534
4.25714111328125 4.251507383404356
4.371469497680664 4.371469497680664
4.313793275414444 4.339461955618351
4.19229743594215 4.125270702220775
4.547267519194504 4.467102527618408
4.24842898050944 4.171651840209961
3.950133567632631 3.9753526348933996
4.005792971010561 4.005792971010561
4.098060412284656 4.098060412284656
4.125574939655808 4.052866951363986
4.04757080078125 3.976720010080645
4.389139671848245 4.19320993325145
3.6573456554878048 3.6243464152018228
4.253799127072704 4.253799127072704
4.0412451171875 4.0412451171875
4.114489581133868 4.233491946489383
3.975131619361139 3.9626031172902962
4.0676142994950455 4.0676142994950455
4.252140176707301 4.030368946216725
4.2111937057140265 4.22081184387207
3.914148712158203 3.89738916015625
3.9997919016870958 4.041202452124619
3.782515369762074 3.6005224469064294
4.872683981190557 4.793246210837851
3.9201124237804876 3.9499575805664064
3.851055987469562 3.975336456298828
3.9425836951987256 3.8592038361922554
3.7667379176363034 3.643065929412842
4.06055809469784 4.019377194918119
4.401251101026348 4.401251101026348
3.9056725935502485 4.032006642175099
3.9877049037388392 3.9891644646139706
4.234857468377976 4.234857468377976
4.256731033325195 4.256731033325195
4.048315003860829 3.89077641413762
4.034436585473233 3.922524192116477
3.851055987469562 3.975336456298828
3.544641876220703 3.544641876220703
4.091704859878078 4.158327738444011
4.1223976381363405 4.11914546315263
4.175048241248498 4.21450698584841
4.072410985043175 4.072410985043175
4.36640739440918 4.589229583740234
3.9328851318359375 3.9328851318359375
4.5173583984375 4.459578014555431
3.991153010615596 3.9409198426363763
3.889806111653646 3.916014237837358
4.195034790039062 3.9165438334147136
4.312885690242686 4.312885690242686
3.9659257368607954 3.977517742000214
4.055378457774287 3.9681977128560564
4.224534941882622 4.202741046284521
4.136408879206731 4.0123679421164775
3.760589107390373 3.7664254324776785
4.239375867341694 3.969626961173592
4.267321962298769 4.242506547407671
4.751768384660993 4.751768384660993
3.7547354561941964 3.697572980608259
4.098060412284656 4.098060412284656
4.6751045227050785 4.839697030874399
4.328217642647879 4.111284528459821
3.917918318409031 3.855528800718246
3.849569881663603 3.9022454155815973
3.776591532939189 3.821841728396532
4.0676142994950455 4.0676142994950455
4.118651988894441 4.154053383685173
4.309134347098214 4.2304558753967285
4.743303571428571 4.493403570992606
4.2880815075289815 4.247180265538833
4.3884711632361775 4.115743364606585
3.947668388064972 3.906942928538603
3.7912822244487283 3.784856980846774
4.14520957253196 3.9703238351004466
4.669135489114901 4.465024913441051
3.802966821973569 3.843571980794271
4.08776363249748 4.029923549918241
4.076379876387747 3.97083740234375
4.190645345052084 4.190645345052084
5.099941677517361 5.099941677517361
3.924022545975246 3.890902311905571
3.6394680392357612 3.6771135832134045
4.046967569986979 3.9917820142663043
3.76222730038771 3.7597869069952714
3.993549512780231 3.8961568050247304
3.697108091572999 3.6878569753546464
3.993205978209714 3.9880441518930287
3.7691616189890893 4.102410888671875
3.9107816102074797 3.785604105367289
3.9554592034755607 3.9440023015054426
4.32774407523019 4.08270751953125
3.7942069593326067 3.813625903839761
3.8467554552801726 3.855387141195576
3.9210402544806984 3.9262629526104043
4.066700046345339 4.005871414044582
4.048231506347657 4.023204510028545
3.743446632667824 3.788641524641481
4.2010016007856885 4.161376342773438
3.8053618574564436 3.780078846921203
4.3516621589660645 4.3516621589660645
5.096019199916294 4.455225263323102
3.9745948987129407 4.026333491007487
3.968615234375 3.85330078125
3.905419701928491 3.9038882048233696
3.9270403572682584 3.906213509230427
5.282259464263916 4.796284198760986
4.022331575376797 3.9003846703506095
4.037061001392121 4.051653394512102
3.777511500712461 3.769518458200786
3.8176462058252936 3.8123662848221627
3.7256871391745174 3.7390575820593526
3.989413174715909 3.9954065783270476
3.832698937618371 3.8381906185510024
3.7614848501730287 3.7444692493158547
4.001466751098633 3.8329505527142396
3.817337624517995 3.827876304512593
3.8916144120065788 3.8916144120065788
3.7658247514204546 3.7695920557007754
3.5322065353393555 3.7768372880651597
3.881841023763021 3.874360319855925
3.669323309536638 3.6659801483154295
4.186746385362413 3.808248500631313
3.927270627489277 3.9061906033714346
3.9824203491210937 3.9488060794659514
3.8439446606682344 3.8363680158342635
4.099351637434252 4.0894834937118905
4.394718843347886 4.435006641206288
3.8729835220530062 3.8777914946933962
3.7457431157430015 3.749486019736842
3.8121321394636825 3.8092623412154105
4.023152531804265 3.859818750498246
3.7315040225074405 3.7232027009059565
3.8442282936789773 3.8204599444785816
3.944584846496582 3.944584846496582
4.039768176132373 4.014645484185988
3.8656748645710497 3.7370534796463817
4.004476676309915 4.025722213655884
4.076584687104097 4.044564928327288
3.8908733402917144 3.8829216685721546
3.8044182764340753 3.8755593840608893
4.077454178421585 4.019591284579918
3.773245402744838 3.713177061917489
3.907244623923788 3.969062732514881
3.801703005420918 4.0565640767415365
4.13994667746804 4.386354234483507
3.9021475655691966 3.8389642503526478
3.965486681139147 3.9507161458333333
3.7305068072150736 3.791241294459293
3.8701483034620097 4.070884422019676
4.230876922607422 4.016754337615031
4.002809300915948 4.076760346034788
3.8966760769696305 3.89669298145869
3.787824027145965 3.8529277600740133
3.761415754045759 3.830499393423808
3.872092830324636 3.8520815876380126
3.7106382071253763 3.8350655319344282
3.697564635613952 3.69429144458236
4.079887390136719 4.002569081831951
3.8830577995203717 3.8573779431018203
3.9589836396366715 3.900012969970703
4.119386254287347 3.9098723275320872
3.8415091910013337 3.8508431570870534
3.88280880950218 3.88280880950218
3.7787538575956408 3.7809986538357205
4.151247794168038 4.151247794168038
4.013420017286279 3.808094686514196
3.876327215456495 3.921344913848459
3.999067687988281 3.999067687988281
3.8647804841172273 3.8691365559895834
3.8196535272113348 3.803597842945772
3.817166446300035 3.8429634243834254
3.620063999720982 3.7666875665838067
3.740873776949369 3.917755126953125
4.047256768918505 3.932964070638021
4.1640214920043945 4.6327963692801335
4.147991645626906 4.023686045223904
3.8548429943266367 3.8601275945113875
3.798747253417969 3.9855435393577396
3.937783432006836 4.110474735857492
3.8197919060202206 3.722805289335029
3.9644309920494 3.9552446253159466
4.934770584106445 4.934770584106445
3.862125020631602 3.72303742053462
3.8489963307100186 3.8442737072497817
3.837362850413603 4.071746396346831
4.134561199031464 4.085918908831717
4.059806092144692 4.123559106754351
4.109876360212054 4.281523527922453
3.8904535393965873 3.8247241973876953
4.142525990804036 4.084886504382622
4.114237365722656 4.0415097500415555
4.484348643909801 4.114336499980852
3.7156203697467673 3.6769373967097354
3.799923167509191 3.7747650146484375
3.9861325995866643 3.818459040001978
3.8516333443777904 3.869830322265625
4.276131654397036 4.214864458356585
3.797382985513041 3.761453857421875
4.008292606898716 3.8912694074105527
4.40802626176314 4.286436157226563
3.856652664811644 3.7964595734126982
3.7004597981770835 3.728097970145089
4.021966200608474 3.9631703252377717
3.9568514259912635 4.032065691266741
3.970981695713141 3.850167828405689
3.9575711204892112 4.006820273610343
4.076466993852095 3.9912098072193287
4.1556586371527775 4.1556586371527775
3.8566861833844865 3.709530944824219
3.9687676808190724 4.034674373673804
5.144724369049072 5.144724369049072
4.0049660422585225 3.7978518349783763
3.774534423828125 3.794062121161099
3.783310291378997 3.810393827045383
3.649343779592803 3.739640822104358
4.15306562943892 4.007384450812089
3.8796106974283853 3.8860200711382116
3.993198883839143 3.912453044544567
3.92040869433009 3.920004169592697
3.8474439092043067 3.8377582097457625
3.634852091471354 3.641156364889706
4.279627990722656 3.999147415161133
3.770172399118406 3.837138320460464
4.644407749176025 3.9583443777901786
3.7311777750651043 3.850414182428728
3.837044609917535 3.819312026820232
4.144701044610206 3.992381026105183
3.8348444158380683 3.7272017045454544
4.375929996885103 3.9278931698556674
3.846860905283505 3.810555765947958
3.8580218723842075 3.677207728794643
4.157763799031575 3.879602170458027
3.6862689747529873 3.700542202956385
3.9101709518989507 3.8753768416854353
4.08418763358638 4.012509260506466
3.8593168370863973 3.8402069673876023
4.0021380800189394 4.005643788834064
4.024803775480424 4.008067830403646
3.9886649636661304 3.9886649636661304
3.8680399055154915 3.8227007135998603
3.980654716491699 4.397512118021647
4.008711652057927 4.145549852020887
3.965311150801809 3.9566535500919118
3.913121510137078 3.906822848032756
3.9308079033140926 3.9262363255950454
3.8848471805967133 3.854067393711635
3.805549390388258 3.756403209206587
3.765297983206955 3.747755108457623
4.1856978132918075 3.9966312696953783
3.8074738184611 3.6855235988810913
3.8644783713600854 3.87687793676404
4.159441021126761 3.999081081814236
4.684119484641335 4.450861417330229
4.87713623046875 4.615991000471444
4.0658712079448085 3.9918905722128377
4.117317757955411 4.043403625488281
3.9766932307062923 4.015874415268133
3.788762936646911 3.8435958059210527
3.8898731953388936 3.798714171064661
3.913919448852539 3.892377796739635
3.9189720153808594 3.891200538917824
4.147978933233964 3.9818355984157985
3.880717422022964 3.887060108299027
3.830767446219639 3.8442289335233673
3.8834048184481533 3.7948698450307377
3.852154493331909 3.8586655460583623
4.14778673326647 4.040484208327073
3.7884009279797426 3.794842716776877
3.7803828716278076 3.777405103047689
3.7528259933635755 3.7717006138392857
4.002027391553758 3.987519146644906
3.984163883227657 3.97110205078125
3.754184056842138 3.8698187934027777
3.9295401224275914 3.894570641483821
3.7369150015024037 3.6904584776680425
3.8805935682156387 3.892334240825236
3.8339018616495255 3.80864845259037
4.047553429236779 4.008470084798995
3.9530780498798075 3.954832015498992
3.80644957224528 3.80644957224528
3.968417145485102 4.026903788248698
4.0277143909085185 4.180964021601229
3.8604170146741366 3.7980393353630513
3.884967868610964 3.8909229625355115
4.189410012865824 4.067459484762397
3.873567127046131 3.8281069473481515
4.091359345809273 4.056032492897727
3.732044219970703 3.759383332943488
4.211928049723308 4.097364754512392
4.1477032365470095 4.085022682367369
3.9989784436348157 4.004293690557065
5.530605316162109 5.530605316162109
3.9314650444135273 3.8646455146897005
3.7653964060657428 3.926204905790441
3.788709210919904 3.81025732421875
4.18960241369299 4.1216104441675645
3.9599806507181676 3.965971447172619
3.614612491449453 3.8028769433349
3.8873002561804366 3.8994815224095394
3.841397895187628 3.758760402513587
3.7013893497800363 3.770648915280578
3.770161531409439 3.819009233814801
3.3192531040736606 3.3192531040736606
4.376326497395834 4.420849004067665
3.834322301352896 3.8272843960516467
3.9092334667285837 3.934510894169081
4.1006770414464615 3.9833050896139706
3.82971560074979 3.783315752137382
3.834701652813675 3.834701652813675
3.8694715134640956 3.8678737266390932
3.8528293126535207 3.8174974395007624
4.004334586007254 3.990503618794103
4.013221119068287 3.892390659877232
4.085792846679688 3.9729136385658914
4.038068246150362 4.005892964817534
5.013479709625244 4.894155184427897
3.775535413953993 3.83224151771106
3.9739095998364826 3.912474030901672
3.996929572610294 3.987431844075521
3.931486972542696 3.9614588419596353
3.809789680032169 3.7992594401041666
3.809786016290838 3.7527621085183664
3.9942626953125 3.944987227277058
3.7990772214710202 3.7065372676639767
3.8315058169157608 3.806649092304913
3.9347357995731316 3.95513134765625
3.8793465377938032 3.8618334280067232
3.76242412220348 3.781884765625
3.809182947332209 3.809182947332209
4.224306106567383 4.1942671193372485
4.557165394658628 4.4847816934390945
4.361974964971128 4.2241234188988095
4.04916508992513 4.081455115116004
3.932614079228154 3.958819039260285
4.276815934614702 4.200809666367828
3.9675445556640625 4.0525729370117185
3.8261760230203277 4.035830354883603
3.9264801769721798 3.9310154385036893
4.087660789489746 4.003623300894147
4.017450605119977 3.6593115795617814
3.9983607700892856 3.847475113407258
4.057641040319684 4.057641040319684
4.36429873379794 3.966453289163524
3.7058063083224826 3.975248433775821
4.0572640991210935 4.260901917802527
4.033941480848524 4.030918441280242
3.874704461348684 3.8319870630900064
4.244464619954427 4.225944623555223
3.664484659830729 3.6460624828673245
3.939065158957302 3.8714155230605813
4.241407057818244 4.006347027021585
3.8170870267427883 3.883380978606468
3.8537243885599124 3.950416062406437
4.2730153401692705 4.2730153401692705
3.8870179363500292 3.875517814390121
3.830570836221018 3.832135079920977
3.9644305889423075 3.8296524850945723
3.939051310221354 3.9153092944895036
4.227896297679228 4.1089681922842605
3.8093062180739183 3.7255820072058476
3.910778045654297 3.875390457780394
4.107802304354581 4.107802304354581
3.9801540549741974 3.9302181414703825
4.5912628173828125 4.518013545445034
4.144350196133141 4.08689846957687
3.7590644064913974 3.847121451664897
4.134626007080078 4.098962990634413
3.888386354608051 3.9042112435867535
4.554878870646159 4.055924672929067
3.9236982227426713 3.9436557112068966
4.318019409179687 4.116782330452128
3.6588272359329843 3.703647736580141
4.030719840613595 4.006746090717197
3.850702661667427 3.9404739594795335
4.165379908177759 4.171150295213721
4.076153888794535 4.079123360770089
4.27939650591682 3.928230086616848
4.122711464210793 3.8674490792410716
3.9271205134285143 3.961476611790221
3.953556422183388 3.9135302070046767
3.9088604834771927 3.9264438576894265
3.922283257378472 3.978482605981045
4.033059993260343 4.027279950185105
3.9915239476445894 3.984235636393229
3.9043468732979303 3.9258452158631263
3.8945023672921315 3.9723398987676055
4.0319638831593165 4.021630551634717
3.957922088965941 3.9659307278580402
4.6011702219645185 4.434786224365235
3.929533133057735 3.957197939116379
3.8696304321289063 3.8696304321289063
3.7193627193056304 3.9457517583319484
3.988493377087163 4.147062348156441
4.057364569769965 3.9727943057105657
4.0028217758130875 4.014836193266369
3.9273004217462226 3.890717806881421
3.937041443663758 3.848971326811975
4.141663142613003 4.073128724709536
3.7640493292557564 3.7640493292557564
4.0013171697067005 4.0013171697067005
4.35303460984003 4.283778550889757
3.93732598487367 3.8653863226617133
3.8892195852179277 3.8684919707629146
3.8971632050304876 3.911806973544034
4.332097579021843 4.071220560276762
4.219116493507668 4.404866185681573
3.821000654618819 3.9454538597250886
4.0695953369140625 4.050509661612426
3.6381019592285155 3.7606621237362132
3.7162054357394365 3.7153725695254196
3.855135963076637 3.993047400365902
3.936857115547612 3.9269099745639533
3.9402393687855115 3.9266255696614585
3.9209442138671875 4.091777128331802
4.006295496452041 4.020400358145094
4.358730091768153 3.8508580361643143
3.8266425039253984 3.862681704661885
3.8855179016848647 3.878079953400985
3.8470105427067454 3.974721864212391
3.9005026136125838 3.8779022038331505
3.9027137054256134 3.956337733575475
3.8212386237250433 3.8212386237250433
3.999464984718227 3.864742890738885
4.455262320382254 4.0059426047585225
3.805601472307922 3.86009529066382
3.970207607623228 4.009895710029987
4.007863881636639 3.988048129611545
3.8535540412454043 3.8631505080259565
4.152348485486261 4.13615045627626
3.832264175684629 3.866688198513455
4.003893805939017 3.98813902656987
4.11066400437128 3.8946348590615356
3.864639118153562 3.850853314859613
3.768454986092932 3.7668581215334145
3.694125843696854 3.69122094506616
3.701709747314453 3.7016480185768823
3.8559085422092014 3.8337834676106772
3.9882514476776123 4.017923677884616
3.8179067206059107 3.806778004460602
3.7048335575557254 3.78561417686748
3.770151039988724 3.7958960338651546
3.8062944412231445 3.8061001329536897
3.8559085422092014 3.8337834676106772
3.8093064252068016 3.643553546655958
3.7790771484375 3.72447769285187
3.689337072238116 3.6876506342266833
3.9509024483816964 3.921531234248992
3.8537374775061446 3.8350615548615408
3.8983201549899196 3.9822775868691163
4.097563849555121 3.670671681501548
3.7702920061605725 3.7866828787238944
3.6972689988026066 3.7269599316856277
3.8122427252274527 3.7691091125757157
3.695545372596154 3.7002704899485517
3.7766726215400213 3.7592708977929044
3.7876013861762154 3.8317088591746793
3.5790077866307946 3.6015338168118167
3.917138461408944 3.8934691241968458
3.903158532567771 3.8929120232077206
3.6334231478496664 3.694121337890625
3.797827660620629 3.7879060444078947
3.894323590158046 3.865368889373483
3.779845800155248 3.764776218704313
3.669827239681976 3.6752647763206845
3.7591531090702572 3.779208392081176
3.918474409315321 3.9036070994841747
3.8154608543882977 3.825702263327206
3.662443835325915 3.668055943080357
3.8314802839949325 3.8463656286678405
4.004343097129564 3.982023451063368
3.7207158589534624 3.7141434310318586
3.739341453269676 3.7395468319163605
5.067835671561105 4.769541813777043
3.7369005252153444 3.702263148963874
4.012726292465672 3.740247184847608
3.8629964192708335 3.8520304361979165
3.7254579380580357 3.7013187618046017
3.9995305982686706 3.8010922111041174
5.197205679757254 3.8744397370711616
3.736480712890625 3.730286818284255
3.9199763211337 3.975255584716797
3.8683644095383123 3.8646881103515627
3.791983195713588 3.709972726221768
3.6467021819083922 3.623851173802426
3.6996973498114225 3.7388817665136256
3.9206298828125 3.9232365856431937
3.8676930477744653 3.816359687097294
4.2740168851964615 4.2740168851964615
3.7780555518897803 3.778913687396523
4.3706492762411795 4.6439963892886515
3.8164802797379034 3.8147231158088237
3.77126682394802 3.784557201244213
3.699458456446982 3.7427713871002197
5.2254823957170755 4.376675605773926
3.90912659962972 3.90912659962972
3.7965781001721397 3.79920848901721
3.910554673936632 3.9183619572566104
4.40678454983619 4.002385779272152
3.837054817044005 3.8480491638183594
4.152509099786932 4.033888559492808
3.9666682224647674 3.9313814203789894
3.9489181727579195 4.080076617959105
3.933763586956522 3.9458961486816406
3.7899908498555672 3.7899908498555672
4.321597706187855 4.064082845052083
3.9617168257389164 3.919955863204657
4.139966937857614 3.9640435112847223
3.7115571763780384 3.8088069175606343
4.223760915357013 4.187134713837595
3.892381047628012 3.9474964361081177
4.057070872822746 4.070948120894705
3.874681912935697 3.962884691026476
3.831988166360294 3.9374451813874423
3.9490890502929688 3.9813327233768203
3.7597126960754395 3.7428168697633604
3.8049132735640914 3.88056328956117
3.8079741104789404 3.8559364318847655
4.0930533158151725 3.878928942558093
3.89663613059304 3.8743151960701776
3.6509786466272867 3.672604908662684
4.040563295965326 3.9998782929920016
4.324056729403409 3.9596275047019676
3.8605759311729755 3.8605759311729755
4.407889272652421 4.407889272652421
4.238178634643555 3.8711510227151114
4.109788077218192 4.0970908989340575
3.7056938955716996 3.6714702541545288
3.810661860874721 4.268242469200721
3.8676160586777555 3.8646570841471353
3.8955299221739477 3.901743108575994
4.572126116071429 4.06224463967716
4.035384707980686 4.035384707980686
3.8500391855961134 3.875777566221339
4.013118320041233 3.7284561960320723
3.730058867355873 3.779790011319247
4.414446149553571 4.144075476604959
3.9251347133091516 3.8740135015443316
3.68583811884341 3.7143799463907876
3.9511770572302476 3.919704127956081
4.695968151092529 4.046163497432586
4.5321049844065024 4.466822768702651
3.746265157063802 3.738276890345982
3.9816936418121935 3.824360713252315
4.063016106100643 3.9046055385044642
3.8695879925738326 3.87231899829621
3.89175226270538 3.90895732467723
4.1119862432065215 4.177116980919471
3.85651543799867 3.8490901746247945
4.10643550327846 3.91967589279701
4.265199661254883 4.078895823160807
4.035358101981027 4.044497439735814
3.8488226670485277 3.8352283079232743
3.9309544967392744 3.9309544967392744
4.201607745626698 4.201607745626698
3.863524169921875 3.835301449424342
3.9638284536508412 3.946843465169271
3.895695612980769 3.9053300760560115
4.1109254751632465 4.025980096114309
4.155832767486572 4.001402791341146
4.346200852167039 4.198507944742839
3.860137939453125 3.842969076974051
3.9653364482678866 3.978264130741717
4.074378967285156 4.074378967285156
4.267757097880046 4.267757097880046
4.267757097880046 4.267757097880046
3.8734864455003004 3.8734864455003004
3.866143290201823 3.8470478887143345
3.8771753850972877 3.8587901722301137
3.9533993928328806 3.916379523999763
4.013220693550858 3.973801919079702
3.805769743742766 3.7913909087309965
4.754918575286865 4.754918575286865
5.061857370229868 4.792726993560791
4.420375955515895 4.426708445829504
3.9648395885120737 3.9648395885120737
3.8316572034681164 3.8316572034681164
4.258072176846591 4.067907545301649
3.8775777696054194 3.888105068987573
5.040855407714844 4.673183441162109
3.955966143540933 3.933861462823276
4.017312367757161 3.982296214384191
4.070871671040853 4.0603902797506315
4.732342720031738 4.508971150716146
4.310393932253816 4.1972707112630205
3.9799549815418955 3.8966498256714877
4.2296766493055555 3.9663196563720704
3.8744998761077425 3.847464370727539
3.919645309448242 3.833175060795803
3.9773534138997397 4.251706368582589
4.3433990478515625 4.2410212430087
3.764738008573458 3.767120916193182
3.9726140639361214 3.9315271917379127
3.7811255044495033 3.789318216258082
3.725282823717272 3.7693961007254466
4.134929402669271 3.9705312252044678
4.787611694335937 4.240696377224392
3.8833393770105697 3.8175927587302336
4.221402304513114 4.0561656122622285
3.89823235405816 3.8486038858856637
3.9515094067676957 3.9725437330163045
3.605670307957849 3.5807642443426726
4.219357967376709 4.152047051323785
4.155176450128424 4.155176450128424
3.8323481311536813 3.807012859143709
4.3136240641276045 4.1285178444602275
3.8270308430989584 3.808569111955275
4.289286393385667 3.770239499535891
3.926697897254874 3.926697897254874
3.8587113167475726 3.7973670811040856
3.8002281188964844 3.895093132467831
3.8315250651041666 3.787688412873641
3.8045145670572915 3.765404449650115
4.012350528798205 3.903966533064277
3.7040328979492188 3.9048770052715414
3.8605773498961975 3.853095485739512
3.773346488997781 3.7911776029146633
3.967579744300064 3.8194621693004263
3.7725207664278657 3.7391586303710938
3.8395487467447915 3.8466112624369395
3.632618408203125 3.734151522318522
4.452399253845215 4.052760037508878
3.7938182083601806 3.8237633552725456
4.084640185038249 3.8296336824931796
3.997083581012228 4.022465848374641
3.7453994177337875 3.700805111708145
3.796627171450151 3.7901565263856134
3.9062323086503623 3.8625483692140508
3.714339256286621 3.7043105181525737
3.927895111563318 3.9221965510670733
3.744868414742606 3.7741097344292536
3.7513421721059115 3.794811032289628
3.6973531087239584 3.6739305065524195
3.9120008196149554 3.8452463900105336
3.646659431876717 3.708345487520292
3.833695171035339 3.8325387137276787
3.6992673006924717 3.751740618449886
3.9693241119384766 3.9720021257496843
3.8240584556502526 3.780265041129299
3.6682098388671873 3.6932119738914277
3.804003553700361 3.7741816938548216
4.470264319217566 4.512731628417969
4.09301883658183 4.222039794921875
3.665356193621134 3.673113596965989
4.100066702706473 4.10863329016644
4.176227569580078 3.9708339146205356
3.9350470566168063 3.917938591452206
3.9468226841517855 3.927149454752604
4.001674817956013 3.990930051219707
6.185111999511719 4.969523315429687
3.7435992515250427 3.717708464591734
3.7781583345853367 3.7895955219527715
3.833744151069519 3.844573351801658
3.7473937049278847 3.778369616665216
3.650384521484375 3.6840895664544755
3.9333687522194603 3.8699805850074407
4.025154376852101 3.8184207650118096
4.013185221354167 3.8814037181712964
3.990158493454392 3.9791175440738074
3.848338801686357 3.908857255705988
3.8766768606085527 3.988674587673611
3.70530022515191 3.708790801760389
3.7745361328125 3.6792057987482574
3.8438296847873263 3.807435021033654
3.8336646943933825 3.8441285227501343
4.289519755045573 4.119043790377104
3.8717055902248476 3.8360734222628547
4.09056282043457 3.8311103686951755
4.298292680220171 3.7156341552734373
3.9802337059607873 3.9057831940827548
3.682234608043324 3.747920053447792
3.8838822214226973 3.8608383178710937
3.831829833984375 3.783229956880284
3.8605533105060146 3.8556118669181036
3.9696048937345805 3.6768481011926775
3.753560702006022 3.7509383138020835
4.168856107271635 3.961534016927083
4.003782419057993 3.807455008370536
3.7694594195099915 3.738076019287109
3.778388224856954 3.773409695095486
3.92496603043353 3.880886883802817
3.7799674140082464 3.749991836061903
5.166811806815011 4.943844223022461
3.80289306640625 3.7442671342329548
4.095611572265625 3.8590030993445446
4.114644225214569 3.8551585784586297
3.868481397628784 3.8108631043922245
3.7979251492408013 3.738805627310148
3.847251263786765 3.787107643506206
3.924833709118413 3.679235638904964
3.661899928042763 3.6887615748814175
3.8601347824622847 3.829198529643397
3.7703255154439157 3.7839799982492996
4.017925096594769 3.937258592292444
3.7200083631150265 3.8051252693965516
3.7481484826589595 3.7421256100096287
3.816771287184495 3.7633964137027136
4.166608053540426 3.888706673324378
3.766580581665039 3.782349109649658
3.907521103367661 3.8746507861946204
3.9374629153481013 3.951794287401759
3.881055371514682 3.8734900488485127
4.070329057409408 4.122770182291666
3.8308515705046107 3.806183701261468
3.885518245559802 3.8702950613839286
3.9071250040023053 3.7575291513607203
4.091422314913768 4.091422314913768
3.7242647806803384 3.672593400285051
3.7295677982159514 3.744022291533801
4.017141271520544 3.8085954774100825
4.105345679111168 3.9333000961615117
3.819677074535473 3.817037270838521
3.8358017279177297 3.7861521731140795
4.404730115618024 4.130727013876272
3.8741805639022435 3.846591636782787
5.160967690604074 4.704581298828125
4.435525160569411 4.074640208277209
4.093197835286459 4.05732922676282
3.9971768061319985 3.8531849141023597
3.917544894748264 3.9161836807041954
4.133906298344678 4.077370779854911
3.9825868468353716 3.9557037353515625
4.1832496056189905 3.9035803951434236
3.9350447221235796 3.887171718052455
3.789100003529744 3.7903390364213423
4.301584879557292 3.8429042271205356
4.066578420003255 4.013890805451767
4.045999278192935 3.7728118896484375
3.737055076743072 3.7370747410973837
4.010195174307193 4.010195174307193
3.9287931610265545 3.9272414581685124
5.159607887268066 5.159607887268066
3.8716727202793337 3.8185528513448816
3.856442451477051 3.8640204209547777
3.8673165457589285 3.781531982421875
4.047245570591518 4.0509663500816995
4.034527060426312 3.9491654829545455
4.245398748488653 4.245398748488653
4.03182569600768 4.017452775939437
4.0394233703613285 3.9885118272569446
3.4808033534458707 3.8981973947572315
4.01479975382487 3.9056078698024277
3.71628173828125 3.8294538132687834
3.792739081628544 3.777749911221591
3.920901390814012 3.9130216326032365
3.9255701700846353 3.8364149905041436
3.9076735218119176 3.867436098248771
3.7722675912332213 3.7644685444078947
4.028070068359375 3.9381890547902962
3.8705541866341817 3.889608154296875
4.071391035870808 3.8670800437389965
4.664648202749399 3.9725637435913086
3.992360276442308 3.9515224032931857
4.474637118252841 4.352638668484158
3.863265827137937 3.7915802001953125
4.212647438049316 3.902762364859533
3.7724159186613475 3.8093396775265957
3.8993411593967013 3.77062328441723
4.241650967984586 4.042293641625381
4.159331427680121 3.990897409539474
3.9630625278134888 3.922544405057833
4.076320648193359 3.995260897549716
3.846524260764898 3.8540763667064346
3.934226927718496 3.919474699059311
4.075029216828893 4.075029216828893
3.843953912908381 3.7896492336107337
3.845980520660299 3.840796500578055
3.980015436808268 3.7549468183939436
3.748034308938419 3.7459762861143866
3.7183338165283204 3.7183338165283204
3.932326494637182 3.9328107404279278
4.064130457436166 3.641352955887957
3.877483499461207 3.870488093449519
3.82654249811747 3.8342421587775735
4.112574857823989 4.112574857823989
3.8624598726313164 3.8479365134725767
3.9746618136553695 3.9996231227245147
3.973209562755766 3.784543115075326
4.231042341752485 3.9826573910920517
3.8542763494676158 3.765270233154297
4.5232427687872026 4.071619394663218
4.470917426215278 4.33078857421875
4.0512686202775186 4.134158452351888
3.8818400065104166 3.7833035982572114
4.121950120192308 3.9743029187609267
3.8392581255008014 3.825089497781878
5.0937299728393555 5.0937299728393555
3.7422637939453125 3.7422637939453125
4.452919369652157 4.392622784870427
3.9453634675016107 3.9453634675016107
4.973385620117187 4.018723060344827
3.8206160815794075 3.79409912109375
4.522917005750868 4.337713681734526
4.1229682335486775 3.97398993309508
3.919522966657366 3.987150404188368
3.941241096047794 3.9483443040114183
3.694900284952192 3.7981795494002526
5.312377081976996 4.139586477568655
4.065816705877131 3.854708763860887
3.9567828010110295 3.9248733520507812
3.8677201704545454 3.84305670322516
3.86053466796875 3.893063795120321
3.864812281224635 3.8434114834285515
3.9137779442039697 4.031160416141633
3.787729211755701 4.063085409311148
3.971538921734234 3.928473951179029
3.9878933068477744 3.9124347732727784
3.797176318540892 3.810567073684802
3.818955824110243 3.877019402439609
3.9537758431783536 3.9045955576795213
3.853977087772254 3.8314390138948347
5.312377081976996 4.432698991563585
4.041661189152644 3.9477910270467835
4.05518310546875 4.0254974365234375
4.112456992820457 3.9105077107747395
4.238546752929688 4.182821768301505
3.8250990887077485 3.8425020490373885
4.275759887695313 4.194678540499705
4.097290992736816 3.921973649845567
4.2637856223366475 3.9359766123246174
4.094433148701985 4.215487343924386
4.317419613108916 4.336622873942058
3.9273046875 3.8613488220426038
3.964396736838601 3.8464683250144676
4.087836321662454 4.087836321662454
3.7880459079494724 3.8079746791294644
3.7845497371265724 3.7736486009329804
4.329556274414062 4.113960387214782
3.9898476600646973 3.9898476600646973
3.9243360858097254 3.9072798295454545
4.130590545997191 3.8974113260360963
4.107503662109375 4.182984488351004
3.901097852130269 3.9106353183962264
4.193642425537109 4.193642425537109
3.8740296880882905 3.899204470076651
3.9450630309089783 3.897818745046422
3.810213762729322 3.817236211311304
3.8445159023247877 3.858999034585474
3.80490564416956 3.807996333040149
4.295892715454102 4.062861723058364
4.326530729021345 4.274946212768555
3.8924655992798356 3.8382146821605216
3.757879892985026 3.7813789876302084
3.982193810599191 3.982193810599191
3.915798993177817 3.822119057583971
4.111915881817158 4.091167126671743
3.8030985956606655 3.809456776764433
4.330513898064108 4.165866579328265
4.191795086038524 4.446370601654053
4.16953610151242 4.041098974084341
4.121271489740728 4.092984419602614
3.780461883544922 3.7747069464789496
4.011277583607456 4.052516736482319
3.9082297585227272 3.894016810825893
4.24366569519043 4.082486666165865
4.017481734112995 4.019848991842831
5.148462568010602 4.628976549421038
4.787181091308594 3.9199055210825358
4.126061955723194 4.123699481670673
3.8555586965460527 3.8938725789388022
3.8831893477697097 3.8661196142210996
3.874382403908568 3.8675317038952466
3.903813718839456 3.903813718839456
3.7439210027711005 3.7512349595118613
4.0918763626453485 4.079303942228618
4.236922537445262 4.205160595121837
4.30364990234375 4.166356703814338
3.8703669252353983 3.8697607106175917
3.7520462839226973 3.7597258362589003
3.6489645150991588 3.7808119829963234
3.9884235819832226 4.02374267578125
4.104084883586014 4.104084883586014
4.018001407771916 4.0068180735518295
3.983488215956577 3.872088465197333
3.8077807304186697 3.836368369185217
4.023679166226773 3.997848603219697
3.9246403044718177 3.897268250931141
3.740597811612216 3.7394813832657112
4.600263913472493 4.599635314941406
3.643100314670139 3.7157141069212547
3.830519437789917 3.830519437789917
4.1800989786783855 4.1800989786783855
3.908093119776526 3.909384395299333
3.8070558641777663 3.7872517903645835
4.216647610806002 4.1486587992475075
3.924857399680398 3.831914487092391
4.042562516009221 4.01218996765793
4.039155069986979 3.973868575750613
3.8449233425119536 3.817249721950955
3.7243180495042068 3.741736562628495
4.3112435591848275 3.8719983527632538
3.939486106730396 3.9464356695587313
4.121012968175552 4.119282039788251
3.7720674904443885 3.8586890418250284
3.9654395693824407 3.7847543169361675
3.977711223733836 3.9613824659778225
3.8157306050145348 3.8157306050145348
3.9462930184823497 3.9589654626980635
4.539333220451109 4.561797402121804
3.9086954416322315 3.8844981723361545
3.9439754674930385 4.060038663903061
4.091987609863281 3.9695677757263184
4.329435802641369 4.316448505108173
3.763867322136374 3.8375475653286637
3.9898543819304435 3.84123572524713
3.8317375735960146 3.8289972325097317
4.002456029256185 4.002456029256185
3.80436769828269 3.80436769828269
3.8782767018964215 3.7576611493084884
3.784534519001589 3.742879619295635
3.773177314050419 3.8484620166425945
3.690089331732856 3.6755389045266544
3.80615234375 3.80615234375
3.864138130519701 3.8779106410682624
4.17802974155971 4.020944614603062
3.814159916896446 3.8639719109786186
3.9308921195365287 4.017596905048077
3.808351936986891 3.8426890055338543
4.365710208290501 4.365710208290501
3.70882568359375 3.685190993088942
4.166229248046875 3.9390775553385415
3.812803268432617 3.867252659153294
3.8880173597878556 3.8795736271099455
3.960366232353344 3.9719780535737343
3.904078165690104 3.9089419435725983
3.7789695790950084 3.753479791456653
3.9647845099954044 3.908966064453125
3.8386472814223347 3.836773907696759
3.88005002339681 3.779135360198767
3.9625590006510416 3.953333782327586
3.908766852484809 3.91109375
4.095315786508413 4.104855855305989
3.927832500751202 3.850127381163758
3.7620812164493866 3.763798828125
3.851253433531499 3.872770871954449
3.8783102230149873 3.806815759459538
4.2483358944163605 3.9348387106870995
4.1858978271484375 4.130211523023703
4.104460730919471 4.002453681476955
3.7944965027926263 3.8289419320913463
3.915679414393538 3.896346242804276
3.9769579979681198 4.024578048522214
4.177299303886218 4.177299303886218
3.8602830230212604 3.839478161870217
4.067142285798726 3.7540631103515625
3.934336592511433 3.806085205078125
4.590160369873047 4.5755744347205525
3.6863037659241273 3.7006761120211693
3.723429284621554 3.7114737081847733
4.23982572555542 4.150242732121394
3.814325073514059 3.8747500204362857
4.104187996156754 3.971764476879223
3.8706431586621544 3.8619395334483224
4.0317505867250505 4.077473372864208
3.876835358448518 3.8128058227970407
4.025674475244729 4.005779590482026
3.982214185926649 4.047208345853365
4.019123728682355 3.9540536980879932
4.273435910542806 4.266062809870793
3.9688362708458533 3.9171874434859664
4.590438297816685 4.613043841193704
3.811959799233969 3.8424601035543007
3.8049598976417824 3.750907829215935
3.7448611375762195 3.923342618075284
3.814656362483639 3.804041369207974
4.360911846160889 4.3510584513346355
3.8816229128370097 3.880253787157012
3.8008988229851974 3.782458386613649
4.258437868148562 4.154003490101207
3.749174118041992 3.748912304123013
4.889153162638347 4.453632672627767
4.037873458862305 3.923633716724537
4.281151537625295 4.246072025622352
4.172074189057222 3.995340058297822
3.933401396780303 3.889215596516927
4.046839974143288 4.028681030273438
5.438663482666016 5.438663482666016
3.7374357026198815 3.722831149061187
4.729208755493164 4.893924289279514
3.873473394484747 3.873473394484747
3.5646721335018383 3.7385772705078124
4.198228745233445 4.034247262137277
4.020933650090144 3.9404058941340043
3.9626581101190474 3.885973123403696
3.9418768764527377 3.8938627355238973
4.013234807156969 4.002330614172894
4.470589229038784 4.044535860102227
3.900271782508263 3.7441044857627466
3.9708323435740427 3.8934232271634617
3.642222907972632 3.641808906810706
3.8083583884043235 3.6981658317782133
3.6442699432373047 4.110386095548931
3.8278641877350985 3.761964586046007
3.6994362764580306 3.6994362764580306
3.9181015912224266 3.9569095043425864
3.9213468852796054 3.9813891118115716
3.825441465273008 3.791798201851223
4.205047183566624 4.08197748093378
3.924370084490095 3.9450293368980534
3.910151962406379 3.965866715940711
4.2689227149600075 3.97259033203125
3.920714111328125 3.8571216583251955
4.029409344276686 3.9270366800242456
4.0323486328125 4.0173492431640625
3.76075613186154 3.761105007595486
3.694021916043931 3.665486561168324
4.184883723183284 4.184883723183284
3.9253459729646383 3.8565263014573317
5.104230880737305 4.590241945706881
3.7004761329064 3.691302980695452
3.9459975884885203 3.917023409329928
