3.965169677734375 3.8650618843410327
3.9776808794806984 3.9776808794806984
3.748656110065739 3.748656110065739
3.7849744160970054 3.7849744160970054
3.666763687133789 3.6697062174479167
3.9518511635916576 3.9518511635916576
3.838547201717601 3.838547201717601
3.755250979692508 3.755250979692508
4.012415268841912 4.012415268841912
4.018058776855469 4.018058776855469
3.9221343994140625 3.9221343994140625
3.8205829488820044 3.8205829488820044
4.021059799194336 4.021059799194336
3.722113609313965 3.722113609313965
3.8259858756229796 3.8259858756229796
3.733120600382487 3.733120600382487
3.808683915571733 3.808683915571733
3.8788959897797683 3.8788959897797683
3.589987564086914 3.589987564086914
3.6611749558221724 3.6611749558221724
3.6919903225368924 3.6919903225368924
4.163160764254057 3.8152055411503234
3.642647298177083 3.642647298177083
3.9139331181844077 3.9139331181844077
4.203556823730469 4.203556823730469
3.714471181233724 3.6847200746889466
3.715487480163574 3.715487480163574
3.972907066345215 3.972907066345215
4.0300847371419275 4.0300847371419275
3.4778286616007485 3.4778286616007485
3.609447956085205 3.609447956085205
4.066338759202224 4.025037553575304
3.8902064732142856 3.8902064732142856
4.424572132251881 4.424572132251881
3.719821021670387 3.719821021670387
3.5470608302525113 3.4723943074544272
3.759092825430411 3.759092825430411
3.5341473747702206 3.480685690174932
4.5369769505092075 4.5369769505092075
4.293431282043457 3.9508465037626377
3.727356501988002 3.7517249367453833
3.6262178774233216 3.6262178774233216
3.5225433805095614 3.4430008900316458
3.793082427978516 3.549390580919054
3.5120327472686768 3.5120327472686768
3.7803082736033313 3.7803082736033313
3.895418439592634 3.7920558996367872
3.6946884466677297 3.7076931312435963
4.157501765659878 4.157501765659878
3.640745683149858 3.640745683149858
3.916457790798611 3.9060562678745816
3.7560122591777914 3.7560122591777914
3.8615770128038194 3.830610128549429
3.7745562744140626 3.7745562744140626
4.313157515092329 4.313157515092329
3.9874875204903737 3.9874875204903737
3.7842869912424395 3.7842869912424395
3.9716195678710937 3.9716195678710937
3.6358317057291667 3.7192188984638936
3.714672088623047 3.714672088623047
3.7387126575816763 3.7387126575816763
3.86306399390811 3.86306399390811
3.7024291282476383 3.7024291282476383
3.691737174987793 3.691737174987793
3.6562723013070912 3.6562723013070912
3.6772543865701426 3.6772543865701426
3.8939079515861743 3.8263181603473164
3.8920201947612147 3.8920201947612147
3.7765498914216695 3.4032224767348347
3.819037846156529 3.819037846156529
3.439992402729235 3.439992402729235
3.9524879455566406 3.854213830196496
3.6188310322008634 3.651684636655061
3.8441897305575283 3.8441897305575283
4.1223599751790365 4.1223599751790365
3.7865505981445313 3.7865505981445313
3.6044217064267112 3.7242853265059623
4.002706789502911 4.002706789502911
3.895025889078776 3.895025889078776
3.9010162353515625 3.9010162353515625
3.6657818880948154 3.6657818880948154
3.657457239487592 3.657457239487592
4.14659740306713 4.14659740306713
3.449143886566162 3.449143886566162
3.490314352101293 3.490314352101293
3.696576254708426 3.696576254708426
3.778816690250319 3.778816690250319
3.8414173126220703 3.6071875
3.8404440307617187 3.8404440307617187
3.523559947072724 3.523559947072724
3.7476466042654857 3.8208670616149902
3.411259577824519 3.411259577824519
4.388590131487165 4.388590131487165
3.8295960426330566 3.877344530682231
3.6366424560546875 3.646778003589527
3.5259205211292612 3.5259205211292612
3.8913819789886475 3.6403566087995256
3.60399038141424 3.60399038141424
3.592594945153525 3.6244735717773438
3.719989118904903 3.719989118904903
3.8519046864611037 3.8519046864611037
3.8244525364467075 3.8244525364467075
3.8111773039165295 3.8111773039165295
3.799727783203125 3.799727783203125
3.559816042582194 3.608199409816576
3.526360995527627 3.658935155623998
3.4773149992290295 3.4773149992290295
3.720978260040283 3.720978260040283
3.743705325656467 3.743705325656467
4.210601806640625 4.210601806640625
3.8198788113064235 3.8198788113064235
3.5669829539763622 3.5669829539763622
3.50016357421875 3.50016357421875
3.6458629485099547 3.6583318840967465
3.4404066297743054 3.4404066297743054
3.528020731608073 3.5403751574064555
3.6726783752441405 3.7014668782552085
3.6601986355251737 3.663983064539292
3.75452342786287 3.75452342786287
3.5547237396240234 3.5547237396240234
4.530102779990749 4.530102779990749
4.219881843118107 4.219881843118107
3.754613161087036 3.754613161087036
3.8691678365071613 3.9504763954564144
3.9717276436941966 3.9717276436941966
4.222904205322266 3.892386185495477
3.5222949981689453 3.5222949981689453
2.841622161865234 3.5774148794320912
3.905095926920573 3.7539058484529195
4.138933563232422 4.138933563232422
3.4821448692908654 3.5061801209741708
3.6514968872070312 3.6514968872070312
3.9113845825195312 3.9113845825195312
3.9680966463955967 3.9680966463955967
2.9982997046576605 2.9982997046576605
3.416109561920166 3.416109561920166
3.9046503702799478 3.9046503702799478
3.9046503702799478 3.9046503702799478
3.9489381963556465 4.098595870168586
3.8839157104492186 3.400169040845788
4.706442091200087 4.706442091200087
4.891309950086805 4.058536847432454
3.5654275682237415 3.539851527060232
3.8032665252685547 3.8032665252685547
3.676217062431469 3.676217062431469
3.926422119140625 3.926422119140625
3.9319588797433034 3.926652850526752
3.8709181488537396 3.8768695537860576
3.7498951664677374 3.726933797200521
3.791395104449728 3.791395104449728
3.3927001953125 3.3927001953125
3.8723614032451925 3.801593256931679
3.6049415325296335 3.6049415325296335
3.4192733764648438 3.405503968934755
3.759162226809731 3.759162226809731
3.510127960689484 3.510127960689484
4.611767905099051 4.611767905099051
4.755801064627511 4.755801064627511
4.08668867746989 4.08668867746989
4.693030929565429 4.3290752410888675
4.348034540812175 3.7906812032063804
3.3896126747131348 3.7628533045450845
3.996697859330611 3.996697859330611
4.351243019104004 3.869738065279447
4.471217762340199 3.7214358193533763
4.030126398259943 3.951600294846755
3.647451854887463 3.647451854887463
3.8807271321614585 3.8807271321614585
3.867975695379849 3.867975695379849
3.712058553890306 3.712058553890306
3.578416188557943 3.61611202784947
3.7243048626443613 3.7243048626443613
3.87539445593002 3.7287562052408854
3.820641353212554 3.841694571755149
3.786792210170201 3.8693958629261362
3.696417791193182 3.82190679734753
3.9739373524983725 3.827087640762329
3.7055091857910156 3.7055091857910156
3.582623073032924 3.582623073032924
3.3949434616986442 3.3949434616986442
3.1438674926757812 3.1438674926757812
3.378187417984009 3.378187417984009
3.8503116260875356 3.8503116260875356
3.4930483731356534 3.5445037841796876
3.46007391747008 3.46007391747008
3.483647664388021 3.483647664388021
3.5432373046875 3.7455985329367896
3.848139190673828 3.848139190673828
4.176961725408381 4.176961725408381
3.9695025357333096 3.9695025357333096
3.8275089970341436 3.7989349365234375
3.5580613878038196 3.5580613878038196
3.5580613878038196 3.5580613878038196
3.4959388732910157 3.4959388732910157
3.4752769470214844 3.7099922581722864
3.616049957275391 4.062943522135416
3.6153602600097656 3.7976668508429277
3.2963184009898794 3.0881080627441406
3.8930075963338218 3.8693104405556955
3.2737960815429688 3.2737960815429688
3.4278523127237954 3.4631530216761996
3.506533572548314 3.506533572548314
3.124781681941106 3.3927387910730697
3.4532781747671275 3.623000649844899
4.1078533172607425 3.570943629488032
3.268835703531901 3.486265967873966
3.5615147677334873 3.5615147677334873
3.70142822265625 3.6498665809631348
3.547921371459961 3.547921371459961
4.287042177640474 3.8291582743326824
4.526347233698918 4.526347233698918
3.9795236160506064 3.9795236160506064
4.187308502197266 4.187308502197266
3.835913369821948 3.7991580603257664
3.103781291416713 3.103781291416713
3.4353517385629506 3.4353517385629506
4.013526916503906 4.013526916503906
3.7935921805245534 3.753663562593006
3.8787222968207464 3.8787222968207464
3.7588205973307294 3.7588205973307294
3.8531707127889 3.8531707127889
3.8266397094726563 3.8091888427734375
3.613712110017475 3.780585289001465
3.7568973359607516 3.7568973359607516
3.830527927564538 3.830527927564538
3.8041280110677085 3.743958773678296
3.791230392456055 3.734333271882972
3.6983174291150323 3.85893653420841
3.7376813888549805 3.7376813888549805
3.5311029607599433 3.5591113032126915
3.5360469818115234 3.5360469818115234
4.048506842719184 4.1806942621866865
3.60314458211263 3.60314458211263
3.69953447229722 3.69953447229722
3.7084178218135126 3.7084178218135126
4.076782688950047 4.076782688950047
3.750957782451923 3.7360462612575955
4.07490715613732 4.07490715613732
3.4473101506467727 3.452796583909255
3.7964526905733 3.7964526905733
3.931863082082648 3.931863082082648
3.593049217672909 3.593049217672909
3.847197588752298 3.847197588752298
3.709690570831299 3.709690570831299
4.25068615328881 4.25068615328881
3.6688368055555554 3.6688368055555554
4.16398451063368 4.16398451063368
4.473934173583984 3.8250160217285156
3.72309702092951 3.72309702092951
3.722196790907118 3.722196790907118
3.818529340955946 3.818529340955946
3.614071528116862 3.512617144668311
4.032684961954753 4.047381247243574
3.6957237937233667 3.744585071910511
3.431969960530599 3.431969960530599
3.7008110328956887 3.747828589545356
3.804266122671274 3.804266122671274
4.6807255464441635 4.6807255464441635
4.100428841330788 4.009078517104641
3.364233163686899 3.46404537077873
3.5902339935302736 3.5902339935302736
3.6699326833089194 3.6699326833089194
3.9345130920410156 3.9345130920410156
3.731609889439174 3.731609889439174
3.7994671630859376 3.7994671630859376
4.099406522863052 4.099406522863052
4.511195912080653 4.511195912080653
3.8150250361515927 3.6579691569010415
3.724295722113715 3.724295722113715
3.9716943359375 3.9716943359375
3.562200164794922 3.736729548527644
3.862359853891226 3.862359853891226
3.6768675108213684 3.6768675108213684
3.5792513246889466 3.5792513246889466
3.6784724865929554 3.6784724865929554
3.934356689453125 3.934356689453125
3.530360866237331 3.553315182949634
3.348206035907452 3.348206035907452
3.3972541809082033 3.441685643689386
3.9372903442382814 3.9372903442382814
3.7905396961030506 3.7905396961030506
3.5821131830630093 3.621676085425205
4.125071649966032 4.125071649966032
3.95416015625 3.95416015625
3.6207307757753315 3.6207307757753315
3.9736220041910806 3.9736220041910806
3.747812219568201 3.5868177226945464
4.484897613525391 4.004446549849077
3.728267870451275 3.728267870451275
3.711305988368703 3.6834226197834257
3.8851018537554824 3.8851018537554824
4.032622746058872 4.032622746058872
4.284323374430339 4.284323374430339
4.217801262350643 4.120580428685898
4.641265869140625 4.796069752086293
1.6907029151916504 4.050069173177083
4.337570667266846 4.337570667266846
4.508157518174913 3.538975348839393
4.508157518174913 3.538975348839393
4.266725158691406 3.956951649983724
3.761627960205078 3.761627960205078
4.1087902069091795 4.1087902069091795
4.303086598714192 4.478334045410156
4.103893597920735 4.592065698960248
4.043176090016084 3.7618370056152344
3.694232940673828 3.5500016389069735
3.7409370967320035 3.7409370967320035
3.986225128173828 3.8260818481445313
3.893882989883423 3.7853779039884867
3.5784505208333335 3.5784505208333335
3.402368960173234 3.402368960173234
4.004701402452257 4.354411824544271
4.2056022644042965 3.8590939170435856
3.826955621892756 3.826955621892756
3.826955621892756 3.826955621892756
3.7457233005099826 3.6112427484421503
3.8956354314630683 3.8956354314630683
3.866419792175293 3.5987701416015625
4.062605539957683 3.6138069846413354
4.050953183855329 4.050953183855329
4.050953183855329 3.7947305951799666
3.6378385755750866 3.6378385755750866
4.15590763092041 3.8364570140838623
3.822779417037964 3.822779417037964
3.5654416470914274 3.5654416470914274
4.175677906383168 3.8928509880514706
4.73582140604655 4.457165457985618
4.156345367431641 3.9454124995640347
3.9530489444732666 3.9530489444732666
3.7156041463216147 3.7156041463216147
3.9551823933919272 3.9551823933919272
4.690615177154541 4.36334228515625
3.5483562245088467 3.7159108248623935
4.641265869140625 4.4911033630371096
4.641265869140625 4.4827931722005205
4.035394456651476 4.035394456651476
3.7699756622314453 3.7699756622314453
4.010088920593262 3.8351064221612337
3.7938142256303267 4.075225830078125
4.751007080078125 4.751007080078125
4.623494042290582 4.623494042290582
4.641265869140625 4.235243388584682
3.8046889305114746 3.8046889305114746
4.902077811104911 4.902077811104911
4.017053513299851 4.017053513299851
4.1228832668728295 4.1228832668728295
4.347982053403501 4.347982053403501
3.8863246624286356 3.8863246624286356
3.6970470081676137 3.6970470081676137
3.6605386854727056 3.6605386854727056
3.8446025442569813 3.8446025442569813
3.7495661026392226 3.7495661026392226
3.5958655015477596 3.5958655015477596
4.2585296630859375 4.2585296630859375
4.105099995930989 4.105099995930989
4.446907997131348 4.446907997131348
3.637536835252193 3.637536835252193
4.223980204264323 4.223980204264323
4.087408314580503 4.087408314580503
3.8585773814808237 3.8585773814808237
4.095383515229097 4.095383515229097
4.109388154128502 4.109388154128502
3.7704300418976815 3.712011504591557
4.182374477386475 4.182374477386475
3.880377197265625 3.880377197265625
3.92940436469184 3.92940436469184
4.354391479492188 4.354391479492188
4.544423956620066 4.544423956620066
4.111574126452934 4.111574126452934
4.528033120291574 4.528033120291574
4.483084752009465 3.8653640747070312
3.7867759422019676 3.7867759422019676
4.177669393605199 4.27042473687066
3.7381275721958707 3.7381275721958707
3.7539804632013496 3.4155137803819446
3.8252095973238034 3.8252095973238034
3.8965931645146124 3.8965931645146124
4.492707994249132 4.492707994249132
3.8358880905877974 3.8358880905877974
3.6401072184244794 3.6401072184244794
3.8219522329477162 3.8219522329477162
3.4300941467285155 3.4300941467285155
4.132767868041992 4.132767868041992
3.9598051559093386 3.9598051559093386
3.8907794374408144 3.8907794374408144
4.1303488991477275 4.1303488991477275
4.114112622810133 4.013451600686098
3.989888398543648 3.989888398543648
3.792718423379434 3.792718423379434
3.3712743123372397 3.3712743123372397
3.9623486554181135 3.9623486554181135
4.037976673671177 4.037976673671177
4.756687418619792 4.756687418619792
3.749681684705946 3.749681684705946
3.7116521199544272 3.7116521199544272
3.8034673952588847 3.8103790283203125
3.9253854462594697 3.9253854462594697
3.9498316988031914 3.9498316988031914
3.8180615107218423 3.714628650296119
3.812155983664773 3.79201569428315
3.975384051983173 3.975384051983173
3.8249200185139975 3.8249200185139975
3.5886736783114346 3.5886736783114346
3.9160594940185547 3.9160594940185547
4.012104235197368 4.012104235197368
3.557173252105713 3.557173252105713
3.370186600030637 3.4224766322544644
3.844669248999619 3.815326649655578
3.584125518798828 3.8508601469152115
3.1151511150857676 3.1151511150857676
3.6212066650390624 3.6212066650390624
3.6119471958705356 3.6119471958705356
4.011548723493304 3.8774825386379077
3.161334991455078 3.266099548339844
3.624302568106816 3.624302568106816
3.7606674505739797 3.7606674505739797
3.6580936008029514 3.6580936008029514
3.484571310190054 3.484571310190054
3.501938713921441 3.501938713921441
3.995025952657064 3.995025952657064
3.8942794799804688 3.8942794799804688
3.880750746954055 3.880750746954055
3.7223132098162615 3.7223132098162615
3.6344275041060015 3.6344275041060015
3.650717235746838 3.7236473083496096
3.574695484058277 3.574695484058277
3.5104574388073337 3.5104574388073337
3.665816921657986 3.665816921657986
3.725297546386719 3.725297546386719
3.622620767621852 3.622620767621852
3.667776810495477 3.667776810495477
3.726294381277902 3.726294381277902
4.093962307634024 4.093962307634024
3.4929927479137075 3.4929927479137075
3.934954413052263 3.91934534021326
3.50322738348269 3.50322738348269
4.054910659790039 4.054910659790039
4.019664171006944 4.019664171006944
3.7712275981903076 3.821750841642681
3.739905180754485 3.675607854669744
3.572334475633575 3.572334475633575
3.5387984566066577 3.5387984566066577
3.942004633884804 3.942004633884804
3.4374896634009575 3.564265553544207
3.888134605006168 3.888134605006168
3.6265104166666666 3.6265104166666666
3.4770613450270433 3.4770613450270433
3.5263458251953126 3.5263458251953126
3.802877599542791 3.802877599542791
3.899306926321476 3.899306926321476
3.651629279641544 3.619901418685913
3.5177381243024555 3.5177381243024555
3.500662186566521 3.500662186566521
3.4049696180555555 3.3761061283580043
3.966432620317508 3.966432620317508
3.639163062686012 3.654960165218431
3.585471775220788 3.585471775220788
3.5594967928799717 3.5594967928799717
3.7100355360243054 3.7100355360243054
3.574187927246094 3.612067020300663
3.871250340195953 3.871250340195953
3.683492457613032 3.683492457613032
3.55374267578125 3.55374267578125
3.8289072854178294 3.8289072854178294
4.2952487182617185 4.2952487182617185
3.5812938601471656 3.5812938601471656
3.772717195398667 3.703079570423473
3.6578521728515625 3.6578521728515625
3.444038673683449 3.444038673683449
3.4057968139648436 3.4057968139648436
3.3964786529541016 3.3964786529541016
3.475835236025528 3.572480701264881
4.244021540102751 4.244021540102751
3.8142722345167592 3.8439015706380206
3.670751274956597 3.670751274956597
4.086348370807927 4.086348370807927
3.5156219482421873 3.5156219482421873
3.4685239791870117 3.4685239791870117
3.231135606765747 3.231135606765747
3.5731444820280998 3.5731444820280998
3.626413518732244 3.626413518732244
3.7942877197265625 3.7097198486328127
3.875606603789748 3.875606603789748
3.7413949966430664 3.7413949966430664
3.6059202971281827 3.6059202971281827
3.6671804612682712 3.6671804612682712
3.3443832397460938 3.3443832397460938
4.0270233154296875 4.0270233154296875
3.6052566528320313 3.6052566528320313
3.5679754638671874 3.5679754638671874
3.5781940660978617 3.5781940660978617
3.7338269551595054 3.7338269551595054
3.6397015707833424 3.6397015707833424
3.7194410051618303 3.7194410051618303
3.417921822026091 3.417921822026091
3.863950876089243 3.863950876089243
3.700428702614524 3.700428702614524
3.9390009438119282 3.9390009438119282
3.542692396375868 3.542692396375868
3.734290279559235 3.734290279559235
3.8516520182291667 3.8516520182291667
3.5352391560872394 3.5352391560872394
3.6042536685341284 3.6042536685341284
3.71306009495512 3.71306009495512
3.4714982316300675 3.534076618698408
3.4538876933436238 3.4538876933436238
3.7289093017578123 3.7289093017578123
3.930536566840278 3.930536566840278
3.7122828165690103 3.7533248901367187
3.5945154234420422 3.5945154234420422
3.2856295776367186 3.2856295776367186
3.849099551930147 3.849099551930147
3.47220770517985 3.47220770517985
3.8649435190054087 3.8649435190054087
3.528841388759328 3.5062771091213474
3.6661434173583984 3.6661434173583984
4.071881787530307 4.071881787530307
3.7319995655733 3.7319995655733
3.7600022655422403 3.7600022655422403
3.6942705838185437 3.6942705838185437
3.933971722920736 3.933971722920736
3.696021002692145 3.696021002692145
3.5574540358323317 3.5574540358323317
3.710482597351074 3.7464237213134766
3.5598294939313617 3.5598294939313617
3.8657608032226562 3.8657608032226562
3.3825467427571616 3.3825467427571616
3.463258843672903 3.463258843672903
3.5608174641927084 3.5608174641927084
3.8187326284555287 3.8187326284555287
3.7663650512695312 3.7663650512695312
3.888280340965758 3.888280340965758
4.056963650685437 4.056963650685437
3.4053885719992896 3.4053885719992896
3.563548414013054 3.563548414013054
3.6279240199497766 3.6279240199497766
3.5704667374894425 3.5704667374894425
3.663133748372396 3.6613951789008246
3.197228567940848 3.197228567940848
3.485380305800327 3.5747222900390625
3.518916043368253 3.518916043368253
3.5200462341308594 3.5200462341308594
3.677086082664696 3.677086082664696
3.6607357847924327 3.6607357847924327
3.817419516073691 3.817419516073691
4.15007576575646 4.15007576575646
3.8956829951359677 3.8956829951359677
3.658923708159348 3.658923708159348
3.7885718712439904 3.7885718712439904
3.795886908637153 3.8266017073291843
3.603694035456731 3.603694035456731
3.4712616492962014 3.814833931300951
3.8918816982171474 3.8918816982171474
3.4395786753871986 3.4395786753871986
3.816509867823401 3.698059558868408
3.776051647258255 3.776051647258255
3.742244873046875 3.742244873046875
3.9762423706054686 3.9762423706054686
3.7294381277901785 3.7294381277901785
3.343658752441406 3.343658752441406
3.6522254943847656 3.6522254943847656
3.606226870888158 3.589317152235243
3.9842461480034723 3.9842461480034723
3.8285615709092884 3.8285615709092884
3.674792734781901 3.674792734781901
3.5683477783203124 3.7353000062884707
3.942109567147714 3.942109567147714
3.715642371544471 3.715642371544471
3.7259514850118887 3.7259514850118887
3.6656364278590425 3.6656364278590425
3.8851112365722655 3.8986744127775492
3.715467795347556 3.715467795347556
3.783370632595486 3.7482092515477596
3.621023739085478 3.621023739085478
3.6399898529052734 3.6399898529052734
3.5500453068659854 3.5500453068659854
3.6762725085746952 3.6762725085746952
3.8865543488533265 3.8865543488533265
3.557489522298177 3.557489522298177
3.6098511524689503 3.680728746497113
3.8658462783037604 3.8658462783037604
3.694949860268451 3.694949860268451
3.7971500706028296 3.7971500706028296
3.6083188443570524 3.6083188443570524
3.751597566424676 3.751597566424676
3.766016845703125 3.8804277118883634
3.480219347723599 3.480219347723599
3.6191655600943218 3.6294281005859377
3.6802374798318613 3.7323643275669642
3.8182435035705566 3.8182435035705566
3.797650084203603 3.797650084203603
3.851305793313419 3.851305793313419
3.883455830235635 3.883455830235635
3.6209928240094866 3.6209928240094866
4.034318923950195 4.034318923950195
3.683041480279738 3.683041480279738
3.6582090204412285 3.6582090204412285
3.899306926321476 3.899306926321476
3.7408287173411887 3.7408287173411887
3.7747818917939155 3.805233202482525
3.8776112309208624 3.615567257529811
3.402083079020182 3.402083079020182
3.8171566772460936 3.8171566772460936
3.742447771344866 3.742447771344866
3.352510400720545 3.352510400720545
3.8895638602120535 3.8895638602120535
3.8229728111853967 3.8229728111853967
3.5236819398169423 3.5594785011420815
4.0928331740359045 4.0928331740359045
3.5826775232950845 3.607211026278409
3.5880574071130087 3.5880574071130087
3.55374267578125 3.55374267578125
3.995025952657064 3.995025952657064
3.910927242702908 3.910927242702908
3.3936726252237954 3.6258307865687778
3.5097567536110104 3.5097567536110104
3.679745760830966 3.679745760830966
3.4832840842762214 3.4832840842762214
3.345632032914595 3.345632032914595
3.666977882385254 3.666977882385254
3.6209928240094866 3.6209928240094866
3.7792029129831413 3.7792029129831413
3.886697595769709 3.886697595769709
3.5189706771100155 3.5189706771100155
3.491910188094429 3.5714616446659484
3.552909995025059 3.552909995025059
3.72749662399292 3.6978780110677083
3.7587675871672452 3.7587675871672452
3.802356719970703 3.665810139973958
3.565183786245493 3.7510907722241953
3.364166259765625 3.364166259765625
3.942418524559508 3.942418524559508
3.721439245975379 3.721439245975379
3.5660381895123106 3.5660381895123106
3.507666524251302 3.507666524251302
3.417648654513889 3.417648654513889
3.5086283683776855 3.5086283683776855
3.4092523326044497 3.4092523326044497
3.8509049188523066 3.8509049188523066
3.9531430331143467 3.9531430331143467
3.465837194564495 3.465837194564495
3.744986267089844 3.744986267089844
4.134870458532263 4.134870458532263
3.5986370707667152 3.5986370707667152
4.174827999538845 4.174827999538845
3.8965462820870536 3.7532405409702037
4.064892976180367 4.064892976180367
3.632403023635285 3.632403023635285
3.614807988556338 3.614807988556338
4.136389947706653 4.136389947706653
3.8941870296702668 3.8941870296702668
3.7842034233940973 3.7842034233940973
3.5401675415039064 3.5401675415039064
3.6138701805701623 3.6138701805701623
3.5924981299867023 3.5924981299867023
3.641832478841146 3.641832478841146
3.825915745326451 3.675425077739515
3.9458748499552407 3.9458748499552407
3.8101890827047415 3.8101890827047415
3.41832763671875 3.5534621729995264
3.7719206633391202 3.7244415283203125
3.844820022583008 3.81657635724103
3.503521543560606 3.5157588611949575
3.3924271021133814 3.3924271021133814
3.8039587515371815 3.757690938313802
3.6648308436075845 3.6648308436075845
3.730776812579181 3.730776812579181
3.517126246861049 3.517126246861049
3.805177782402664 3.805177782402664
3.800702231270926 3.800702231270926
3.600572495233445 3.600572495233445
3.7257268996465776 3.6932935527726714
3.7170278188344597 3.6936664987117687
3.613725789388021 3.613725789388021
3.660646438598633 3.660646438598633
3.7488489690816627 3.7196115347055287
4.080007041372904 4.080007041372904
4.455010550362723 3.8596469654756436
3.6711987692212302 3.6711987692212302
3.648235321044922 3.648235321044922
4.209571838378906 4.209571838378906
3.167192919500943 3.303714328342014
3.7736545484893176 3.7736545484893176
3.560675048828125 3.633757818312872
3.955446788242885 3.955446788242885
3.7910294165978065 3.7910294165978065
3.7442507934570313 3.7442507934570313
3.6661434173583984 3.6661434173583984
3.819675990513393 3.846985168457031
3.693586222330729 3.712180197775901
4.0137517175009085 4.0137517175009085
3.9060061472766803 3.841483561197917
3.695195691338901 3.695195691338901
3.63288717066988 3.63288717066988
3.415642874581473 3.415642874581473
4.030283292134603 3.9214130524666078
3.52982963949947 3.52982963949947
3.448763732910156 3.448763732910156
3.4753189086914062 3.4753189086914062
3.9054360129616477 3.9054360129616477
3.8716532389322915 3.8716532389322915
3.326849049535291 3.326849049535291
3.3356641133626304 3.3356641133626304
3.678356170654297 3.678356170654297
3.546016244327321 3.546016244327321
3.9643936157226562 3.9643936157226562
3.6583823464133522 3.6583823464133522
3.3815301633348653 3.3583648681640623
3.790435791015625 3.82445555466872
3.874690020525897 3.874690020525897
3.5651380750868054 3.5651380750868054
3.4191777655418885 3.4191777655418885
4.067692476160386 4.067692476160386
3.528873941172724 3.528873941172724
3.894911357334682 3.894911357334682
4.044675191243489 4.044675191243489
3.885384259905134 3.885384259905134
3.7879997459617822 3.7879997459617822
4.110349655151367 4.110349655151367
3.6568756103515625 3.6568756103515625
3.8510349818638394 3.8510349818638394
3.7599622938368054 3.7599622938368054
3.2817011294157608 3.2817011294157608
3.7226651509602866 3.7226651509602866
3.8478186265477596 3.8478186265477596
3.6150645503291376 3.6584701538085938
3.7899329445578833 3.7899329445578833
3.7770489283970425 3.7770489283970425
3.7094396546829578 3.7094396546829578
3.8411673268964215 3.8411673268964215
3.489026237936581 3.553870485540022
3.343808288574219 3.434946008630701
2.9982997046576605 2.9982997046576605
3.769275120326451 3.8312081390956663
3.67431640625 3.5821613984949447
3.6202101596566134 3.6202101596566134
3.8085606166294643 3.6487579345703125
3.5068443843296597 3.5068443843296597
3.7395356644031614 3.7395356644031614
3.8122435224817153 3.8122435224817153
4.03148435934996 4.03148435934996
3.8555190142463234 3.8555190142463234
3.5753338623046873 3.5753338623046873
3.916457790798611 3.9060562678745816
4.083648681640625 4.083648681640625
3.8041280110677085 3.743958773678296
3.9515279134114585 3.9515279134114585
3.867975695379849 3.867975695379849
3.989888398543648 3.989888398543648
3.830527927564538 3.830527927564538
4.103893597920735 4.592065698960248
3.60314458211263 3.60314458211263
4.471217762340199 3.7214358193533763
4.004701402452257 4.354411824544271
4.14659740306713 4.14659740306713
3.9623486554181135 3.9623486554181135
3.46007391747008 3.46007391747008
3.7765498914216695 3.4032224767348347
4.175677906383168 3.8928509880514706
3.4746935227338005 3.4746935227338005
3.529115770683914 3.54610595703125
3.766629305752841 3.506556877723107
3.5470608302525113 3.4723943074544272
3.8913819789886475 3.6403566087995256
3.563122373638731 3.563122373638731
4.035394456651476 4.035394456651476
3.6726783752441405 3.7014668782552085
3.5639801025390625 3.5639801025390625
3.5654275682237415 3.539851527060232
3.9795236160506064 3.9795236160506064
3.3927001953125 3.3927001953125
4.138933563232422 4.138933563232422
3.7387126575816763 3.7387126575816763
3.6514968872070312 3.6514968872070312
4.210601806640625 4.210601806640625
3.6688368055555554 3.6688368055555554
3.793082427978516 3.549390580919054
3.6960464477539063 3.6960464477539063
3.691737174987793 3.691737174987793
4.354391479492188 4.354391479492188
3.103781291416713 3.103781291416713
3.8252095973238034 3.8252095973238034
3.547921371459961 3.547921371459961
3.523559947072724 3.523559947072724
4.16398451063368 4.16398451063368
3.384313730093149 3.384313730093149
4.0216513241038605 3.7865505981445313
4.1078533172607425 3.570943629488032
3.616049957275391 4.045354843139648
4.756687418619792 4.756687418619792
3.449143886566162 3.449143886566162
4.182374477386475 4.182374477386475
3.6921484375 3.6921484375
4.891309950086805 4.058536847432454
3.60399038141424 3.60399038141424
4.641265869140625 4.00271728515625
3.722113609313965 3.722113609313965
3.9139331181844077 3.9139331181844077
3.711305988368703 3.6834226197834257
3.709690570831299 3.709690570831299
3.712058553890306 3.712058553890306
3.8956354314630683 3.8956354314630683
3.4821448692908654 3.5061801209741708
3.7201030171000875 3.7201030171000875
3.642456952263327 3.642456952263327
3.739371037137681 3.6945454667254194
3.81865155255353 3.81865155255353
3.9286376953125 4.077757199605306
4.116159373316272 4.116159373316272
3.878373637952303 3.878373637952303
3.816792228005149 3.816792228005149
4.194216591971261 4.194216591971261
3.5358323596772694 3.616644259491657
3.6656468168218086 3.7213301748599648
3.7515271504720054 3.7515271504720054
3.6920925923530628 3.6920925923530628
3.8325784974179027 3.6653244216720777
4.834821701049805 4.834821701049805
3.6710388748734086 3.625704345703125
3.8172426085541216 3.8172426085541216
4.033781215122768 4.033781215122768
3.8182872772216796 3.7901564098539806
4.034151840209961 3.827136292749522
3.7386290938765914 3.7386290938765914
3.6151900381412148 3.6151900381412148
3.843974812825521 3.6494006452889276
3.566585231471706 3.566585231471706
4.082688395182291 4.082688395182291
4.047543452336238 4.047543452336238
3.711274782816569 3.711274782816569
3.93134765625 3.906463623046875
3.639596599422089 3.639596599422089
3.680670601981027 3.582746887207031
3.7836664187028104 3.7739675014833862
4.446634439321665 4.446634439321665
4.158692836761475 3.900524393717448
3.4278523127237954 3.6445159912109375
3.8475397849569517 3.8402543501420454
4.1228832668728295 4.1228832668728295
3.7256252482786016 3.7256252482786016
3.739937591552734 3.739937591552734
4.079407049685108 3.8098453670353085
3.708456737747609 3.708456737747609
4.162293243408203 4.162293243408203
4.082150459289551 4.1946246807391825
3.7610846231150075 3.7610846231150075
3.5004800160725913 3.465151169720818
3.822779417037964 3.822779417037964
3.38610577583313 3.7380878843110183
3.629060745239258 3.72407358342951
3.898381200330011 3.898381200330011
3.772311283991887 3.7787017822265625
3.665927086347415 3.650765751185042
3.6896521303834033 3.6696739783653847
4.15590763092041 4.066927741555607
3.9043479827513177 3.8143703754131613
3.3141012752757355 3.6034781716086646
4.365400834517046 4.443597232594209
3.5599267578125 3.5322222541360295
3.6994198885830967 3.6855603669819077
4.74333735874721 4.0687769329737105
3.7540516403486146 3.74254145173945
3.7613922119140626 3.7613922119140626
3.6019128763450765 3.631712796395285
3.9355989583333333 3.9355989583333333
3.9640776690314796 3.9192000325520833
3.6711531330768326 3.6711531330768326
4.054741962139423 4.054741962139423
3.7985032399495444 3.6174468994140625
3.8797225952148438 3.6757768329821134
3.610581874847412 3.610581874847412
3.612928867340088 4.539353804154829
4.494790649414062 3.896365894990809
3.7935331161708046 3.7935331161708046
3.7901970496544473 3.7901970496544473
3.705352783203125 3.7674425342414954
3.8485791436557113 3.8485791436557113
3.6247830708821613 3.6247830708821613
3.770276191907051 3.770276191907051
3.7598261200221237 3.7598261200221237
3.8510900426793984 3.8510900426793984
3.6279028467385164 3.63464847687752
3.622420416937934 3.622420416937934
3.572259781208444 3.572259781208444
4.285190582275391 4.039900387034697
3.6378504435221353 3.6378504435221353
3.8213629041399275 3.7674661489633414
4.211743441495028 3.8592017037527904
3.862344180836397 3.8788990221525492
3.9607583618164064 3.9607583618164064
3.8799900478786893 3.886771240234375
4.066274966833727 4.066274966833727
3.4974191284179685 3.6304316665187026
3.7352676391601562 3.8044961782602162
4.1260702345106335 3.8710038034539473
3.6477888721530722 3.641141547531378
4.175315602620443 4.175315602620443
4.062738938765093 4.062738938765093
4.041355264597926 4.041355264597926
3.5948384602864585 3.5948384602864585
3.817646290996287 3.817646290996287
3.7474122047424316 3.7474122047424316
3.422207882529811 3.422207882529811
3.742494895241477 3.742494895241477
4.321065521240234 4.321065521240234
3.642392945521086 3.638378042035398
3.728267288208008 3.728267288208008
3.8148174620511237 3.7857130664890097
3.9919301813299004 3.8765900555778954
4.17654740182977 4.17654740182977
4.072605133056641 3.8200328826904295
4.050955495526714 4.050955495526714
3.733100244554423 3.614905637853286
4.304022725423177 4.018643188476562
3.867188495138417 3.867188495138417
3.611734845996958 3.611734845996958
3.876223656439012 3.876223656439012
3.9258804321289062 3.9258804321289062
3.7477203369140626 3.7477203369140626
3.8428035535310445 3.7582237606956843
3.828600627620046 3.828600627620046
3.6975341796875 3.6975341796875
4.348034540812175 4.397926012674968
3.7982173246495865 3.8159041631789434
3.725492624136118 3.7206816870318957
3.575156847635905 3.6211188821231617
3.8913819789886475 3.6403566087995256
4.026329040527344 4.316952912703805
3.5652705439814816 3.5652705439814816
4.125378152598506 4.125378152598506
3.984517877752131 3.8715981223366476
3.6296241066672583 3.6296241066672583
4.14826757257635 4.224842744715073
5.009881761338976 4.098515230066636
3.3297808510916576 3.3297808510916576
3.82691650390625 3.8359700520833333
3.9551298180404975 4.064639685288915
3.9602283901638455 3.9602283901638455
3.648391188236705 3.648391188236705
3.8311510273054536 3.8311510273054536
4.8419544219970705 4.8419544219970705
4.659562110900879 4.211649726418888
3.9247555202907987 3.6385165943818936
4.086673259735107 4.086673259735107
3.9749723735608553 3.9749723735608553
3.612928867340088 3.654669625418527
3.754365921020508 3.7427904082507624
3.744839575982863 3.7390059213789684
4.069769859313965 4.069769859313965
3.775342123849051 3.775342123849051
4.152122815450032 4.152122815450032
3.619466552734375 3.619466552734375
4.317181905110677 4.317181905110677
3.815452814102173 3.697620670969893
4.4849749973842075 4.862350015079274
4.097977031360973 3.754374764182351
3.762937545776367 3.762937545776367
3.139452500776811 3.9056068702980324
3.5781540468514685 3.5781540468514685
3.6681267420450845 3.6681267420450845
4.450442314147949 3.8720487268959602
3.719323256920124 3.646634900892103
4.266725158691406 4.118004692925347
3.8144804431546118 3.8144804431546118
3.787441098593115 3.787441098593115
4.3855743408203125 4.3855743408203125
4.063830057779948 4.063830057779948
3.5172603607177733 3.7088299375591856
3.5865728539156625 3.580319993039395
3.4129248226390168 3.4129248226390168
3.7421639864561986 3.710533815271714
3.790882364908854 3.790882364908854
3.8037484741210936 3.8037484741210936
4.082150459289551 3.9871387481689453
3.958552273837003 4.2288143016673905
5.3157517569405695 4.6494574913611775
3.546266536122745 3.5508578491210936
3.8671240555612663 3.680832544962565
3.7431564331054688 3.676160903204055
3.8884213096217106 3.8884213096217106
3.632849375406901 3.6540421195652173
2.243157386779785 3.2536952972412108
3.5044302098891316 3.5044302098891316
3.7665303548177085 3.7665303548177085
3.734440507559941 3.734440507559941
3.777890345093551 3.7646969714796685
3.649370574951172 4.172581536429269
3.7749892833621 3.7749892833621
3.6215215459600225 3.6215215459600225
3.6527041082512843 3.6131428044016767
3.815075397491455 3.840754191080729
3.883767390596694 3.9237860184681566
3.779052189418248 3.7476123628162203
3.834183063912899 3.834183063912899
3.6028392791748045 3.6028392791748045
3.9895393371582033 3.9895393371582033
3.7185243459848256 4.246900998629057
3.7869246419270834 3.777881218405331
3.747443359375 3.747443359375
4.056505839029948 4.056505839029948
3.7532515615787148 3.7532515615787148
3.6629889501284247 3.6629889501284247
3.0801898411342075 3.691517300075955
3.822526966441761 3.8131985421908103
3.7377950377383473 3.7377950377383473
3.9052908761160716 3.9052908761160716
3.666936786358173 3.6977223599894664
4.133373260498047 3.8941472371419272
3.72964130748402 3.72964130748402
4.098269780476888 4.098269780476888
3.5492969859730112 3.8592808164399246
4.007689952850342 3.84970708993765
3.5021587171052633 3.63568842961238
3.6104504620587385 3.693568525643184
3.810239281984839 3.804516993531393
3.8662451382341056 3.8662451382341056
3.6473818047102107 3.6473818047102107
3.5170600705030486 3.5170600705030486
3.845660448074341 4.046744028727214
3.626192266290838 3.626192266290838
4.153216311806126 3.8388438505284928
3.3167352984028478 3.444791521344866
3.790526919894748 3.790526919894748
3.699438160863416 3.6628227786741396
2.8154675165812173 3.1617501911364103
3.7307047162737166 3.608942667643229
4.018201924986759 3.979803334111753
3.7549260457356772 3.7549260457356772
3.8240314059787326 3.870595932006836
4.023574193318685 3.6550426483154297
4.641265869140625 4.621058377352628
3.6564488728841145 3.778871838323671
3.5388245052761502 3.5388245052761502
3.653205235799154 3.653205235799154
3.788782043457031 3.788782043457031
3.737915547688802 3.807664954144022
3.83770068723764 3.83770068723764
3.813765525817871 3.8245537050308718
3.7208931662819604 3.7208931662819604
3.844300703568892 3.844300703568892
4.080538880591299 3.904052734375
3.663105010986328 3.663105010986328
3.8150322808159722 3.8150322808159722
3.747041751176883 3.747041751176883
3.478151157924107 3.478151157924107
3.79372321234809 3.8015638377568495
3.6273480405901917 3.6273480405901917
3.784811144677278 3.7485287873641306
3.729529728965154 3.729529728965154
3.775634765625 3.775634765625
3.486105526194853 3.486105526194853
4.641265869140625 4.88821064342152
4.266725158691406 4.118004692925347
3.9573712618845813 3.9347770690917967
3.7736724853515624 3.7736724853515624
4.07638203014027 4.07638203014027
3.691829192332732 3.720395436006434
4.022594917111281 4.007434216174451
4.185428394990809 4.185428394990809
4.103570556640625 3.8646685791015627
3.8979150180158944 3.8979150180158944
3.6711304982503257 3.6968583540482953
3.5142182499529366 3.5142182499529366
4.23173828125 3.6061629329819276
3.724254353841146 3.697540707058377
3.8666335480122624 3.8666335480122624
2.947479724884033 3.524801815257353
3.5671500827955165 3.5671500827955165
3.5991991315569196 3.698455810546875
4.655088636610243 3.9765729402240955
4.062610973011363 4.122824096679688
3.562195944129874 3.562195944129874
3.6783732962101063 3.729309558868408
3.8459581647600447 3.8459581647600447
3.7447948455810547 3.8179676349346456
3.756183079310826 3.756183079310826
3.7717976397778616 3.7717976397778616
4.331646873837426 4.123178942450162
3.6352763175964355 3.920069580078125
3.8584823608398438 3.8584823608398438
3.27721807691786 3.27721807691786
4.102493748520359 4.102493748520359
3.86806884765625 3.780523681640625
3.7349285257273706 3.744730556712431
3.7802287186726486 3.7413285889776584
3.63686282818134 3.6506404876708984
3.6728365127354454 3.6728365127354454
3.8200571537017822 3.8200571537017822
3.6285179725060095 3.6285179725060095
3.5890440940856934 3.5890440940856934
3.480712127685547 3.58967661857605
3.777461207190225 3.649824188976753
3.707599536792652 3.7504843319163603
3.8137893676757812 3.8137893676757812
3.7267602414500955 3.7328607468377974
3.988267840761127 3.7791368437976374
3.724727491618168 3.7270439995659723
3.9519227225825473 3.8702680099108986
3.7449213072311047 3.7449213072311047
3.8980976985051083 3.8078448955829325
3.7189985372252385 3.7189985372252385
3.928774152483259 3.928774152483259
3.6903689840565557 3.6814254760742187
3.8406765460968018 3.8406765460968018
3.61503466796875 3.6193638728215145
3.6204057581284466 3.6204057581284466
3.7753707340785434 3.7753707340785434
4.210269927978516 3.748662533967391
4.039946783156622 3.9207948048909507
4.202325439453125 4.104089762369791
3.7165332121007584 3.569804382324219
4.006503185593938 3.8195160823081857
4.206830244797927 3.991243150499132
3.7603616917386966 3.7603616917386966
3.581122398376465 3.581122398376465
3.979393154967065 3.942816382055884
3.6578776041666665 3.7063165283203126
3.7205560146233974 3.7557373046875
3.5396712764616933 3.5396712764616933
4.5836501121521 4.5836501121521
3.6287573059993004 3.6287573059993004
3.8691183110719085 3.8691183110719085
3.820100784301758 3.8259213096217106
4.067243258158366 4.165416172572544
3.9103861269743545 3.9341183068617336
3.6302508956815567 3.6302508956815567
3.7206076882102272 3.740565069790544
3.8612179639862805 3.8612179639862805
3.611877933625252 3.611877933625252
4.641265869140625 4.4911033630371096
3.9059066772460938 3.9059066772460938
3.748927525111607 3.769174004678672
3.8808867041744404 3.8496759202745228
3.733003469613882 3.733003469613882
3.8602438534007355 3.8602438534007355
4.129795954777644 3.677971279498228
3.566424650304458 3.566424650304458
3.4212124347686768 3.422405242919922
3.9576317923409596 4.1293034273035385
3.8264947261206164 3.8264947261206164
3.9806861448823736 3.9977090238320705
4.004945608285757 4.004945608285757
3.697551223466981 3.697551223466981
3.7442549102160396 3.7442549102160396
3.7145532572044515 3.7347093665081523
3.7573179264658507 3.7539291381835938
3.754719543457031 3.672733851841518
3.9098364675146904 3.865789198337641
3.818338579836145 3.818338579836145
3.465775163206336 3.5915743199790398
4.059200070938974 4.07416000366211
4.186086293813345 4.186086293813345
3.8796536805199797 3.8796536805199797
3.8224933330829325 3.8224933330829325
3.8811833998736214 3.8811833998736214
3.4977408744193412 3.4977408744193412
3.5184654659695096 3.5184654659695096
3.7109177688072466 3.7109177688072466
4.0810601019090225 4.103703962053571
3.741164071219308 3.741164071219308
3.8407629212336754 3.8475840800517314
3.9958599635532925 3.83305058334813
4.641265869140625 4.4827931722005205
3.7836144187233667 3.7836596064206933
3.836193084716797 3.9181649344308034
3.8764735630580356 3.8764735630580356
3.666188825640762 3.6948063737255032
3.676818271852889 3.676818271852889
3.622420416937934 3.622420416937934
3.6278681561229673 3.6278681561229673
3.9193099975585937 3.660576618893046
3.870856966291155 3.870856966291155
3.6611102294921873 3.678036995821221
3.8862145002498183 3.8862145002498183
4.025889470027043 3.6925995770622704
3.6310479579827724 3.6091621212842986
3.7953056723384533 3.7953056723384533
3.6735492282443576 3.628072565252131
3.9388251053659538 3.9388251053659538
3.7767127990722655 3.7767127990722655
3.5809441843340473 3.594647031841856
3.891617838541667 3.8248763545866935
4.152122815450032 3.6696363176618303
3.5849502711620147 3.5849502711620147
3.664752666766827 3.707118379896966
3.773968505859375 3.773968505859375
4.288934326171875 4.288934326171875
3.735925489856351 3.735925489856351
3.765047940340909 3.765047940340909
3.784677605879934 3.6939342410065406
3.885724297885237 3.885724297885237
3.814955575125558 3.814955575125558
3.6568595413613108 3.719090053013393
3.6854039118840145 3.6996439309944784
3.737813849198191 3.705781743767556
2.243157386779785 4.1834465026855465
3.643706301425366 3.66451907852321
3.8919426600138345 3.8919426600138345
3.6792122977120534 3.6792122977120534
3.5301850898080764 3.53922369541266
3.189117431640625 3.293076515197754
3.590789794921875 3.63285261861394
3.553232215973268 3.553232215973268
3.597142712823276 3.597142712823276
3.7011030547472896 3.639366819147478
3.624375754255589 3.6357703575721154
3.6766036728681146 3.6766036728681146
3.5827362060546877 3.660265692349138
3.6443794379800054 3.6443794379800054
3.7988856218863223 3.757939656575521
3.945963668823242 3.6180602179633246
3.6566454913165116 3.6566454913165116
3.9089225210794587 3.9089225210794587
3.6527350217301326 3.6562288021613023
3.4664481026785716 3.4818704539331895
3.4844983008600052 3.4844983008600052
3.62927687311747 3.6328052173961294
3.678304768294739 3.678304768294739
3.7570042201450895 3.7574350266229537
3.665069580078125 3.665069580078125
3.8660982917336857 3.8660982917336857
4.191478184291294 4.191478184291294
3.334352666681463 3.7467642647879464
3.8953739854155995 3.8953739854155995
3.526715712113814 3.526715712113814
3.7662932726801657 3.7662932726801657
3.825023944561298 3.8288630995639537
3.756410871233259 3.756410871233259
4.015560695103237 3.6237046574971763
3.7811214595295937 3.780255573551829
4.070182545979818 3.856754847935268
4.023963234641335 4.023963234641335
3.6649492899576823 3.7038755416870117
3.8631699879964194 4.052986907958984
3.7253262996673584 3.5744330364724863
3.7185642535869894 3.7185642535869894
3.7519249549278846 3.7519249549278846
3.8744796361678686 3.913477372150032
3.683274230957031 3.683274230957031
4.483533041817801 3.750780317518446
4.0373412238226996 4.0373412238226996
3.8185381571451824 3.8185381571451824
3.836764313453852 3.836764313453852
4.009670108943791 4.009670108943791
3.949082840320676 3.9097919074856504
3.6418964619539222 3.6930621421500427
3.290325164794922 3.290325164794922
3.61406105443051 3.61406105443051
3.8223085905376233 3.8223085905376233
3.7152102572246664 3.834789610745614
3.832323797817888 3.7921516568053004
4.14761474609375 4.14761474609375
3.6419029235839844 3.6419029235839844
3.735811505998884 3.735811505998884
3.3559191473599137 3.2530351469788372
3.9310236221704726 3.9310236221704726
2.841921806335449 3.4708118438720703
4.169248078998766 4.0163209496474845
3.696641055020419 3.696641055020419
3.6429659432738366 3.602873501712329
3.568072878081223 3.568072878081223
4.673661549886067 3.655844393643466
3.7669399485868564 3.7669399485868564
4.435252598353794 4.138426780700684
3.804586699514678 3.804586699514678
3.7525953209918477 3.705179433353612
3.811656672780107 3.810511525472005
3.7639547983805337 3.727028401692708
3.6837391478853077 3.6813976990049753
3.891410079656863 3.891410079656863
3.5378150939941406 3.5121630240177764
3.344043129368832 3.4596799767535664
3.6851541137695314 3.6851541137695314
3.5961556570870536 3.6144340446403436
3.6252907492897726 3.6245046587132697
3.5358505249023438 3.5358505249023438
4.641265869140625 4.4827931722005205
3.631946739783654 3.636020567358994
3.45108642578125 3.45108642578125
3.8417874849759617 3.592797597249349
3.822959206321023 3.822959206321023
3.786616502609928 3.7846396138348917
3.624809823385099 3.645139827284702
3.638160091707076 3.638160091707076
3.84173583984375 3.8642468061603483
3.886350458318537 3.722806063565341
4.021064758300781 4.021064758300781
3.909915076361762 3.9313853870738638
3.7636144161224365 3.7636144161224365
4.335949897766113 4.335949897766113
3.5391133626302085 3.647755432128906
3.6976524353027345 3.6976524353027345
3.467504102130269 3.467504102130269
4.219320024762835 4.219320024762835
4.035580917143486 4.035580917143486
3.781053740402748 3.8384426486107612
3.806238257366678 3.806238257366678
4.088467068142361 4.088467068142361
