4.179869995117188 3.9928107883619224
3.918320114548142 3.6828350830078125
3.8388526916503904 3.8388526916503904
3.988114356994629 3.988114356994629
3.5975727081298827 3.5975727081298827
3.9382046290806363 3.9382046290806363
3.7502367938006365 3.7502367938006365
3.698834675114329 3.698834675114329
4.056618967363911 4.056618967363911
3.883307254675663 3.883307254675663
4.09345219930013 3.94468166953639
3.8899361746651784 3.8899361746651784
4.005506606329055 4.005506606329055
3.704040765762329 3.704040765762329
3.615093362742457 3.638353256952195
3.784407242484715 3.784407242484715
3.6247699444110575 3.648317337036133
3.8906528766338644 3.8906528766338644
3.8298671722412108 3.83399175828503
3.607022645043545 3.6103424897065035
3.5698344707489014 3.75005251862282
4.1652679443359375 4.424876162880345
3.5117479960123696 3.7061824253627234
3.905393600463867 4.0049396589690565
3.874385561261858 3.874385561261858
3.909762700398763 3.8326399666922435
3.7489303961032774 3.8251756032307944
3.756531270345052 3.6594869924146076
3.9242826189313615 3.9242826189313615
3.6508247375488283 3.6508247375488283
4.2264658610026045 4.2264658610026045
4.116631141075721 4.116631141075721
3.8622665405273438 3.864501953125
4.410042939362703 4.3788693335748485
3.848518634664601 4.018404574007602
3.617505829909752 3.617505829909752
3.636995152064732 3.636995152064732
4.06616943359375 3.7897667518028846
3.553386960710798 3.553386960710798
3.0811694463094077 3.2367109818892046
3.960200786590576 3.960200786590576
3.330508839000355 3.5117405785454645
3.404512959141885 3.5297155206853694
4.430521283830915 4.430521283830915
3.6379863739013674 3.6379863739013674
3.866685594831194 3.8468679612682712
3.857503890991211 3.857503890991211
3.779646873474121 3.723143546811996
4.105093331172548 3.9340986285293313
3.681404445482337 3.681404445482337
4.064436446788699 3.84639030590392
3.7774044888690836 3.7815299777809632
3.8879801432291665 3.927415302821568
3.863326146052434 3.823512110216864
4.330381774902344 3.9211104019828467
3.829986027308873 3.978848816918545
3.776259558541434 3.822869873046875
4.023028626733897 4.1552480061848955
3.883024281468885 3.695739191228693
3.9092870251885774 3.9092870251885774
3.7702498663039434 3.749159102006392
3.7828505572150735 3.7828505572150735
3.6774763627485796 3.59615478515625
3.585416681626264 3.585416681626264
3.6354517053674766 3.6354517053674766
3.98683686689897 3.865617463082978
3.7764242764176994 3.890830775669643
4.291580765335648 4.056770943306588
3.818334306989397 3.6343955993652344
4.348004150390625 4.348004150390625
3.7779599144345237 3.7779599144345237
3.982410888671875 3.9362559164724042
3.729009213654891 3.729009213654891
3.776483154296875 3.6367496143687856
3.944960912068685 3.944960912068685
3.6997475002122964 3.61080322265625
3.971174352309283 4.069020871762876
3.9544647216796873 3.8027807458654626
3.7085065205891925 3.6833072916666665
3.896047475386639 3.896047475386639
3.7632346775220786 3.79078125
3.890847682952881 3.890847682952881
4.0902541024344305 4.0902541024344305
3.566015355727252 3.566015355727252
3.500275351784446 3.542238443204672
3.7557654545224946 3.7704579527948945
3.66855224609375 3.66855224609375
3.0829322814941404 3.0829322814941404
3.9459220341273715 3.9459220341273715
3.542390032512386 3.542390032512386
3.7445959793893913 3.7445959793893913
3.5334308330829325 3.5380117926799075
3.583028353177584 3.583028353177584
3.824266091371194 3.824266091371194
3.598320279802595 3.598320279802595
3.5744758768284575 3.5744758768284575
3.557693099975586 3.557693099975586
3.550350535999645 3.550350535999645
3.7092427098473837 3.7092427098473837
3.81585851208917 3.809308793809679
3.797557742096657 3.7396624755859373
3.6311222199470765 3.781956263950893
3.7916336059570312 3.7916336059570312
3.8078944319385593 3.7169475790895063
3.628942636343149 3.628942636343149
3.4346721172332764 3.424825946936447
3.5298015887920675 3.5225424570580053
3.9889891653349907 3.9889891653349907
3.766991206577846 3.8323179204413234
3.923141132701527 3.923141132701527
3.8329708523220485 3.8329708523220485
3.5113986875952743 3.5113986875952743
3.5325695535411006 3.6483150748319404
3.8397577004354506 3.7592420701856737
3.5010535830543157 3.5010535830543157
3.6496060689290366 3.650012367650082
3.884977552625868 3.8836137487533247
3.5022310892740887 3.7002408387231047
3.8235332782451925 3.8235332782451925
3.8009446461995444 3.548692152235243
4.106993538992746 4.106993538992746
4.1238555908203125 4.1238555908203125
3.760950030702533 3.760950030702533
4.105187824794224 3.8198636372884116
3.990476203687263 3.8437399793027054
3.9026752818714487 3.9026752818714487
3.3274497985839844 3.4853717579561123
3.8617616380964006 3.7099233774038463
4.304328155517578 4.010576121012369
4.2724135262625555 4.2724135262625555
3.433014980582304 3.2849654012651586
3.375850041707357 3.0729942321777344
3.611265869140625 3.728317491935961
3.9848563454367896 3.9848563454367896
3.42919921875 3.42919921875
3.457170867919922 3.457170867919922
3.247310002644857 3.247310002644857
3.4668481009347096 3.4668481009347096
3.6317791408962674 3.6317791408962674
4.254591941833496 4.254591941833496
3.516010284423828 3.3655354817708334
3.9315391540527345 3.756802558898926
4.370510949028863 4.278683712607936
3.831754090356045 3.816727347995924
3.673614501953125 3.673614501953125
3.861988220214844 3.7237571716308593
3.7003436618381076 3.7003436618381076
3.8808068447425716 3.8808068447425716
3.601111243752872 3.601111243752872
3.5732358849566914 3.5732358849566914
3.7802743911743164 3.52583991156684
3.9402962709084535 3.7974372111575705
3.7406107584635415 3.7406107584635415
3.3778450705788354 3.5721605877543605
3.78665942680545 3.7508873067876345
3.503462873186384 3.5492166918377546
3.4589101617986504 3.4589101617986504
3.642596108572824 3.642596108572824
4.1900127955845425 4.1900127955845425
3.884283883231027 3.634420166015625
4.2326704661051435 4.0436077695904356
3.9865493774414062 4.192145756312779
3.428243637084961 3.562085958627554
3.9269950866699217 3.9269950866699217
3.1972565284142127 3.435793195452009
3.9793599446614585 3.8940077039930556
3.675416155559261 3.7198129330041274
3.9644287957085504 3.9028687110314
4.188711843182964 4.150509884482936
3.6824360723080845 3.5266297893759644
3.9538894653320313 3.9538894653320313
3.6989030838012695 3.6989030838012695
3.82670725946841 3.790827605683925
3.5984115600585938 3.3698367557010136
3.752195287633825 3.752195287633825
3.745175770350865 3.7720867450420674
3.63195853397764 3.9056638829848347
3.4898859659830728 3.4898859659830728
3.813152088838465 3.813152088838465
3.299150165758635 3.267406322337963
3.473546346028646 3.473546346028646
3.3041448178498642 3.3041448178498642
4.202237562699751 4.202237562699751
3.479096221923828 3.479096221923828
3.458348200871394 3.4337158203125
3.5818740844726564 3.654660906110491
3.7018290374238614 3.7018290374238614
3.734797886439732 3.793011895541487
4.411649976457868 3.97918455062374
3.942032199435764 3.755578311873071
3.866802930831909 3.713010515485491
3.987523396809896 3.9118130023662863
3.464904361300998 3.6200037989123115
3.669349125453404 3.669349125453404
3.7726402282714844 3.903302764892578
3.7131069183349608 3.7131069183349608
3.434878667195638 3.739966328938802
3.637908241965554 3.7785172895951704
3.556074778238932 3.556074778238932
4.766638946533203 4.766638946533203
3.7336803783069956 3.7336803783069956
3.5427221349767737 3.5266196772737324
3.5594828128814697 3.5594828128814697
3.783527374267578 3.395613098144531
3.1133594512939453 3.519239213731554
4.894681113106864 4.894681113106864
3.728387015206473 3.8310073541135203
3.745494914504717 3.745494914504717
3.6720123291015625 3.6720123291015625
3.983060564313616 3.918222427368164
4.195102398212139 3.6151317249644888
3.853148529495018 3.8467715683803765
4.0994581434461805 4.042245592389788
3.7695995828379756 3.600278309413365
3.5757012618215462 3.878015269403872
3.385560255784255 3.385560255784255
4.123910903930664 4.123910903930664
3.840963027056526 3.840963027056526
3.563835382461548 3.563835382461548
3.737305585075827 3.848202792080966
3.9240960693359375 3.9240960693359375
3.7480947875976565 3.7480947875976565
3.833882071755149 3.645067102768842
3.675418160178445 3.6236947481749486
4.099069595336914 4.359920999278193
3.6149072647094727 3.6149072647094727
3.855642772856213 3.8078552881876626
4.10089956011091 4.10089956011091
3.6983396659777004 3.6983396659777004
3.5549898731465244 3.520508697067482
3.3133718317205254 3.3133718317205254
3.535243443080357 3.5384063720703125
3.853046417236328 3.742974794827975
3.4922273055366846 3.4922273055366846
3.6365365693063447 3.6365365693063447
4.0129038492838545 4.0129038492838545
3.822495222091675 3.8985719680786133
3.9396090507507324 3.9396090507507324
3.5009608193049355 3.5009608193049355
3.8452586123817847 3.8452586123817847
3.9944666986880093 3.9944666986880093
3.7124421861436634 3.7124421861436634
3.984502919514974 3.868257002397017
3.966004871186756 3.966004871186756
4.135641915457589 4.135641915457589
3.610490526471819 3.704064505440848
4.322832743326823 4.488770705003005
3.793400764465332 3.7406018575032554
3.383750583814538 3.6188735961914062
3.7619391221266527 3.7619391221266527
3.959661695692274 3.959661695692274
3.641453857421875 3.641453857421875
4.009122212727864 4.009122212727864
3.699963691907051 3.760781795420545
3.7723312377929688 4.012879805131392
3.8757770244891825 3.8201518811677633
3.6873181660970054 3.6873181660970054
4.391429356166294 4.391429356166294
3.7968784968058267 3.7479021227037586
3.633986296477141 3.536203095407197
3.5758332043159298 3.5513199515964673
3.6784398932206 3.567616441514757
3.4976514733355977 3.4976514733355977
3.4766159057617188 3.4766159057617188
3.6754071044921877 3.737414768763951
3.9022093273344494 3.9022093273344494
4.110840741325827 3.393832280085637
4.095518692680027 4.095518692680027
3.6760773835358798 3.6760773835358798
3.897514888218471 3.9357874393463135
3.762256622314453 3.749546148838141
3.7824613783094616 3.7824613783094616
3.7107368238044507 3.5880420612839035
3.716240201677595 3.716240201677595
3.716270183694774 3.714895127694818
3.973393475567853 3.973393475567853
3.495371201459099 3.495371201459099
3.3145920973557694 3.4320671929253472
3.416935464610224 3.416935464610224
3.884375395598235 3.884375395598235
3.551590367367393 3.551590367367393
3.6626590304904516 3.7152589042231723
3.977363933216442 3.894228307212271
3.951159773201778 3.951159773201778
3.627330356174045 3.6325626373291016
3.120359940962358 3.120359940962358
3.858014493375211 3.9134840854378634
3.4896121554904513 3.501199822676809
3.6073724655877974 3.5526772357047873
3.710809237715127 3.710809237715127
3.8584962067780673 3.77189796849301
3.7192276545933316 3.6680868900183476
4.2779073300568955 4.121266259087457
4.163105010986328 4.163105010986328
3.749002456665039 3.3266474405924478
3.5852684020996093 3.9295928955078123
4.275954246520996 4.275954246520996
3.4184564443734975 3.2199864880792024
3.4184564443734975 3.2199864880792024
2.5852630615234373 2.965029822455512
3.8388078751102572 3.6711422232694404
4.180960337320964 3.7419949486142112
3.2875978681776257 3.6574405670166015
3.1632458079944956 3.428251478407118
4.917608642578125 4.917608642578125
4.420229985163762 4.420229985163762
3.467929416232639 3.469091796875
3.9558978610568576 3.9558978610568576
3.956998825073242 3.940269676414696
3.91387825012207 3.91387825012207
3.806077090176669 3.806077090176669
4.353837966918945 4.159666208120493
3.5865409851074217 3.5865409851074217
2.9318084716796875 2.9318084716796875
3.8860435485839844 3.8860435485839844
5.032266235351562 5.584119160970052
4.454407374064128 3.973031997680664
3.960200786590576 3.960200786590576
3.730081558227539 3.5617818417756455
4.1874880109514505 3.589772676166735
4.167753046209162 4.167753046209162
4.49561240456321 4.098607017880394
3.8682691786024304 3.5344197750091553
3.747466496058873 3.700309059836648
3.674072265625 3.728061451631434
3.6012465159098306 3.6012465159098306
3.703131103515625 3.703131103515625
3.3898086547851562 3.5265621185302733
2.9753013610839845 2.9753013610839845
3.9555251177619484 3.9555251177619484
4.043900489807129 3.5576036241319446
4.585355281829834 4.4804872785295755
3.678196957236842 3.717438135391627
4.210394723074777 3.7634913126627603
3.8007630242241754 3.8007630242241754
3.8230043138776506 3.5228279732369088
4.229841868082683 4.383790697370257
3.7806907653808595 3.7806907653808595
4.094786210493608 4.094786210493608
3.3274497985839844 3.835051285593133
3.5311851501464844 3.5311851501464844
3.1679739518599077 3.1679739518599077
3.6766299685916386 3.6766299685916386
3.7911698477608815 3.578878302323191
3.9865590875799004 3.9865590875799004
4.085803985595703 3.8669243484246927
4.257956695556641 4.257956695556641
3.9629730811485877 3.9629730811485877
3.7206804911295572 3.7206804911295572
3.7303301642922793 3.7303301642922793
3.8414563118143286 3.8414563118143286
3.7567412943779668 3.7567412943779668
3.613851509842218 3.614119707527807
4.297198341006324 4.297198341006324
4.131634182400173 3.6294744391190377
4.155296325683594 4.399447123209636
3.664139903675426 3.6182510375976564
4.066106010885799 3.935016632080078
3.968975067138672 3.968975067138672
4.0158843994140625 4.0158843994140625
3.8827624198717947 3.7748900822230746
4.061830139160156 4.073966773780617
3.6601893833705357 3.62052978515625
4.118804931640625 3.9436657475490198
4.025483267647879 3.713819291856554
4.11298301003196 4.11298301003196
4.44194089449369 4.44194089449369
4.633841923304966 4.6797935084292765
4.094448471069336 4.065558506892278
3.7478480021158855 3.9595722399259867
4.351763725280762 4.351763725280762
3.863518813560749 3.863518813560749
4.082776387532552 4.082776387532552
3.6887779235839844 3.68309180416278
3.960200786590576 3.960200786590576
3.8722842746310766 3.742189310364804
3.975719451904297 3.8950831095377603
3.477294376918248 3.477294376918248
3.985856897690717 3.772618974958147
3.5598178731984107 3.5598178731984107
3.3033041272844588 3.3033041272844588
3.9413092041015627 3.9413092041015627
3.9967825317382815 4.025631662142479
3.9803343982231327 3.9803343982231327
3.8206787109375 3.8206787109375
4.1794238620334205 4.005678885323661
4.350115607766544 4.350115607766544
3.9747641881306968 3.9747641881306968
3.8838007073653373 3.846634864807129
3.6528838021414622 3.735419995857008
3.939651216779436 3.939651216779436
3.996720377604167 3.996720377604167
4.806585311889648 4.902856714585248
3.6726397346047794 3.7179737091064453
3.9031284216678506 3.828371914950284
3.8005903528091753 3.8005903528091753
3.7697978019714355 3.8084636688232423
3.987850267059949 3.987850267059949
3.94397706251878 3.731654575892857
3.7750166635664684 3.7275590163010817
3.973174266326122 3.973174266326122
4.0300954182942705 4.0300954182942705
3.6950033436650815 3.6950033436650815
3.6745419709578804 3.655231221516927
4.109430367606027 4.121019585188045
3.6176905845528218 3.60759521484375
3.391666957310268 3.526017858626995
3.7780742403827134 3.7588881690903464
4.070331226695668 3.8895223866338315
3.4420541616586537 3.666386323816636
3.6111409505208334 3.6882279459635416
3.589677893597147 3.589677893597147
3.985196794782366 3.786438962246509
3.3464933122907365 3.3464933122907365
3.8474869361290565 3.8474869361290565
3.8253009033203127 3.7821354060978085
3.5252667236328126 3.5252667236328126
3.3088500411422164 3.3088500411422164
3.7383457819620767 3.7496155632866754
3.7132127549913196 3.687400622245593
3.777828563343395 3.777828563343395
3.8095138549804686 3.8095138549804686
3.909484298140914 3.7532231579088187
3.72869873046875 3.6273013255635247
3.6714825439453125 3.6249789943942776
3.567197254725865 3.572795104980469
3.5972668877963363 3.5972668877963363
3.5418107405952783 3.4782915617290295
3.962458190917969 3.920916748046875
3.7660843698601973 3.7660843698601973
3.516081981169872 3.516081981169872
3.699918958875868 3.699918958875868
4.053657039519279 3.9838069568980825
3.583035676375679 3.5213650294712613
3.7467293372521033 3.7467293372521033
3.357219322054994 3.3852155049641928
3.890855872112772 3.890855872112772
3.824378409036776 3.824378409036776
3.8440207022207753 3.7425194817620353
3.984669425270774 3.984669425270774
3.7124080657958984 3.6935301281156994
3.516526624891493 3.528000793457031
3.713646480015346 3.667640363666373
3.692633793271821 3.692633793271821
3.8227323206459602 3.779559326171875
3.6847719004456425 3.6847719004456425
3.578293445063572 3.669460665795111
3.578170166015625 3.6219448221140893
3.691366916232639 3.691366916232639
3.9422021484375 3.8431180318196616
3.7461836381392044 3.8543785496761926
3.7226722471175657 3.7226722471175657
3.6924028396606445 3.6924028396606445
3.5387786155523258 3.5387786155523258
3.7899208068847656 3.7225932669132313
3.6338444199672963 3.5576263427734376
3.6147014338795733 3.6147014338795733
3.4018663678850447 3.508420077237216
2.8105838298797607 3.094293403625488
3.6033198038736978 3.6033198038736978
3.891208836289703 3.732440907468078
3.545498318142361 3.545498318142361
3.3262476603190105 3.3262476603190105
3.856591323326374 3.877002422626202
4.035896594707783 4.081372347745028
3.590796493902439 3.590796493902439
3.9423326061617945 3.811628642835115
3.5502363262754497 3.4635676894077037
3.5140945146668634 3.5140945146668634
3.392617096772065 3.392617096772065
3.276397705078125 3.276397705078125
3.401295429951436 3.4615029521372125
3.772993668265965 3.7748190669690147
3.9441851991595644 3.9441851991595644
3.740168017010356 3.648475341796875
4.062302609707447 4.062302609707447
3.8830542728818696 3.8830542728818696
3.6232093072706655 3.5752860404349662
3.116392886999882 3.2072965660873725
4.019963471785836 4.019963471785836
3.6354012922807173 3.733719752385066
3.8803204623135654 3.947990573182398
3.8142063535492996 3.863518691644436
3.6399898529052734 3.6410394396100725
3.4428939819335938 3.566881877620046
3.786677325213397 3.874171330378606
3.448763732910156 3.4913894444295805
3.8883624606662326 3.8883624606662326
3.5055966763883024 3.578521018804506
3.8614466349283854 3.710574937903363
3.513176753603179 3.506124729063453
3.835457335127161 3.9455486096833883
3.4542072180545693 3.5849884033203123
3.9412955544211647 3.9056302025204612
3.3230574131011963 3.3230574131011963
4.022027333577474 4.022027333577474
3.5751255580357144 3.602527707122093
3.884571354563643 3.8626317977905273
3.5500152587890623 3.5500152587890623
3.7370223999023438 3.7370223999023438
3.837226089166135 3.667896728515625
3.5557458060128346 3.4847498713312923
3.6383328372485018 3.6383328372485018
3.7112231587254723 3.7112231587254723
3.3877588220544763 3.638026906483209
3.2999985306351274 3.2999985306351274
3.614106920030382 3.6443388695810355
3.6798495822482638 3.7262776692708335
3.7879830218376 3.7166902669270834
3.711884540060292 3.711884540060292
3.5210101965701943 3.5210101965701943
3.8748200829349346 3.8712136911791424
3.4806381536989797 3.380608343308972
3.8227948869977677 3.8227948869977677
3.5451543596055775 3.614385986328125
3.67649973993716 3.7375654740767046
3.9926490783691406 3.891122918379934
3.703911917550223 3.703911917550223
3.8328120393573113 3.8328120393573113
3.5665882251880787 3.6321209178251377
3.7863060735887095 3.4347069318904433
3.762543216828377 3.734294963332842
3.5307035775020204 3.5307035775020204
3.7818448296908675 3.755442970677426
3.6099179949079243 3.6099179949079243
3.657389571027058 3.604618617466518
3.5015850830078126 3.6710960388183596
3.296330769856771 3.5087637467817827
3.4549203600202287 3.6604945843036356
3.934133529663086 3.726933070591518
3.7565590540568032 3.710729726155599
3.963944144870924 3.9498370034354076
3.894101069523738 3.894101069523738
3.456422119140625 3.4305429031599814
3.683161487318065 3.683161487318065
3.5784797115602354 3.5784797115602354
3.8547261555989585 3.7025444124951776
3.7730152476917613 3.7730152476917613
3.2868265551190046 3.4870286207932693
3.524848302205404 3.5901989545978483
3.584752049939386 3.6576680028161337
3.365930295458027 3.4704561673677885
3.7687780592176647 3.7687780592176647
3.6994164360894097 3.6994164360894097
3.7906667348500847 3.885536049896816
3.8670899527413503 3.775408380681818
3.9316205978393555 3.9316205978393555
3.4444235229492186 3.4444235229492186
3.897894167432598 3.897894167432598
3.623470666273585 3.623470666273585
3.532696348248106 3.532696348248106
3.531596742827317 3.6242752075195312
3.7914091598155886 3.7914091598155886
3.5621067927433896 3.5621067927433896
3.850308418273926 3.850308418273926
3.609505447686887 3.5915920451536016
3.7781708816002153 3.7781708816002153
4.118871274201767 4.118871274201767
3.873073268581081 3.73604679107666
3.4726171493530273 3.5738917759486606
3.6301685878208705 3.6301685878208705
3.678678240094866 3.4945313930511475
4.2040870666503904 3.7770914877614667
3.5316127908640893 3.5316127908640893
3.628483141882945 3.6234635062839673
3.506527062618371 3.4628168741861978
4.021852680281097 3.9450986183295815
3.713816179547991 3.713816179547991
3.8156814575195312 3.7406414256376377
3.629813639322917 3.745217063210227
3.7413949966430664 3.7413949966430664
3.6624276297433034 3.697895178634129
3.7618347877679867 3.7162901680424527
3.6624154663085937 3.6624154663085937
3.7413949966430664 3.7413949966430664
3.798874564792799 3.798874564792799
3.6835384884396114 3.6835384884396114
3.8654973647173714 3.8654973647173714
3.6089184668756302 3.5686269906850963
3.693695068359375 3.8222954791525137
3.7322400849441 3.793572859330611
3.6905729332748725 3.689481500993695
3.8626089913504464 3.9242926703559027
3.3634827072555953 3.5144277112237337
3.726151393010066 3.7671467174183237
3.5963668823242188 3.608119010925293
3.857513919953377 3.6462665632659315
3.7320340784584602 3.5816521895559212
4.15378893338717 4.252095402898015
3.6466313023721018 3.7340850830078125
3.833272896560968 3.682517231374547
3.8599815955528847 3.763420718839799
4.0119092387537805 4.0119092387537805
3.864243745803833 3.8861236572265625
4.113840456362124 3.90344000922309
3.7507242475237166 3.7356652368473102
4.029738263386052 3.96608811981824
3.908914682816486 3.8084918523238875
3.7975791648582176 3.8429975665983607
3.8308680057525635 3.887890003345631
4.1125640869140625 4.1125640869140625
3.514979275790128 3.5322340223524304
3.615400950113932 3.6750106811523438
3.9225878034319197 3.752918308064089
3.445962905883789 3.445962905883789
3.909467809340533 3.9502430966025903
3.8232393848652744 3.8175409035604506
3.594847412109375 3.5896260579427084
4.227544487847222 4.029102253464033
3.645502173382303 3.645502173382303
3.5800557690997454 3.7026966639927457
3.3262476603190105 3.3262476603190105
3.7132127549913196 3.6882353991996952
3.9061342127182903 3.943783714657738
3.6724815368652344 3.7545176419344815
3.390970056707209 3.390970056707209
3.6989148457845054 3.733443859011628
3.443101331922743 3.4668306836894915
3.429635463616787 3.374005485983456
3.3927204608917236 3.3927204608917236
3.704936726888021 3.704936726888021
3.6191578915244653 3.6191578915244653
3.938327545815326 3.938327545815326
3.4724759893902277 3.5477149065803077
3.727688403839761 3.75758785671658
3.4667404462706366 3.4667404462706366
3.8286392211914064 3.698734082673725
3.844013355396412 3.844013355396412
3.92701904296875 3.9783377647399902
3.5354202933933423 3.555537137118253
3.589810485839844 3.719504801432292
3.7547052001953123 3.7628350741621377
3.7927748736213234 3.8047039325420675
3.6302571152195786 3.6238018715218323
3.5325900486537387 3.5325900486537387
3.499394734700521 3.499394734700521
3.664301300048828 3.664301300048828
3.4500329359522404 3.4500329359522404
3.7614078965297963 3.8261032104492188
4.093677227313702 3.6271805301789315
3.6274009372877036 3.6274009372877036
3.9509134600239415 3.703890892767137
4.155901489257812 4.292223381273674
3.802334329356318 3.792675272623698
3.990816116333008 3.7889837449596775
3.6362987317537008 3.6362987317537008
3.8716597380461515 3.947493553161621
3.6928995768229167 3.758350557493932
3.534028583102756 3.534028583102756
4.258427619934082 4.258427619934082
3.7751028537750244 3.843833456234056
3.7006168910435266 3.6946574428625274
3.5767870136335786 3.5767870136335786
3.6357239314488004 3.6357239314488004
3.642569308810764 3.642569308810764
3.6929973255504263 3.6544249398367747
3.726408444918119 3.8107555223547895
3.850903774829621 3.872237028899016
3.6878701914911685 3.896178623415389
3.5424464543660483 3.6473370869954427
3.8066993126502404 3.7904139432040127
4.025102034859035 3.9120809865552326
3.6865084171295166 3.7346350222217795
3.4503210944098397 3.747610873863345
3.83832001267818 3.7278249640213814
3.6865482330322266 3.7178559850473873
3.5929942883943258 3.5682586034139
3.664093441433377 3.6642946337090163
4.003688049316406 3.9279866823008365
3.707836469014486 3.7276341915130615
3.6520221710205076 3.7175761440344024
3.759263441297743 3.6596272786458335
3.759248833907278 3.641884317203444
3.6261983472247454 3.666548059341755
3.7245113185194674 3.5968228853665867
3.526615687779018 3.6087066650390627
3.819762473882631 3.7503149850027904
3.2911084493001304 3.2911084493001304
3.7692174275716144 3.7692174275716144
3.8680699666341147 3.8680699666341147
4.059039776141827 3.9443646055279356
3.2800452096121653 3.4740965366363525
3.922572260317595 3.922572260317595
3.661180530894886 3.661180530894886
3.6963092041015626 3.573406219482422
3.805009969075521 3.805009969075521
3.839904230291193 3.897629801432292
3.68145637512207 3.7700523376464843
3.848552615143532 3.848552615143532
3.7565698623657227 3.7565698623657227
4.130868094308036 4.131761120211694
3.9852261352539062 3.9069378962282273
3.516629333496094 3.4818384647369385
3.8175973892211914 3.8568022129899364
3.8228118896484373 3.77490917005037
4.381179462779652 3.9911041259765625
3.7217741341426454 3.7896377101089014
3.3443832397460938 3.349662368362014
3.509915109408104 3.588001308156483
3.8559733245332364 3.675958947290348
3.6511548913043477 3.8363849270728325
3.6394943237304687 3.782731976425439
3.6421678983248196 3.7590011596679687
4.101277226987093 4.034645978142233
3.5824017333984375 3.705355689639137
4.19855714455629 4.19855714455629
3.5167119806463067 3.5942373275756836
3.3951323372977122 3.369148947975852
3.8539991832914806 3.709822518484933
4.221549987792969 3.933316814365672
3.4618693457709417 3.668377685546875
3.329052734375 3.331447795286017
3.7729116903769 3.718731058054957
3.661867008652798 3.531365110163103
3.8385411580403646 3.6976300194149925
3.9364383404071512 3.8608410742975052
3.89487698203639 3.81410158597506
3.786390904017857 3.6746092296781994
4.004364325075733 3.9986433062637063
3.624435085720486 3.624435085720486
3.939250946044922 3.939250946044922
3.808070223096391 3.808070223096391
3.2511571767378826 3.2511571767378826
3.6711825900607638 3.6711825900607638
3.79043212890625 3.823583330426897
3.6301422119140625 3.7742867903275923
3.8880595331606655 3.891815730503627
3.4927026071856098 3.4927026071856098
3.6842643336245886 3.6716455078125
3.851667642593384 3.882687462700738
3.665538554288903 3.525385929987981
3.375914306640625 3.333484752758129
4.480642530653212 4.065436363220215
3.667395742315995 3.716379339044744
3.684065900530134 3.684065900530134
3.542664267800071 3.542664267800071
3.9360067579481335 4.040567355685764
3.2408981323242188 3.3612701892852783
3.728148687453497 3.728148687453497
3.680628237516984 3.680628237516984
3.9661479749177633 3.887721379597982
3.9057224818638394 3.8864063081287203
3.6161850909797515 3.688750361053037
4.064436446788699 3.84639030590392
3.779387530158548 3.779387530158548
3.6149072647094727 3.6149072647094727
3.923614501953125 3.859800769436744
4.196392313639323 4.093807983398437
3.9747641881306968 3.9747641881306968
4.099069595336914 4.359920999278193
3.1632458079944956 3.428251478407118
3.853046417236328 3.742974794827975
3.1972565284142127 3.435793195452009
4.353837966918945 4.159666208120493
4.0902541024344305 4.0902541024344305
3.939651216779436 3.939651216779436
3.458348200871394 3.4337158203125
3.818334306989397 3.6343955993652344
3.6012465159098306 3.6012465159098306
3.853587501927426 3.853587501927426
3.597558120201374 3.597558120201374
4.057895236545139 4.057895236545139
3.617505829909752 3.617505829909752
3.557693099975586 3.557693099975586
3.6248359054815573 3.6248359054815573
3.8230043138776506 3.5228279732369088
3.884977552625868 3.7565618776807597
3.4169880036384828 3.6620297315644055
4.370510949028863 4.278683712607936
3.853148529495018 3.8467715683803765
3.7802743911743164 3.52583991156684
4.2724135262625555 4.115335252549913
3.7702498663039434 3.749159102006392
3.375850041707357 3.0729942321777344
3.923141132701527 3.923141132701527
3.610490526471819 3.704064505440848
4.430521283830915 4.430521283830915
3.4801820324313257 3.5363246372767856
3.585416681626264 3.585416681626264
4.44194089449369 4.44194089449369
3.5757012618215462 3.878015269403872
3.8722842746310766 3.742189310364804
3.6720123291015625 3.6720123291015625
3.542390032512386 3.542390032512386
4.322832743326823 4.488770705003005
3.7971656799316404 3.7971656799316404
3.954306793212891 3.7222442626953125
3.1133594512939453 3.519239213731554
3.7131069183349608 3.7131069183349608
4.806585311889648 4.902856714585248
3.566015355727252 3.566015355727252
4.118804931640625 3.9436657475490198
3.7372660032460385 3.7156164986746654
3.9315391540527345 3.756802558898926
3.550350535999645 3.550350535999645
3.688391367594401 3.512027291690602
3.704040765762329 3.704040765762329
3.905393600463867 4.0049396589690565
3.710809237715127 3.710809237715127
3.966004871186756 3.966004871186756
3.6824360723080845 3.5266297893759644
4.454407374064128 3.973031997680664
3.433014980582304 3.2849654012651586
3.6972239319707305 3.6972239319707305
3.319411442197602 3.319411442197602
3.7370265415736608 3.8658646647135417
3.8019015588492993 3.7526043435801633
4.109596633911133 4.117090454101563
4.0496653895224295 4.0496653895224295
3.928954448896585 3.8981000289176273
3.8151337996773096 3.697247129498106
3.860046704610189 3.860046704610189
3.5394245494495737 3.588083620424624
3.7981304093903185 3.7981304093903185
3.8555792606238164 3.7743795889395253
3.6437023265941724 3.6245486508509157
3.833281944537985 3.827288866043091
4.170401436941964 3.9654527747112773
3.693812197730655 3.5992731854198423
3.919214612655057 3.934711968720849
3.9766042608963814 3.956993661275724
3.8898212909698486 3.9999740600585936
3.9920979375424595 3.973690392836085
3.8022186279296877 3.8328948974609376
3.575618198939732 3.742763303360849
3.8909034729003906 3.890195100203804
3.6527521042596724 3.8169995684956395
3.774611336844308 3.638083944515306
4.213894980294364 4.126269385928199
3.727066810684975 3.7608250935872394
3.8704103223320576 3.83522311996364
3.5411529541015625 3.522519268567049
3.6663656795726105 3.64369247898911
3.7940008375379772 3.7940008375379772
3.624741872151693 3.624741872151693
2.5352127075195314 3.239701271057129
3.728574514389038 3.6989486694335936
3.838092197516026 3.838092197516026
4.068426865797776 4.068426865797776
3.7071931900516635 3.7660255432128906
3.9699303763253346 3.768770217895508
4.121039207945478 3.7883675315163354
3.70681080919631 3.70681080919631
3.626847640327785 3.5648772716522217
3.127892017364502 3.4134205005787037
3.768452119545118 3.7981416548805673
3.3780921936035155 3.6351466414952043
4.240629196166992 3.5644588470458984
4.042542457580566 3.2965871637517754
3.725689697265625 3.631575520833333
3.8558843439275567 3.8558843439275567
3.5921956575833836 3.4563140869140625
3.6510419060202204 3.6510419060202204
3.7194609839068957 3.7004777018229165
3.9787173800998263 3.752857208251953
3.826410146859976 3.7606857124416306
3.4568842107599433 3.5941583542596724
3.494023640950521 3.494023640950521
3.5500512374074837 3.5500512374074837
3.621048812027816 3.621048812027816
4.732756932576497 4.093544593224158
3.791151324522148 3.8513266073690877
3.6332380121404473 3.639393276638455
3.60121832953559 3.5265364213423296
3.9725532036323052 3.984075568704044
3.9360296787359776 3.9360296787359776
3.6916347823980202 3.678448820767337
3.9947833436908144 3.9947833436908144
3.4362315425166376 3.4544586181640624
3.9149097866482205 3.8696145450367645
4.43797492980957 4.43797492980957
3.7671165466308594 3.7671165466308594
4.7794747603567025 3.9895477294921875
3.832657487425086 3.832657487425086
3.751735210418701 3.751735210418701
3.5591006808810763 3.5591006808810763
3.884049733479818 3.884049733479818
4.398720296223958 3.8961732387542725
3.7789601575608223 3.777433108660131
3.756556688156803 3.756556688156803
3.9101953125 3.9101953125
3.660191665461034 3.6643426906295686
4.120086034138997 4.120086034138997
3.6513043212890626 3.6513043212890626
4.073404693603516 3.9834518432617188
3.667603473274075 3.5722763706261005
3.7448103471235794 3.687039301945613
4.025116920471191 4.025116920471191
3.952430943080357 3.8966497376907703
3.867863972981771 3.867863972981771
3.8796852111816404 4.21021228366428
3.9792400159333883 3.8841831752232143
3.6523138192983775 3.6523138192983775
4.133181571960449 4.133181571960449
3.964506912231445 3.7049754128527286
3.650285956200133 3.650285956200133
4.156477864583334 4.3240286690848215
4.087454015558416 4.149571844872008
4.088966934769242 4.088966934769242
3.57986762306907 3.49156494140625
3.7935189958756346 3.835747142829517
3.8490723640688005 3.7046970767869474
3.402263538257496 3.576136271158854
3.674741432883523 3.6533022148664607
3.4181868813254614 3.4181868813254614
3.6131520687955097 3.625103899540792
3.7134868342701983 3.7134868342701983
3.8581613393930287 3.8581613393930287
3.457260478626598 3.533734893798828
4.058399547230113 4.175821341720282
4.073652903238933 3.9411834716796874
4.0565118408203125 3.9684217586073767
3.7418462579900567 3.9246563089304956
4.16849795254794 3.68012939453125
3.6016577261465565 3.6016577261465565
3.6491504770464602 3.6398022268700787
3.8560929581925674 3.744218515052955
3.756745147705078 3.6467052035861545
5.320154666900635 4.45305467688519
3.9006567233946265 3.9006567233946265
3.855779012044271 3.855779012044271
3.677691650390625 3.671513239542643
4.735806783040364 3.3259825933547247
3.6138398019891036 3.6138398019891036
3.702403704325358 3.7936836909321907
4.238142395019532 4.238142395019532
4.252983638218471 4.29107666015625
4.157809257507324 3.7676213582356772
3.5625749475815716 3.6040700752044392
4.120574951171875 4.241896984623928
3.91697855198637 3.9608299977494856
3.7063414558531744 3.735542780236353
3.7889428572221235 3.7569486829969616
3.527128659761869 3.527128659761869
3.727108637491862 3.727108637491862
3.8103831116582305 3.813389133762669
3.8989640778186274 3.7830509047910392
4.234145736694336 4.234145736694336
3.766307830810547 3.766307830810547
3.7938520323555425 3.7181854248046875
4.323386764526367 3.876409677358774
4.457355274873621 4.244026456560407
3.6332201276506697 3.575403340657552
3.8652705601283484 3.8652705601283484
3.944286193847656 3.88132449558803
3.7918882369995117 3.3940235137939454
3.7848710493607953 3.7848710493607953
3.7499330198609986 3.7570396471934715
2.9752464294433594 3.4496365810962435
3.4883749220106335 3.730362301781064
3.5283409118652345 3.5111815134684243
3.598034483013731 3.607770316208465
4.235093752543132 3.7286679667811238
4.014048258463542 3.8213518316095527
3.5311851501464844 3.5311851501464844
4.317018236432757 4.317018236432757
3.862017059326172 3.922244873046875
4.0703005109514505 4.4137013753255205
3.5850313626802883 3.5850313626802883
3.7748982111612954 3.704275076729911
4.167753046209162 4.167753046209162
3.7039047767376077 3.678576820775082
4.133766174316406 3.6083511041135203
3.909741368787042 3.9243118286132814
3.8178036338404606 3.8178036338404606
4.403105672200521 4.237492051235465
3.9234272883488583 4.092063903808594
4.071634674072266 3.729818243729441
3.626112972397402 3.626112972397402
3.5567935761951266 3.548520743128765
3.6094445621266082 3.7420108192845394
3.950535435830393 3.950535435830393
3.808641190962358 3.760924433318662
3.952214922223772 3.852029900801809
3.7162886399489183 3.5917680159859033
3.8013513353135853 3.8013513353135853
3.5891720420435855 3.5891720420435855
4.149778683980306 3.441067008085029
3.6224334716796873 3.541922160557338
3.9382779351596175 3.9382779351596175
4.495791117350261 3.7954424540201823
3.2126149264248935 3.802716688676314
3.5823001861572266 3.5388515472412108
3.8218152727399555 3.788069998382763
3.7522650054006865 4.012115833371184
3.7410330521432975 3.7453593966327134
3.7074915568033853 3.999367184109158
3.6585991753472222 3.6585991753472222
3.7158635232300883 3.771371364593506
3.493129676496479 3.4807716079905062
3.6932467836322207 3.5831905631131904
3.7797810872395834 3.7642580142691116
4.264311218261719 4.107179392939028
3.8939342498779297 3.8939342498779297
3.651553726196289 3.651553726196289
4.3558349609375 4.3558349609375
4.012785911560059 4.1058777703179254
3.831876571864298 3.831876571864298
3.761382800190389 3.779626634385851
4.446430206298828 4.446430206298828
3.787225511338976 3.787225511338976
3.6585966965247847 3.6585966965247847
5.166128794352214 3.9827559187605575
3.7809748064007676 3.705065823340601
3.7206095032772777 3.7230706108940974
3.9137439070076776 3.9137439070076776
3.644746616908482 3.642984338708826
3.649150594075521 3.649150594075521
3.655981312627378 3.740440891213613
4.078215843023256 4.078215843023256
3.9074231661283054 3.865001537181713
3.633677049116655 3.633677049116655
3.6101924896240236 3.736632995605469
3.576708037277748 3.6774514873376054
3.8056708115797777 3.8284431390002767
3.7371162280701755 3.7604432106018066
3.6973898494944852 3.6182265954514956
3.4278017126995586 3.4420996273265168
3.956331314579133 3.724043273925781
3.578749410222086 3.580353950542179
4.014566421508789 3.8274083064152644
3.3266324361165363 3.3907576340895433
3.807203956886574 3.8220443176708634
3.5689598821824595 3.575034797965706
3.5311851501464844 3.5311851501464844
3.342627207438151 3.5949179705451515
3.9270181366891572 3.8706904544106013
3.74566924705934 3.74566924705934
3.755533391779119 3.8307728237575955
5.315756479899089 4.399206722483916
4.3415650261773004 4.0528176047585225
3.833653376652644 3.76715302803147
3.663346608479818 3.604400329589844
3.550998609893176 3.5738463225188077
3.782854998553241 3.772459484281994
3.733635965983073 3.792576716496394
3.793977119553257 3.793977119553257
4.385987854003906 4.385987854003906
3.7992451985677085 3.7992451985677085
3.8665057171832076 3.8665057171832076
3.7592705620659723 3.6902968281447284
3.8273117963005516 3.79031982421875
3.704667865105395 3.650223626030816
3.7490103033524527 3.7110063141467524
3.6396093929515168 3.6396093929515168
4.178009033203125 4.178009033203125
3.624380759822512 3.604767679516735
3.7890097608844053 3.8208739398276967
3.7340271964905756 3.7579978660300926
3.895608041800705 3.8465502508755387
3.4703746122472428 3.4703746122472428
3.41651611328125 3.58675800670277
3.8457215627034507 3.7172368367513022
3.8285675048828125 3.670488830006451
4.006445682410038 4.006445682410038
4.027725883152174 3.9901467782479747
3.685683284897402 3.685683284897402
4.04507809593564 4.065011957640289
4.105763026646206 4.115169231708233
3.8682691786024304 3.5344197750091553
3.9252127995566717 3.9198376199473506
3.753247992936955 3.8557198121375644
3.5810392403308255 3.5810392403308255
3.240284729003906 3.240284729003906
3.7289263916015627 3.893016899956597
3.8769734700520835 3.8769734700520835
3.989239032451923 3.989239032451923
3.5625128495065788 3.5625128495065788
3.5857044941670186 3.6466201256061423
4.218065897623698 3.7987951981393913
3.8905442555745444 4.137687683105469
3.6004336375110553 3.552804432744565
3.756608916491997 3.7187191998517073
3.652258511247306 3.9139160882859003
4.45402581351144 3.653955247667101
4.478323800223214 4.478323800223214
3.790081569126674 3.7929127228565704
4.08807997270064 3.868753381677576
3.8509302139282227 4.072819519042969
3.8717314179960662 3.8717314179960662
4.1784503643329325 3.561324032870206
4.0259246826171875 3.9342645009358725
3.7913665771484375 3.831238909465511
3.85842443395544 3.85842443395544
3.6772585782137783 3.663818359375
3.6026877986574637 3.6026877986574637
3.742390535315689 3.7271550664838577
3.8231735229492188 4.051314490182059
3.651163129664179 3.651163129664179
3.838400448069853 3.9029427805254535
4.014314270019531 3.6195526123046875
3.706835624499199 3.712093468868371
3.772839689907962 3.796958036200945
3.855040740966797 3.8602055568321076
3.7304604539593447 3.7668829131544683
4.043700695037842 3.797193882829052
3.7215701687720513 3.7215701687720513
3.9419805908203127 3.9419805908203127
3.757487318250868 3.6040748530982905
3.8392192185527145 3.8392192185527145
3.739081365411932 3.5875231061662944
3.951351813550265 3.951351813550265
3.6205357731999577 3.52013910012167
3.8700620736648785 3.961416015625
3.647706531343006 3.5854952628152414
4.036417134602865 3.8491047184641767
3.927839312637061 3.9963755888097428
4.401042683919271 3.756017986096834
4.009660232898801 4.102105588329081
4.030985338934537 3.9422710468242697
3.689251548365543 3.7154570234582778
3.958520998899964 3.8595963946040373
4.178373064313616 4.311452132004958
3.7453800548206675 3.7316557785560347
3.6297647227411685 3.6297647227411685
3.9303985595703126 3.793358325958252
3.6645725795200894 3.7028176128000454
3.769034194946289 3.667130364312066
3.598994204872533 3.598994204872533
3.006575266520182 3.58258056640625
3.584071632667824 3.619154676258993
3.8703710003628755 3.8306517922198835
4.9680280685424805 4.020818437848773
3.671261180530895 3.7056921597184806
3.868883866530198 3.8635089208209323
3.6142997507668713 3.6142997507668713
3.7337138808776285 3.7518013129800054
4.049026913113064 3.80335865850034
3.6337299053485577 3.6156212059227197
4.693228149414063 4.693228149414063
3.903592396931476 3.870116879241635
3.7074630020448827 3.764593386182598
3.8759637129934212 3.828108023334023
4.507517337799072 4.369560241699219
3.8974689190204326 3.8084941082690134
4.139016469319661 4.139016469319661
3.6177120724239864 3.6177120724239864
4.368506113688151 4.156042098999023
4.16971171985973 4.16971171985973
3.819773584203335 3.816840894294508
4.03455214066939 4.03455214066939
3.8402076134314904 3.8402076134314904
3.6523204299638854 3.6523204299638854
3.738699419070513 3.724173033471201
3.7184295654296875 3.754796820746528
3.7047597354220363 3.66852456552011
3.7616043090820312 3.6294166409239477
3.9016171542080964 3.8965642896749206
3.8433618718927556 3.8433618718927556
3.4161053281841856 3.4161053281841856
3.8948279208824284 3.8948279208824284
4.3965296427408855 4.3965296427408855
3.9173390539617485 3.9173390539617485
3.9152365291819855 3.9152365291819855
3.8384158325195314 3.7906990744850853
3.5259498389991553 3.718178488991477
3.5332232581244574 3.7287244039868552
3.4858806133270264 3.4858806133270264
4.167093912760417 3.7742462158203125
3.851676060603215 3.7595389871036304
3.8465042114257812 3.814296800263074
3.928358043323864 3.849004930065524
3.0380948384602866 3.5136081695556642
3.78527867108926 3.7429175967261905
3.556172110817649 3.4660189819335936
3.8938856060002127 3.8938856060002127
3.6649494002350664 3.6610430549172794
3.4404067993164062 3.5668366844974346
4.178775363498264 4.178775363498264
3.5202293982872597 3.6194998319031764
4.079498291015625 3.9450302124023438
3.6544971466064453 3.869280242919922
3.7031189600626626 3.7031189600626626
3.9207856551460596 3.8608870072798296
3.6184366666353664 3.6184366666353664
3.600446097458465 3.5652553013392856
3.785525014709728 3.785525014709728
4.146610577901204 3.9135236238178455
3.9343944348787008 3.9343944348787008
3.8018782766241777 3.7320279913433527
3.623084283644153 3.5790186264935664
3.9485339148569913 3.9696587456597223
3.428243637084961 3.3242430005754744
3.584289841424851 3.6462177276611327
3.5334820037192487 3.5334820037192487
3.7906980261338497 3.7906980261338497
4.070173645019532 4.174818741647821
3.665247599283854 3.666224090146347
3.825990676879883 4.056545551006611
3.7313109503851996 3.8337503051757813
3.8617399369163077 3.8617399369163077
3.8678368016293176 3.7197029807350854
3.6504332955959624 3.648486536792201
3.6794036046755267 3.706144873775653
3.8163798014322916 3.681078040081522
2.936106872558594 3.3694799917715565
3.6610392252604167 3.6581516431725545
3.906246366954985 3.8026079000885953
3.703957035856427 3.72619189013232
3.529256673959585 3.5749801134279635
3.626734597342355 3.626734597342355
3.485025275243472 3.625518798828125
3.605198989679784 3.605198989679784
3.683405420801661 3.700875946969697
3.489587459924086 3.59911204192598
3.6291787109375 3.632655249701606
3.713194550060835 3.713194550060835
3.527434997558594 3.527434997558594
3.672695384306066 3.672695384306066
3.7887568913453014 3.7694222054830413
4.585355281829834 4.264669418334961
3.740321568080357 3.740321568080357
3.9450611564683618 3.9450611564683618
3.6311210097780653 3.61478007923473
3.7973223234477795 3.5123778751918246
4.065412975492931 3.946300227467607
3.6813953254796283 3.6791975838797435
3.636830369087115 3.6088828602056395
3.6743562486436634 3.679374035493827
3.7277681016430413 3.751184201708027
3.849031284877232 3.8580746341061283
4.405950546264648 3.978750055486506
3.6003382205963135 3.6003382205963135
3.9519024188701923 3.9519024188701923
3.562423381399601 3.5953283217346783
3.857059235268451 3.8813123516007964
3.884665298461914 3.884665298461914
3.8910626498135654 3.8462320143176663
3.754834119011374 3.780257138338956
3.7865775280200973 3.800566790855094
4.047790781656901 4.06048119586447
3.9634882609049478 3.9634882609049478
2.9752464294433594 3.3938629150390627
4.126805782318115 3.9991518103558086
2.976369619369507 3.481409872731855
3.9128604465060763 3.9128604465060763
3.6066840676700367 3.581346485712757
3.758732493330793 3.646508944236626
3.553248405456543 3.6636632802535076
4.022553877397017 3.8761502220517112
3.960297022110377 3.960297022110377
3.858975365048363 3.846924706328687
3.7130645042242008 3.6549845950704225
3.8399167604084257 3.882802918899891
4.005434538188734 3.374824812605574
3.7116111899321935 3.5355076381138395
3.341318130493164 3.534563460440006
3.622298391241776 3.622298391241776
3.8467025756835938 3.751474344505454
3.7032707064759496 3.652564126937116
3.7377619157757676 3.7265139574195905
4.064875382643479 4.0725962320963545
3.5221097392420613 3.646965559138808
3.4293631417410713 3.6555746059225065
3.348597476356908 3.42774189693827
3.956324259440104 3.956324259440104
3.530653953552246 3.4729147246389678
4.6823240007672995 4.6823240007672995
3.5204376220703124 3.5073104254943503
3.657038187809128 3.6912699954610475
3.5918558411679027 3.6380499637488164
3.8414173126220703 3.7219117971567006
3.882970174153646 3.784587718822338
4.961711682771382 4.858344305129278
3.8872333102756076 3.8872333102756076
3.7068779839409722 3.6635311753002564
3.8999970901844114 3.9111260308159723
3.5727532958984374 3.4382024911733775
3.686500275440705 3.6089807683771307
3.8673197428385415 3.8673197428385415
3.4725636073521207 3.4725636073521207
3.496087881234976 3.496087881234976
3.8579631604646383 3.6408713658650718
3.5252581072283222 3.5648009937661915
3.664235628568209 3.5808871287219928
3.513392130533854 3.460707664489746
4.361246109008789 4.2140036190257355
3.6581333705357144 3.608694194275656
3.664939117431641 3.666526140485491
3.768990071614583 3.7262568618312026
3.962764052094006 3.9121798347024357
3.8869072744779496 3.9043850985440343
3.6327845255533853 3.6327845255533853
3.594504890861092 3.603218568574398
3.84173583984375 3.897333709286972
3.6516537873641304 3.5191290868471747
3.9272924150739397 3.9272924150739397
3.8073717753092446 3.5969308900439048
3.9992137235753678 3.9992137235753678
4.299844039113898 3.8653999886861663
3.547351705616918 3.7111681201789954
3.6624798442042152 3.6624798442042152
3.4094144381009617 3.4094144381009617
4.0229208058324355 3.8912429809570312
4.0597483317057295 4.0597483317057295
3.7519669305710566 3.5639444986979165
3.530706133161272 3.6109674965463032
4.015250433058966 3.7826385498046875
