4.183370208740234 4.183370208740234
4.435401916503906 3.981954062857279
3.9611138237847223 3.8895947686557113
3.830984404592803 3.830984404592803
3.593281854059278 3.676192824904983
4.398593902587891 3.625565378289474
4.2147165934244795 4.614585876464844
4.086165836879185 3.4868255615234376
3.9080489721053686 4.048527562341024
3.7697286402925534 3.8213936941964284
3.9139476776123048 3.9139476776123048
4.059061279296875 4.059061279296875
3.9751087535511362 4.061238438629907
3.9483097076416014 3.9483097076416014
3.7929776819740852 3.8214126780063293
4.123292876452934 4.123292876452934
3.78639386151288 3.8418346586681547
3.7669716225014076 3.7969526169617054
4.091355372519389 4.108041189767264
4.943002700805664 4.943002700805664
3.418412057976974 3.418412057976974
3.8296009850880455 3.8947367948644303
4.321156819661458 4.050191758554193
4.1405775887625555 4.1405775887625555
3.8646630679859832 3.8646630679859832
3.975311805462015 3.7804759632457388
5.153256310356988 5.133822441101074
4.056077894273695 4.000369281888758
4.14453649520874 4.14453649520874
3.9592372349330356 3.9592372349330356
3.687502774325284 3.6415038070058436
3.9224730271559496 3.9119915301983172
4.035031058571556 4.035031058571556
4.020835544752038 4.020835544752038
3.720869157697771 3.771234809027778
3.919295027449324 3.9506884319026296
3.7411113739013673 3.6893653282752403
3.9840473112512806 3.976191734200093
5.57397985458374 5.57397985458374
3.2365926106770835 3.483390583711512
4.003094991048177 4.053171793619792
3.405999617143111 3.405999617143111
3.771418151855469 3.5710419612144357
3.753841515743371 3.841773260207403
3.6715358299545096 3.707976217830882
3.9318150111607144 3.7685797275641026
3.955209558660334 3.6834463639692827
4.147468566894531 5.018476867675782
4.7655863761901855 4.7655863761901855
3.677264091296074 3.738686301491477
3.775178256100171 3.775178256100171
3.866831678025266 3.725569530199933
3.657611529032389 3.7413414264547415
3.909737326882102 3.929825771002122
3.9002877481328615 3.9002877481328615
4.295298489657315 4.295298489657315
3.7513924875567035 3.770912026459316
4.730494499206543 4.5880742226877524
3.7131472135844983 3.7660593885056515
3.762506792622228 3.762506792622228
3.9051509150752315 3.8364443706376905
4.652769608931108 4.203371320452009
3.857275121352252 3.857275121352252
3.850853488869863 3.850853488869863
3.890570239485981 3.8807367692913926
4.073585510253906 4.073585510253906
4.572283935546875 4.572283935546875
4.436216253983347 3.9750457763671876
4.341036478678386 4.135802459716797
3.827856210561899 3.827856210561899
4.27752685546875 4.27752685546875
3.911959187368329 3.90020751953125
4.14453649520874 4.14453649520874
3.878201066955062 3.922002234825721
4.924280166625977 3.827632997094131
3.7542561275858275 3.7542561275858275
3.6630965338812933 3.6630965338812933
3.8947005638709435 4.019779328377016
3.9457979838053387 3.822997283935547
4.151241302490234 4.462563887886379
3.704282577723673 3.704282577723673
3.9954155815972223 3.8780030946473816
3.8690596870754077 3.8150667463030135
4.064451381138393 3.964879538796165
3.9070628029959544 3.9070628029959544
3.98108400617327 4.32905377839741
4.094066619873047 3.9886542426215277
3.840929551558061 3.841952996504934
3.9656219482421875 3.9656219482421875
4.7645763821072045 3.981646307583513
4.094066619873047 4.018095143636068
5.271627214219835 5.271627214219835
3.615637642996652 3.615637642996652
3.9816514835801233 3.968696431910738
3.8418929360129614 3.6871692657470705
4.989348602294922 4.562564503062855
4.0040199973366475 4.0040199973366475
4.066895428825827 3.7413794777610083
3.7704445167824074 3.7750259871335374
3.8326822916666665 3.8236744220440206
3.7911481355365955 3.8041196412678007
3.4305787263093173 3.4985017447636046
4.322116216023763 4.089032854352679
4.775679588317871 4.775679588317871
3.6440207163492837 3.7752750584336576
3.8403611294058866 3.8403611294058866
3.8598113188872465 3.9123825073242187
4.181048689217403 4.017400793127112
3.8947500749067827 3.8947500749067827
3.7116156684027777 3.7278634207589287
4.3798419407435825 4.244342803955078
3.997152622767857 3.997152622767857
4.091644287109375 4.091644287109375
3.7004706341287363 3.7004706341287363
3.6869630813598633 3.872103736514137
3.699588351779514 3.7727553423713234
3.831809488932292 3.8176864996189024
3.6681475722998904 3.6150798556170884
5.64771032333374 5.184169475848858
4.008203424559049 4.053827010138186
3.8821211594801683 3.873793295764048
4.177287292480469 4.354251167990944
4.351554234822591 4.351554234822591
3.8145547556322676 3.8145547556322676
4.22194319504958 4.2708885192871096
3.5096922654371996 3.666925653681025
3.5976558685302735 3.529689073562622
4.30278205871582 3.955735498545121
4.134542083740234 4.17701427753155
4.027556057634024 3.9438743591308594
3.724787394205729 3.724787394205729
4.384559631347656 4.277283986409505
3.7347820443166815 3.7347820443166815
3.842822735126202 3.846592003191021
3.7159978957403275 3.6633686266447367
4.12395580394848 4.12395580394848
3.9450485874229755 3.9450485874229755
4.1280975341796875 3.9631460866620465
3.955911865234375 3.7438669204711914
4.083127473530016 4.075721208439317
4.469149589538574 4.469149589538574
3.6993844839242787 3.585451843918011
3.556532956241222 3.5662295692845394
4.647627258300782 4.188070348791174
3.967901865641276 4.126809861924913
3.6948661110617897 3.69666748046875
4.041430423134251 3.8671015986689814
3.7580447726779513 3.825772212101863
3.9293596744537354 4.09228744506836
4.270422617594401 4.270422617594401
4.247448971396999 4.071381705147879
3.837370130750868 3.8688836097717285
3.839046902126736 3.839046902126736
4.032957288953993 4.032957288953993
4.014020052823153 4.041987827845982
3.7379947238498263 3.840636730194092
3.9514411477481617 3.9255332946777344
3.893781929961906 3.912513256072998
4.268436138446514 4.050678835076801
3.712826710826946 3.712826710826946
3.771316115920608 3.8233251650471334
3.747993732320851 3.7490001005284928
3.9472115256569604 4.073941040039062
4.044188605414496 4.103650093078613
3.8109588623046875 3.9459473746163503
3.886631446548655 3.886631446548655
4.63880360921224 4.650667724609375
4.102918682676373 4.102918682676373
4.2783672626201925 3.6400272535241167
3.8195846557617186 3.7477970123291016
3.532595699780608 3.5301686756646453
3.893555414109003 3.8814009545554575
4.072131916628045 4.014668919096057
3.7249942135501217 3.7249942135501217
3.84194966235192 3.853089516207298
3.775861528184679 3.6895981732536764
4.354015491626881 4.2037253866390305
5.241463252476284 4.499957765851702
3.888185773577009 3.888185773577009
3.894752671983507 3.8078603644120066
3.5373916625976562 3.5227056182591263
3.9739908617596296 3.929970519183433
3.9081942240397134 3.9081942240397134
3.781997317359561 3.861926007014449
4.149979562470407 3.9932886759440103
3.68526876197671 3.7267995981069713
3.9280335562569753 4.008516199448529
3.8612891564002405 3.9334596445862675
4.287373436821832 3.8901078073601973
4.0499045632102275 4.0499045632102275
5.335249120538885 5.335249120538885
3.6042715219350963 3.74625066012272
3.499940660264757 3.4199325016566684
3.874663446990537 3.897381817853009
4.194304215280633 4.2699629260647685
4.157239176432292 4.157239176432292
5.134108066558838 4.511631435818142
3.8916827931123623 3.8933032642711294
3.8893092674545096 3.8893092674545096
3.9419893391927086 3.9419893391927086
3.820988246372768 3.820988246372768
4.22517978443819 4.22517978443819
3.758139217601103 3.758139217601103
4.045865740094866 4.045865740094866
3.6488485897288605 3.6476113648541206
3.7822422745204207 3.7740442118513475
3.6058627397586136 3.66927788474343
4.464084201388889 4.4282100026200455
3.838864483410799 3.838864483410799
3.9765592876233553 3.8467018373550905
4.01057375394381 4.064086016486673
4.030515943254743 4.030515943254743
3.759679970621061 3.759679970621061
4.421154022216797 4.421154022216797
3.7983712768554687 3.8412632086338143
3.7189698830629005 3.7189698830629005
3.551431756270559 3.5828816483660444
3.7044214521135603 3.868833216225229
3.8667454189724393 3.8667454189724393
3.3574867248535156 3.3574867248535156
4.209492076526988 4.209492076526988
4.20332281930106 4.20332281930106
3.810958413516774 3.810958413516774
3.8817714769013074 3.9105012501385197
4.129353013149528 4.129353013149528
3.468018304734003 3.468018304734003
4.1073282029893665 4.1073282029893665
3.7874409068714487 3.7395468047170928
3.8175427667025863 3.85418922542908
3.5041467172128185 3.6022916353665866
4.973899841308594 4.904244105021159
4.457106628417969 4.457106628417969
3.7980337142944336 3.7980337142944336
4.941518783569336 3.8852867713341346
4.6290160285101996 3.9993109452097038
3.4676365852355957 3.956783930460612
3.815286075367647 3.818101212785051
3.7990293760557434 3.843050582320602
5.287072923448351 5.287072923448351
5.545550028483073 4.618521690368652
3.931973232312149 3.958189328511556
3.583985137939453 3.583985137939453
4.246036529541016 4.246036529541016
3.6273794174194336 3.6273794174194336
4.37803840637207 4.08053934349204
3.848960759089543 3.8286124564505912
4.412101135253907 4.480700773351333
4.094015021073191 3.8701457148012905
4.168135643005371 3.6236359969429346
4.125521396068817 4.125521396068817
4.056400347359573 4.056400347359573
3.727588399251302 3.727588399251302
4.485174451555524 4.485174451555524
5.05842045375279 5.05842045375279
3.9643539980233435 4.0334468135127315
3.833703670861586 3.758652080189098
3.9847379018025224 3.9474585451672426
3.9068274310254676 3.897083794892724
4.02401377360026 4.02401377360026
3.7264331635974703 3.7264331635974703
3.7637342515882555 3.7637342515882555
5.19532945421007 4.134884920987216
3.9160928318643164 3.8992409627945697
4.216359329223633 3.875120723948759
3.774031321207682 3.774031321207682
3.576090858096168 3.522339351593502
4.186101701524523 4.611692746480306
5.034911346435547 4.636385465923109
4.259946060180664 3.7969395319620767
4.130629710662059 4.177220033795646
3.975989023844401 3.6339751533840015
3.7628745719178083 3.7700106474267185
4.491108576456706 4.976391474405925
3.9280315198396383 3.863492551057235
3.9471424244068287 3.917182651817376
5.068675994873047 3.979715683880974
4.57982073332134 4.460170604564525
3.7717361450195312 3.7717361450195312
3.5584591952237217 4.022339884440104
3.5031436738513766 4.043170360808677
4.012704737046185 4.012704737046185
3.75993300929214 3.780268874123832
4.0330681434044475 4.055292401994977
4.173524780273437 4.173524780273437
4.3956756591796875 4.3956756591796875
3.776155732368511 3.76487483222054
3.83654094192217 3.8733115316439077
3.7332050120772946 3.7275427876503815
3.83103264702691 3.584528496924867
3.998403787612915 3.998403787612915
3.6152725219726562 3.805916195824033
4.480278015136719 4.024313403714087
3.612557943765219 3.612557943765219
3.745866736587213 3.7729704747745645
4.245615386962891 4.318407694498698
4.202187789113898 4.202187789113898
5.5224863688151045 5.363523864746094
3.58665438051577 3.5556564331054688
3.9701759815216064 3.6269222960180167
4.18217658996582 4.18217658996582
3.6366485595703124 3.670590422874273
3.8066307806199595 3.9714162917364213
3.620614314424819 3.6948470150131776
4.061038017272949 4.063725558194247
3.8646198347503065 3.883244564658717
3.789958953857422 3.789958953857422
3.7826071074514678 3.7826071074514678
3.8006487463274574 3.8006487463274574
4.159866919884315 4.264858470243566
4.470431645711263 4.418334234328497
3.9525905145662965 3.928993918678977
3.8761742746728096 3.857274373372396
3.8131668375145575 3.8131668375145575
4.606782749720982 4.606782749720982
4.379419397424768 4.266378784179688
3.8068330552842884 3.741740417480469
3.912041448777722 3.912041448777722
3.5796361650739397 3.7452933175223215
3.750670636286501 3.750670636286501
3.8923683166503906 3.8923683166503906
3.934002543604651 3.8839005835262346
4.1250601241837686 4.13371513259243
4.286530234596946 4.286530234596946
4.139807383219401 4.12029794546274
3.844179153442383 3.8976143731011286
3.878503163655599 3.891145706176758
3.890588548448351 4.364110213059646
4.426436832972935 4.426436832972935
3.908870496247944 3.908870496247944
4.1558294426904965 4.1558294426904965
3.7920966148376465 3.7920966148376465
3.95348813552265 3.9138671875
4.157345665825738 4.157345665825738
4.443594655682964 4.71187506781684
3.8110572487298695 3.8110572487298695
3.799065589904785 3.9180006239149305
3.648319682136911 3.672705851810079
3.689957066586143 3.8274959441154235
3.812126803110881 3.775471788771609
3.838047409057617 3.7580551147460937
3.9528190211245886 4.005640100549768
3.7400249905056424 3.7400249905056424
3.505435997331646 3.505435997331646
3.9110676158558237 4.032516842796689
3.9198385874430337 4.02146742078993
3.6607709200877063 3.7258410453796387
4.2375022486636515 4.336091588755123
4.333924102783203 4.091092962967722
3.6444013945910396 3.65326164764108
3.8697509765625 3.729606900896345
3.8409229625355112 3.857358186141304
3.862158122815584 3.77251463669997
3.971697293795072 4.040324892316546
3.963581715981791 3.984862377025463
4.2845916748046875 4.534248352050781
3.724285783438847 3.724285783438847
3.943805694580078 3.680891581944057
3.9335809004934212 3.8759358723958335
3.865603332519531 3.727519179835464
3.697920481363932 3.697920481363932
3.9001573835100447 3.8907470703125
3.963842576549899 3.8395688065858646
4.434665203094482 4.434665203094482
4.330602792593149 4.330602792593149
3.8375353331959574 3.8264027579886015
3.968533935546875 3.968533935546875
3.8513567997859073 3.877276611328125
3.722849332369291 3.722849332369291
3.654755389104124 3.654755389104124
3.9273244496938347 3.9663562774658203
5.5224863688151045 3.6694213322230746
3.927753672880285 3.927753672880285
3.8863309224446616 3.8863309224446616
3.577512710813492 3.5914740763919455
5.016788058810764 5.016788058810764
4.034473266601562 4.034473266601562
3.96702241897583 3.86004638671875
3.6778388872538526 3.621657522101151
4.609046936035156 4.468174674294212
4.278073310852051 4.005894380457261
3.90429573059082 3.914890008223684
4.0666554768880205 4.0666554768880205
3.8676912901831453 3.813332035856427
3.661431448800223 4.332596412071815
3.66993552760074 3.660370635986328
3.71908459362683 3.7240813439633667
4.205138466574929 4.205138466574929
3.613217222924326 3.568146317093461
3.9855204737463663 3.988769263551946
4.2937156677246096 4.426794754831414
3.6321705278143823 3.721627910485428
3.788908137831577 3.788908137831577
3.7758371728098292 3.724023357715482
3.8532580794575058 3.812941841457201
5.344518661499023 5.344518661499023
4.063547134399414 3.8735574994768416
4.015933837890625 4.047898077195691
4.160148033728967 4.160148033728967
3.7086541848104506 3.9368505710508765
3.9895543917803695 3.9895543917803695
3.7214590890066965 3.7214590890066965
4.85003662109375 4.8210039138793945
3.8526493419300425 3.730094216086648
3.8036667596726192 3.963360285354873
4.1105827169215425 4.056104693496437
3.8454409147563733 3.9337921142578125
4.26700496673584 4.26700496673584
4.448555355980282 4.448555355980282
3.9891694481693096 3.9891694481693096
4.093894958496094 4.093894958496094
4.387033250596788 4.12086550394694
3.6659038704885565 3.6659038704885565
4.652008904351129 4.164068121659128
4.163454055786133 4.163454055786133
3.6376605694110578 3.758753816846391
4.004659271240234 4.299916234509698
3.650928921169705 3.774834228515625
4.033177477248172 4.015872244107521
3.735718197292752 3.6295149666922435
3.9614456721714566 3.7904939070991848
3.8990793228149414 4.002665201822917
4.117920303344727 4.035528916579026
4.061874701052296 4.265822799117477
4.037689555775035 3.9984358938116777
4.296368598937988 3.8341474861934266
3.8049678096064814 3.7121241092681885
4.652769608931108 4.652769608931108
4.014927864074707 4.014927864074707
4.289926989325162 4.309656654916158
3.82814155190678 3.835530975718557
3.730778780850497 3.730778780850497
3.7259766714913503 3.7259766714913503
4.65439848466353 4.65439848466353
3.8724007283834587 3.8724007283834587
5.176760537283761 4.400617772882635
3.8779991305604273 3.8779991305604273
4.08282470703125 3.9750431060791014
3.347275733947754 3.708259945824033
4.312581634521484 4.312581634521484
4.069773232064596 4.069773232064596
4.1967632587139425 3.8261122592659884
4.0733995939555925 4.0733995939555925
4.06950584617821 3.9102262056790864
3.9460746363589636 3.9460746363589636
3.803797795222356 3.926089571923325
3.800769132726333 4.034333728608631
3.6191188927852744 3.6191188927852744
3.810389534371798 3.810389534371798
3.7732162475585938 3.797991551390482
3.9199802943638393 3.986645820813301
3.861310518704928 3.861310518704928
3.396771098292151 3.396771098292151
3.771522216796875 3.6120968288845487
3.648530439897017 3.7788963317871094
4.295141922800164 4.295141922800164
3.604048064260772 3.604048064260772
3.80406005859375 3.80406005859375
3.377727190653483 3.913638644748264
3.7273220858731113 3.7273220858731113
3.9091391170726104 3.94506495132059
3.732619418892809 3.732619418892809
3.8570648193359376 3.852407102231626
3.559480821764147 3.559480821764147
3.8915324057302167 3.8915324057302167
3.9019264221191405 3.9019264221191405
3.887150814658717 3.887150814658717
3.838590145111084 3.838590145111084
4.704681396484375 4.213372935419497
3.7386849959266377 3.7386849959266377
4.04320461467161 4.04320461467161
4.1795458984375 3.8290896029085726
3.775229881549704 3.7992360968338814
3.6687793731689453 3.575263514663234
4.074869709630167 3.9043384898792612
3.7744603650323274 3.5672610535913583
4.398106166294643 4.398106166294643
3.8914216694078947 3.877420316866743
3.8640174865722656 3.8640174865722656
3.625295118852095 3.632903546918163
3.5991313888365966 3.4684386694130778
3.630318874782986 3.6474390933388157
3.9250212063754564 3.8383613254712974
3.5971519470214846 3.5971519470214846
3.925518580845424 3.9048860511001275
4.054814728213028 4.170886699969952
3.9661662578582764 3.8206151326497397
4.314273198445638 3.9764306640625
3.162083489554269 3.162083489554269
3.835175183354592 3.854688231296803
3.9456456502278647 3.9456456502278647
