3.891340891520182 3.891340891520182
3.7727081298828127 3.771968205769857
4.043413576872452 4.043413576872452
3.610271199544271 3.610271199544271
3.62679916553283 3.6719649120043685
5.345203399658203 4.086683485243055
4.215545654296875 3.9867206696541078
4.500497055053711 4.033723667689732
4.056605158625422 4.056605158625422
3.9058251014122596 3.836702813042535
4.127404646439985 4.129590098063151
4.012377508755388 4.058226614287405
3.994253755819918 4.019708306939752
3.863925767981488 3.864520481654576
3.791628209556021 3.819345574629934
4.197516918182373 4.197516918182373
3.7588519141787575 3.78127204047309
3.81282253440367 3.820587158203125
4.073329045222356 4.073329045222356
3.8159685134887695 3.878618680513822
4.443555514017741 4.443555514017741
3.816100589812748 3.8065349578857424
4.35287841796875 4.261163956079727
4.297826766967773 4.297826766967773
4.025653948102678 4.025653948102678
4.203436924861028 4.1223554611206055
5.1573005089393025 5.1573005089393025
4.1535936143663195 4.100592755256815
5.173207759857178 5.173207759857178
4.403245162963867 4.2061614990234375
3.713323605940646 3.713323605940646
3.805940628051758 3.8968544699928978
4.321148826962426 4.321148826962426
3.912205571713655 3.912205571713655
3.712159062775088 3.712159062775088
3.8335173757452714 3.8335173757452714
3.7376768530868905 3.752248784547211
3.9943867505081303 3.9943867505081303
4.438021523611886 3.9657158851623535
4.242890930175781 4.187378406524658
4.264145533243815 4.264145533243815
4.9839613778250555 4.457454681396484
3.834987053504357 3.787864421976024
3.7746625264485676 3.7726218182107676
3.5907367907072367 3.6603774126838236
3.8542724609375 3.8542724609375
4.512526194254558 4.177113022915153
4.391916002546038 3.8803497314453126
4.68149651421441 4.68149651421441
3.5645797317092485 3.5645797317092485
3.6795403467465753 3.6795403467465753
3.82461320593002 3.82461320593002
3.806792519309304 3.899251002891391
3.9294701093508873 3.9644178662981306
3.938323398806014 3.938323398806014
4.565032958984375 4.565032958984375
3.6899393717447917 3.763294219970703
4.487038863332648 4.325599988301595
3.8473441384055396 3.8473441384055396
3.8715687413369455 3.8715687413369455
3.9563248508660367 3.996515287769784
4.077256202697754 4.077256202697754
3.8197344611672794 3.8197344611672794
3.8457198469606166 3.8745267891589505
3.9108489150301033 3.9108489150301033
4.6074644724528 4.6074644724528
4.480871412489149 4.115143485691236
4.291867512028392 4.149708922480194
3.9901839362250433 3.74564280408494
3.6244054521833147 3.6244054521833147
4.571096897125244 4.916522026062012
3.8301464427601206 3.8301464427601206
4.724581718444824 4.724581718444824
3.779943642496061 3.856405019760132
4.446598052978516 3.8887696877504005
3.7548182390738223 3.7548182390738223
3.694415914601293 3.694415914601293
4.082785924275716 4.082785924275716
3.962488047281901 3.962488047281901
3.918826176570012 3.597599702722886
3.722930484347873 3.722930484347873
3.982570375714983 3.982570375714983
3.7475662231445312 3.7475662231445312
3.9853739584645917 3.9853739584645917
3.6078529357910156 3.6078529357910156
3.962592840194702 4.018644853071733
4.2269118172781805 4.564985820225307
3.837405992590863 3.872351198780293
3.916228350471048 3.9008076985677085
4.071569654676649 3.832217945772059
3.035181681315104 3.589483896891276
4.0346152565696025 3.677041834050959
3.4706592559814453 3.4706592559814453
3.922133735988451 3.922133735988451
4.234440196644176 4.348031616210937
4.324547903878348 3.6335395530418113
3.9809638473588196 3.9809638473588196
4.034563700358073 4.139188978407118
3.7191580747946715 3.7191580747946715
3.825750592111171 3.825750592111171
3.747299692989175 3.747299692989175
3.5000217579029225 3.5000217579029225
4.625314235687256 4.470389556884766
3.6650121053059896 4.1370849609375
3.8391582782451925 3.8391582782451925
3.896098067120808 3.8743157958984376
3.880191578584559 3.880191578584559
4.19310829856179 4.19310829856179
3.8496186012445492 3.8496186012445492
3.6757912149234695 3.671716532575975
4.484778184157151 4.186646171238111
4.0088790457589285 4.0088790457589285
3.9810848751583614 3.642940630231585
3.7009807548137625 3.817942070238518
4.379865646362305 4.16841607344778
4.8519370339133525 4.8519370339133525
4.2013080303485575 4.2013080303485575
3.777721857620498 3.777721857620498
4.868566724989149 4.609368387858073
3.9460011608195753 3.942304289742802
3.903259007276687 3.903259007276687
4.181426275344122 4.181426275344122
4.550649642944336 4.082721286349827
3.8173329527948945 3.8173329527948945
4.74030647277832 4.74030647277832
3.5842714215269185 3.696319237183989
4.4245249430338545 4.4245249430338545
4.452653364701704 3.891104888916016
4.225223541259766 4.438915393970631
4.080844066182121 4.080844066182121
3.8595175235829453 3.8595175235829453
5.225686815049913 4.355719730771821
3.866863250732422 3.863467746310764
3.7735663519965277 3.7735663519965277
3.6780127409462615 3.7111189850663715
4.173468271891276 4.173468271891276
3.922654045952691 3.9755494304906542
3.7849559783935547 3.7849559783935547
3.986092800564236 3.986092800564236
4.166278307950949 4.166278307950949
4.044096139761118 3.7155518304734003
3.6541807651519775 3.6779346734705105
3.6230734891669694 3.6230734891669694
4.157250086466472 4.157250086466472
3.819745635986328 3.8981100718180337
3.7694420004790685 3.7694420004790685
4.058887799580892 4.058887799580892
4.156145597759046 4.083389960394966
4.803768851540306 4.086343245072798
4.198496038263494 4.198496038263494
4.01160888671875 4.01160888671875
4.702927084530101 4.702927084530101
3.8753869798448353 3.8612324396769204
4.310822168986003 3.7026784987676713
4.0090829817975155 4.0090829817975155
3.9418727329799106 3.9418727329799106
3.989415523779653 3.9642079027393198
3.917162401922818 3.9458767030297257
4.013170744243421 4.013170744243421
3.7508912317961167 3.7508912317961167
3.85274415375084 3.85274415375084
3.634107462565104 3.634107462565104
4.477890297218606 4.477890297218606
3.942284433465255 3.942284433465255
4.03792108808245 4.03792108808245
3.7815495932974468 3.7815495932974468
4.4388136022231155 4.209358215332031
4.053503597483916 4.053503597483916
4.183891883263221 3.85225830078125
3.781439682533001 3.91466860227947
3.562623274953742 3.7211704727046744
3.8296349158653844 3.8934478759765625
4.053649393717448 4.053649393717448
3.721725657016416 3.721725657016416
3.8399579448084675 3.8883060273670016
3.838912770717959 3.861358283547794
4.52520211537679 4.52520211537679
4.483227122913707 3.69893307156033
3.34323466907848 4.087581210666233
3.9028133816189237 3.9028133816189237
3.5254805370043685 3.6874741562851914
3.9321371225210338 3.9321371225210338
3.9236313734597306 3.9236313734597306
3.8313503923087286 3.7966431962682847
4.0647561815049915 4.0647561815049915
3.6627449622521033 3.759526482943831
3.879982410777699 3.879982410777699
3.8746392548973883 3.8746392548973883
4.059381008148193 4.215842110770089
3.929986270857446 3.9186153411865234
4.232581398703835 3.947796161358173
3.5709601508246527 3.6026012944240198
3.5755215115017362 3.7281079973493303
3.8496269330586474 3.8698099772135417
4.158179032175164 4.057756777162905
4.10890875922309 4.007726776465941
4.580431302388509 4.2595098586309526
4.12080192565918 3.776338849748884
3.874965338059414 3.894681324678309
3.8723758951822917 3.8723758951822917
4.116623207374856 3.9515808953179254
4.112717076351768 4.112717076351768
3.8339049021402993 3.7657227516174316
4.178483363560268 4.178483363560268
3.611329885629507 3.611329885629507
3.826033935546875 3.8188756540280964
4.088475135064894 4.088475135064894
4.348477257622613 4.242567516508556
3.765033767884036 3.807542407785663
4.117613983154297 4.00039800008138
4.1045997619628904 3.909902572631836
3.994032382965088 3.994032382965088
3.7622052360983456 3.831543853317482
4.78608767191569 4.644352082283266
3.996649424235026 3.996649424235026
3.808367156982422 3.808367156982422
3.487238244165348 3.487238244165348
4.281508922576904 4.281508922576904
3.926173041848575 3.9295792352585566
4.703114100864956 4.381040874280427
4.406298469094669 4.406298469094669
3.3740747239854603 3.569566090901693
4.234515816824777 4.135216081646127
3.893998463948568 3.8195792144199587
4.106873945756392 4.152788972201413
3.630565643310547 3.630565643310547
3.7667232695079984 3.7452924174647175
4.195438232421875 4.195438232421875
3.7686547273714868 3.7925893878409878
3.459249178568522 3.459249178568522
4.350643475850423 4.33198897043864
4.041293462117513 4.219122823079427
3.799015733062244 3.799015733062244
4.450816345214844 4.249036407470703
4.461453177712181 4.566138819644325
4.027008750221946 3.9063955453725963
3.766429091944839 3.766429091944839
3.602856076996902 3.602856076996902
4.677996444702148 4.677996444702148
3.9749520041725854 3.9852896796332464
3.9206104064255616 3.9206104064255616
4.512598514556885 3.9442279213353206
4.396548461914063 4.019261429949505
4.907741546630859 3.8877098208568137
4.339724333389945 4.339724333389945
3.8732106042286705 3.9435260479266825
4.276873358364763 4.359206443609193
3.952423413594564 4.33084065205342
4.602156066894532 4.118271963936942
3.9265110667158916 3.9265110667158916
3.9760971069335938 3.9760971069335938
3.736843532986111 3.8331313223209023
4.686607360839844 4.686607360839844
5.448049545288086 5.448049545288086
4.0941510368795955 4.007431628657322
3.8465931172273597 3.8465931172273597
3.932938639322917 3.949898346125731
3.8636335893110796 3.8636335893110796
3.9487821790907116 3.7111197577582464
3.7720699310302734 3.7720699310302734
3.760462103949653 3.760462103949653
4.921466064453125 4.921466064453125
3.93301164611312 3.93301164611312
4.861952463785808 4.712227291531033
3.799533600502826 3.85235595703125
3.598112949105196 3.5737980861289826
3.6066601276397705 3.887118475777762
4.755972968207465 4.524081010084886
4.488137054443359 3.7905842174183237
4.052858376804786 4.10818354288737
4.075281052362351 4.229236744068287
3.7650577711022417 3.7650577711022417
5.008073170979817 4.27710889733356
3.984547424316406 3.959522501627604
4.048259099324544 3.723421582988664
5.05997050892223 4.315021314119038
4.53402853012085 4.156972885131836
3.830942153930664 3.830942153930664
4.068102700369699 3.6273562782689144
3.7985937330457897 3.7871521541050504
4.026856835208722 3.9143027776404273
3.725746010834316 3.7825379982972755
4.029405517578125 4.029405517578125
3.717421569824219 3.60254467234892
4.0999464147231155 4.0999464147231155
3.7637492529030054 3.7637492529030054
3.8082154528929455 3.8082154528929455
3.7397222104279892 3.7812741543384307
4.125349807739258 4.001384266635828
4.0149862355199355 4.014312744140625
3.6540225159888173 3.718463962360964
4.113066991170247 4.205940662730824
3.6115933931790867 3.6115933931790867
3.723699035644531 3.723699035644531
4.21089354015532 4.21089354015532
3.8866023472377234 3.939754909939236
5.01871337890625 4.476053873697917
3.794571803166316 3.8185837689568016
3.8133364359537762 3.8133364359537762
4.85009765625 4.777651700106534
3.688332214355469 4.074950427543826
4.034198337131077 3.935024045548349
3.6359405517578125 3.6359405517578125
3.8606818704044117 3.8606818704044117
3.8596097711931194 3.7497388778194303
4.837704467773437 4.837704467773437
3.810682652360302 3.810682652360302
3.866865340523098 3.8592164086513834
4.837017939640925 4.439483642578125
4.542547607421875 3.6974394425101904
3.933370626197671 3.933370626197671
3.8868483203952597 3.8868483203952597
3.800352035030242 3.800352035030242
4.613833803119081 4.613833803119081
4.252474212646485 4.252474212646485
4.705146789550781 4.59410255833676
3.85186525375124 3.8767012532552085
4.422009785970052 4.026500501130757
3.8021214411808892 3.8021214411808892
4.87410306930542 4.01089929651331
4.202543670055913 4.202543670055913
4.168046951293945 4.168046951293945
3.974975879375751 3.856297543174342
4.007408297791773 3.8722927350939416
4.282768018317945 4.282768018317945
4.837704467773437 4.837704467773437
3.898181915283203 3.898181915283203
3.922992467880249 3.6677724477407097
3.7575482820209705 3.7575482820209705
4.060819024909033 4.060819024909033
3.891200542449951 3.858740401594606
3.9138309539310514 3.9138309539310514
4.099685024207746 4.099685024207746
4.534876360212054 4.771211242675781
3.813433345060171 3.813433345060171
4.5951963152204245 4.5951963152204245
3.6521947224934896 3.6521947224934896
3.750704715126439 3.838137649175689
3.996665300641741 4.023030359604779
3.7947978144106655 3.7947978144106655
3.947749087685033 3.9278359738936337
3.7013270786830357 3.754973248737614
3.536029052734375 3.536029052734375
4.882142203194754 4.341905381944445
3.7728566256436435 3.927374267578125
3.7328910079656863 3.80428466796875
4.10911041835569 4.070762634277344
4.6235216926125915 4.388064760150331
3.6093608655427634 3.6463023310122282
4.071666717529297 4.066249715870824
3.8036108016967773 3.855125658439867
3.874366044998169 4.135697682698567
3.9555435180664062 3.9555435180664062
3.99188232421875 3.9841172960069446
4.176998138427734 3.9164326985677085
3.7581157337535513 3.7581157337535513
3.547877225008878 3.235662045686141
3.9805736052684293 3.997697279188368
3.8835610782398895 3.8835610782398895
3.725262585808249 3.725262585808249
3.9161640514026987 3.9161640514026987
4.003815040159761 4.003815040159761
4.322149461315524 4.301737043592665
4.125750454989347 4.186743842230903
3.853722748933015 3.853722748933015
3.3900522085336537 3.5561609268188477
4.051735469273159 4.051735469273159
3.740372584416316 3.740372584416316
3.823216029575893 3.8767692841679215
3.946419455788352 3.9153907243595567
4.472039413452149 4.472039413452149
3.856143435916385 3.698151635341957
3.9012930733816966 3.8803628774789662
3.536124613747668 3.717365264892578
4.358013576931423 4.358013576931423
4.162054697672526 4.02923583984375
4.084415912628174 4.084415912628174
3.7149361275337838 3.742462158203125
4.21727180480957 4.545324325561523
4.584883117675782 4.584883117675782
3.9252497685420047 3.9689740267666904
4.018176359288833 4.018176359288833
3.946130009020789 3.8890877859933037
4.056903839111328 3.940668973055753
3.6499010721842446 3.6499010721842446
3.7565183819464916 3.7565183819464916
3.684340613228934 3.3334014892578123
3.656887609981796 3.687007086617606
4.1450906101661396 4.152581108940972
4.709485054016113 4.572601318359375
3.589824535228588 3.6979447249527815
3.796659296209162 3.796659296209162
3.805006060683936 3.841492660402313
3.7740771723728552 3.7949804132634943
4.078676496233259 3.6467606828019425
4.3384543026194855 4.110125641324627
4.409303225003756 4.381954616970486
3.9106185913085936 3.9106185913085936
3.6335884469454407 3.755791015625
3.9764281378851996 3.9645209061472038
4.011608014787947 4.011608014787947
4.231717196377841 4.231717196377841
3.7673669294877485 3.8656192355685763
3.7791745194764896 3.7791745194764896
3.983715057373047 3.983715057373047
3.845132488093964 3.845132488093964
3.923509216308594 4.179752744477371
4.362984466552734 4.0613473074776785
3.9541055430536685 3.9959510540140086
4.703389094426082 3.8526790618896483
4.206725438435872 4.206725438435872
3.7211189817583734 3.7211189817583734
4.26363772437686 4.3133320808410645
4.322012901306152 4.322012901306152
3.6612972136466735 3.798710873252467
3.8852429597274116 3.8057785034179688
3.6330867159193843 3.6330867159193843
3.962013576341712 3.962013576341712
4.7572347852918835 4.3221435546875
3.7552624718617587 3.7552624718617587
3.9010472297668457 3.990683855329241
3.846528094747792 3.874194441170528
4.114468118418818 4.114468118418818
4.094139099121094 4.04949317788178
3.868103720925071 3.69375957142223
3.886877383825914 3.864470943327873
3.8324575424194336 3.959071232722356
4.055436647855318 4.055436647855318
4.145389850323017 4.145389850323017
3.84027349753458 3.84027349753458
3.814580502717391 3.814580502717391
3.600375705295139 3.556885939378005
4.549895286560059 4.39247667467272
3.7597769460370465 3.7597769460370465
4.58296379676232 4.248678479875837
3.848078409830729 3.9638412475585936
4.173347473144531 4.077359835306804
4.921466064453125 4.921466064453125
3.8361394545611214 3.782639465332031
4.152827082453547 4.152827082453547
4.351001739501953 3.8920707283439215
4.039107700563827 4.014563388511783
4.020266927083333 4.062571102810889
3.881724708958676 4.015397234660823
3.837456973982446 3.812741206242488
3.555483136858259 3.555483136858259
3.6936863169950596 3.6936863169950596
3.8250640621030234 3.814858370049055
3.831329636346726 3.790026171454068
3.712131681896391 3.7418036460876465
3.8840983708699546 3.8840983708699546
3.398230119185014 3.398230119185014
3.7943437684257075 3.8447892472550675
3.5917978922526044 3.632952089662905
4.307379232870566 4.28091548039363
3.631294367863582 3.617172689998851
3.7839474487304687 3.786870635716261
4.168981075286865 4.168981075286865
3.732244348013273 3.789520263671875
3.8849952334449407 3.8849952334449407
3.629559074480509 3.629559074480509
3.864308150773196 3.813645768873762
3.313046017208615 3.313046017208615
3.8805333697606645 3.8805333697606645
3.8543445587158205 3.8543445587158205
3.7561838250411186 3.896593176800272
3.625562956838897 3.625562956838897
4.900444575718471 4.900444575718471
3.735042002978246 3.735042002978246
4.001192816372575 4.001192816372575
4.011543937351393 3.932874952043806
3.638627893784467 3.678948419744318
3.6061804029676647 3.6061804029676647
4.313097197433998 3.9965292123647838
3.9902166748046874 3.9026680686257103
3.762634785970052 4.010456914487093
3.6652970086960566 3.6652970086960566
3.8007519696209884 3.652180123836436
3.635095429002193 3.635095429002193
3.554087684268043 3.627426633409634
3.6006661165244465 3.603667235459297
3.9274537889219876 3.9358400998415646
3.5811508178710936 3.6759109497070312
4.051066570971385 4.038873036702474
4.088457892922794 4.07046358084973
3.923543593462776 3.9024919208727384
4.399047241210938 4.34185475316541
3.4676365852355957 3.609865041879507
3.8614858526932565 3.8614858526932565
3.94119873046875 3.94119873046875
