4.941611469655797 4.941611469655797
4.538150720429003 4.466554735527664
4.462681995738636 4.426392132302989
5.204717782827524 4.968162536621094
5.000547582452947 5.0096518776633525
4.6633582221137155 4.617881287919714
4.736791872510723 4.624878484552557
4.257345645985705 3.930254900896991
4.470375958610983 4.470375958610983
4.330205816971628 4.330205816971628
4.760926513671875 4.541349349483367
4.291464261919539 4.291464261919539
4.509710138494318 4.500869265027866
4.325679016113281 4.325679016113281
4.514015544544566 4.514015544544566
4.514409052861201 4.48354062167081
5.41293725302053 5.30494557256284
4.192736567283164 4.240697043282645
4.772630260836694 4.772630260836694
4.8949501283707155 4.8949501283707155
4.329880777994791 4.329880777994791
4.8012229919433596 4.8012229919433596
4.672004962789601 4.663140399639423
4.487843540736607 4.3348439534505205
4.800625887784091 4.794126510620117
4.634473419189453 4.634473419189453
4.753491356259301 4.753491356259301
4.616060014204545 4.616060014204545
4.74854248046875 4.74854248046875
4.359111711090686 4.359111711090686
4.427891996717944 4.427891996717944
4.467464447021484 4.467464447021484
4.476660429541744 4.458075530337592
4.440050397600446 4.440050397600446
4.7394053141276045 4.513054342830882
4.614065701844262 4.581487399428638
4.54931396484375 4.54931396484375
5.1142473220825195 5.1142473220825195
4.6835784912109375 4.6835784912109375
4.4404042561848955 4.4404042561848955
4.6741009666806175 4.374650671126995
4.684475368923611 4.684475368923611
4.318881092900815 4.318881092900815
4.43299550858755 4.419087883170325
4.5822906494140625 4.478864397321429
5.39394137733861 5.39394137733861
4.666277640206474 4.6690724690755205
4.430923897879464 4.460987548828125
4.591623846090065 4.591623846090065
4.4747439378883405 4.4747439378883405
4.331047836615115 4.346733470954518
4.58124708092731 4.58124708092731
4.564917185949901 4.518951817562706
4.228050970262097 4.228050970262097
4.505599842900815 4.505599842900815
4.234728174302185 4.234728174302185
4.479692420180963 4.444733537946429
4.318421008540135 4.29633288113576
4.654361267089843 4.654361267089843
4.469272136688232 4.469272136688232
4.82747423326647 4.82747423326647
4.540909358433315 4.540909358433315
4.814778645833333 4.747646625225361
4.785714285714286 4.743390664286997
4.4548145238903984 4.4548145238903984
4.265183021282327 4.265183021282327
5.038886093511814 5.038886093511814
4.485035557900706 4.501748264426052
4.894227981567383 4.620471813060619
4.6429186369243425 4.6429186369243425
4.194983140477595 4.194983140477595
4.307260706804801 4.307260706804801
4.3783889278288814 4.246327568502987
4.69594292891653 4.69594292891653
4.43251718639654 4.428805096418733
4.711769851983762 4.711769851983762
4.517544882638114 4.517544882638114
4.571355910528274 4.571355910528274
4.410731336805555 4.410731336805555
4.20661689865757 4.20661689865757
4.701630441766036 4.657344736951463
4.092946866663491 4.092946866663491
4.522332509358724 4.522332509358724
4.311368863258136 4.311368863258136
4.260056637927313 4.260056637927313
4.74083251953125 4.74083251953125
4.382874469367826 4.382874469367826
4.777436881229796 4.942670822143555
4.2086833879059435 4.266778733995226
4.578583984375 4.580884898792614
4.6370370483398435 4.6370370483398435
4.975350323845358 4.635520688949093
4.559920641840721 4.485863095238095
4.970844137257543 4.901371426052517
4.402530633835566 4.402530633835566
4.391994310461956 4.374711706283245
5.158210754394531 5.023873647054036
4.358484286014165 4.358484286014165
4.607118250960011 4.607118250960011
4.504530029296875 4.42012513358638
4.503859810207201 4.503859810207201
4.505307081269055 4.501353056534477
4.557094504616478 4.557094504616478
4.0923490704230545 4.182920619419643
4.123663509593291 4.123663509593291
4.411835193634033 4.470024012312105
4.682649448939732 4.682649448939732
4.574712233109907 4.579268429257454
4.8227293433212655 4.8227293433212655
4.462719257061298 4.462719257061298
4.389402582404319 4.467800564236111
4.316729458895597 4.316729458895597
4.543272972106934 4.425310108759632
4.72557373046875 4.72557373046875
4.240874912427819 4.240874912427819
4.766307830810547 4.716879326000548
4.938082659686053 4.938082659686053
4.618560204139123 4.618560204139123
4.763791963651583 4.627203828545027
4.721649805704753 4.721649805704753
4.688158671061198 4.723291931152343
4.659075568704044 4.717337566873302
4.2977956136067705 4.381738860031654
4.511573246547154 4.404838053385417
4.456933407383111 4.42333237901866
5.229422251383464 4.851626586914063
4.6912037919207314 4.6912037919207314
4.398330965909091 4.491134181167141
4.3991784384084305 4.3991784384084305
4.530077324538935 4.553565530215993
4.344499041776702 4.344499041776702
4.296160630776849 4.296160630776849
4.2807147051837 4.2807147051837
4.437984999789987 4.437984999789987
4.46676728219697 4.46676728219697
3.8576702880859375 3.8576702880859375
4.290850830078125 4.290850830078125
4.42913818359375 4.404415982440837
4.3179779052734375 4.3179779052734375
4.5735933982719805 4.5735933982719805
4.95094250094506 4.890380389873798
4.7592323704769735 4.7592323704769735
4.2893506920855975 4.2893506920855975
4.552252279745566 4.552252279745566
4.474067080337389 4.474067080337389
4.40413072374132 4.4355541685092374
4.263904140006363 4.263904140006363
5.304029050080673 5.304029050080673
4.8622081756591795 4.8622081756591795
4.439589105650436 4.439589105650436
4.606544263435133 4.606544263435133
4.570490837097168 4.4866449265252974
5.06444832938058 4.981993884575076
4.47616535908467 4.47616535908467
4.773938369750977 4.773938369750977
4.529632568359375 4.457331040326287
4.392086574009487 4.55708250280929
4.593151473999024 4.593151473999024
4.5999372766373 4.5999372766373
4.551708686642531 4.551708686642531
5.152502877371652 5.152502877371652
5.012760835535386 4.926308673361073
5.16776123046875 4.929992110640915
4.606144074470766 4.500282689144737
4.487227783203125 4.460097687153876
4.682772318522136 4.682772318522136
4.2538826802278455 4.225294192853412
4.228236334664481 4.228236334664481
4.484744202856924 4.484744202856924
4.030921349158654 4.179679489135742
4.222191139503762 4.222191139503762
4.355538736979167 4.485571892706902
4.822933490459736 4.822933490459736
4.117300791283176 4.134915757453305
4.312506147425809 4.312506147425809
4.27627908958579 4.27627908958579
4.780536885164222 4.780536885164222
4.32372319303601 4.3294899680397725
4.775071124641263 4.775071124641263
4.634925842285156 4.634925842285156
4.54986572265625 4.508960499482996
4.345333596934443 4.338109466078368
4.281832407756024 4.281832407756024
4.287912136170922 4.287912136170922
4.6015822951858105 4.653896179199219
4.32562255859375 4.32562255859375
4.199604279404387 4.199604279404387
4.640270657009548 4.747337977091472
4.331310718090503 4.457570622476299
4.4618162445674665 4.437357584635417
4.395603345788044 4.35556910982068
4.5642627916838 4.5642627916838
4.3443569060294855 4.3443569060294855
4.373171140821718 4.37002604716533
4.531820889176993 4.545680901943109
4.294448513454861 4.294448513454861
4.586608462863499 4.586608462863499
4.597947977356991 4.596623777433206
4.411042203608248 4.405958028940054
4.88851572672526 4.88851572672526
5.129563302704782 5.129563302704782
5.272127628326416 5.272127628326416
4.498152770996094 4.498152770996094
4.555070277622768 4.463343922684833
4.868654472883358 4.868654472883358
5.220853424072265 5.220853424072265
4.932825333032852 4.932825333032852
4.4346973507903344 4.510733971228967
4.587650532625159 4.560757778658726
4.356379769065163 4.4079429224917765
4.675476609614858 4.587309047154018
4.469883388943142 4.469883388943142
4.528369496169599 4.528369496169599
4.562344637784091 4.5369038581848145
4.34819344594969 4.34819344594969
4.412163399361275 4.412163399361275
4.858478779695472 4.858478779695472
4.391691788383152 4.391691788383152
4.084060206557766 4.159520563089623
4.8889110565185545 4.8889110565185545
4.62629491632635 4.483946366743608
4.696752820696149 4.548026084899902
4.591143681452825 4.591143681452825
4.657582059819648 4.714459351818971
4.789942847357856 4.653914388020834
4.667082314179322 4.667082314179322
4.627214933696546 4.627214933696546
4.952363177043636 4.952363177043636
4.663816892183744 4.663816892183744
4.6888391000253185 4.660336606137387
4.751914419778964 4.751914419778964
4.494575746597782 4.494575746597782
4.726730143229167 4.610953194754464
4.561997819655012 4.561997819655012
5.153165980747768 5.153165980747768
4.70358696333859 4.70358696333859
4.362789983334749 4.362789983334749
4.815777206420899 4.503131763355152
4.558937242296007 4.558937242296007
4.895704315929878 4.895704315929878
4.445067342122396 4.456896346654648
4.576520589192708 4.576520589192708
4.584014357182017 4.584014357182017
4.234280102873502 4.219629889366611
4.726850007709704 4.726850007709704
4.543358880120355 4.470184326171875
4.800913238525391 4.744869656032986
4.851246495400706 4.851246495400706
4.631213772681452 4.58258739270662
4.6400604248046875 4.553153213189573
4.490926968849312 4.490926968849312
4.578076082117417 4.479382832845052
4.706372261047363 4.706372261047363
4.634987309293927 4.599323272705078
4.828956867086476 4.897806658063616
5.1790599207724295 5.1790599207724295
4.41708872269611 4.265263276941636
4.718552084530101 4.718552084530101
4.798352693256579 4.685050964355469
4.243135452270508 4.243135452270508
4.4669246536364655 4.417261224043997
4.39053023488898 4.39053023488898
4.400888727999281 4.400888727999281
4.394961101252858 4.394961101252858
5.41580546985973 4.7892782277074355
4.190138626098633 4.190138626098633
4.65158447265625 4.65158447265625
4.595293449633049 4.595293449633049
4.305749332203584 4.305749332203584
4.914143880208333 4.914143880208333
5.082943647335737 5.082943647335737
3.962792598839962 3.962792598839962
4.762736638387044 4.762736638387044
4.51103807532269 4.50698725382487
4.552769688197545 4.4842277526855465
4.562580923016152 4.562580923016152
4.549911838107639 4.549911838107639
4.140332221984863 4.273339522512336
4.468819936116536 4.4295072239755795
4.5504042405348555 4.6962738037109375
4.523323934586322 4.527867706728653
4.399417406892123 4.399417406892123
4.326046993857936 4.326046993857936
4.604995201373923 4.554222232005635
4.44761488172743 4.44761488172743
4.541181995022681 4.305839275491649
4.61646721952705 4.61646721952705
4.906287883890086 4.791841634114584
4.808895924052254 4.771708170572917
4.382394154866536 4.390901692708334
5.351338704427083 4.818322499593099
4.583807082403274 4.505918532151442
4.346478378563597 4.346478378563597
4.809471299913194 4.589037214006696
4.505124046688988 4.505124046688988
4.481687999906994 4.481687999906994
4.431714444547086 4.431714444547086
4.554191775438262 4.554191775438262
4.421831467572381 4.421831467572381
4.453801049126519 4.453801049126519
4.861967686244419 4.828514462425595
4.309732499816608 4.309732499816608
4.614759787535056 4.614759787535056
4.660858979096284 4.666632862580128
4.651082693052686 4.644171586895355
4.590337508764023 4.559444050932135
4.733970023490287 4.733970023490287
4.4441237449646 4.4441237449646
4.510228678385417 4.510228678385417
4.39566701866058 4.387440768155185
4.678638805042613 4.671467557866523
4.622916363655253 4.539247674457098
4.675397028688525 4.628898513149208
4.812987433539496 4.812987433539496
5.2137876998546515 4.96525916274713
4.668811282596073 4.645956039428711
4.588010025024414 4.386588096618652
4.6291823387146 4.673514288824958
4.574797531654095 4.574797531654095
4.541829923304116 4.541829923304116
4.451872945483265 4.451872945483265
5.172970111553486 5.172970111553486
4.51748046875 4.572809709821429
4.846126822538154 4.563380241394043
4.557027493990384 4.557027493990384
4.852803548177083 4.6851043701171875
5.016829761106576 4.980237748887804
4.51202970805921 4.51202970805921
4.7295556640625 4.7295556640625
4.730301082835478 4.823137749565972
4.5434315999348955 4.5434315999348955
4.761486296958112 4.761486296958112
4.6814940603155835 4.5572698683965776
4.877419026692708 4.877419026692708
4.665927463107639 4.665927463107639
4.26693669071904 4.26693669071904
4.986267444699309 5.019748190174932
4.199349539620536 4.199349539620536
4.483197679706648 4.546233595463267
4.593516859897347 4.377507748811142
4.450286518443715 4.450286518443715
4.824415009597252 4.824415009597252
4.49586661202567 4.49586661202567
4.485710991753472 4.485710991753472
4.474659023000233 4.474659023000233
4.6699574788411455 4.6699574788411455
4.566716891616138 4.559242355991417
4.770205906459263 4.728092670440674
4.4231558204593515 4.4231558204593515
4.5568715790171685 4.534851417112886
4.530066111731151 4.530066111731151
5.165540313720703 5.165540313720703
4.946470780806108 4.902226987092392
4.326233376073473 4.326233376073473
4.516059770976027 4.461888819565008
5.023833274841309 5.0657910798725325
4.2226430719549 4.2226430719549
4.8009185791015625 5.060911698774858
4.353924873547676 4.353924873547676
4.345743815104167 4.345743815104167
5.244147406684028 4.830176102487664
4.632238051470588 4.571781937794019
4.208363850911458 4.208363850911458
4.238520812988281 4.308657762480945
4.497579847063337 4.497579847063337
4.876062786768353 4.876062786768353
4.627246183507583 4.6019530523391
4.4790485561294044 4.504214837684394
4.438149662341102 4.438149662341102
4.146483201246995 4.146483201246995
4.468892733256022 4.3041063096788195
4.53802490234375 4.53802490234375
5.310633589581745 5.310633589581745
4.97880018079603 4.700002271075581
4.421792501931662 4.37854458423371
5.034389919704861 4.514876244773327
4.435255076787243 4.435255076787243
5.1357408888796545 4.828997899615575
4.704983797940341 4.704983797940341
4.762429555257161 4.762429555257161
4.61350342937719 4.61350342937719
5.082787862638148 4.852248834103954
4.843973650251116 4.741780723013529
4.7580323830629005 4.4950159466455855
4.2737507820129395 4.253440093994141
5.18919431246244 5.18919431246244
4.364721459078502 4.364721459078502
4.442737335854388 4.442737335854388
4.578558897360777 4.578558897360777
4.193073356238595 4.193073356238595
4.459815434047154 4.459815434047154
4.429671223958334 4.429671223958334
4.392143816987345 4.392143816987345
4.4167092063210225 4.473596929193853
4.438040771484375 4.438040771484375
4.84132594688266 4.84132594688266
4.527540418836805 4.528236741286058
4.531950082351912 4.531950082351912
4.7026472091674805 4.7026472091674805
4.642341859879032 4.642341859879032
4.577692825601708 4.577692825601708
4.485898659446023 4.409511566162109
5.012169781853171 4.890029525756836
4.447096527599897 4.372987077042863
4.419088612432065 4.419088612432065
5.297377409758391 5.297377409758391
4.703849325374681 4.680945611769153
4.767197629238697 4.81513671875
5.091148071289062 4.686553151983964
5.197014944893973 4.816021919250488
4.597870390293962 4.597870390293962
4.483203381091565 4.483203381091565
4.12233155638307 4.166805935889175
4.675098419189453 4.685760035659328
4.291202585320724 4.327417490433674
4.683686669193097 4.683686669193097
4.634736603381587 4.634736603381587
4.910458374023437 4.82566115435432
4.607382228231837 4.607382228231837
4.407021106128961 4.407021106128961
4.404067266555059 4.538247829530297
6.268002319335937 4.980671809269832
4.306826782226563 4.399474825177874
4.260364205496652 4.307608114706503
4.369953321373981 4.3700927734375
4.427431599477703 4.344259675016108
4.9826498592601105 4.376612799508231
4.5487039354112415 4.520009110613567
4.3311063878676475 4.3311063878676475
4.575108032226563 4.530083656311035
4.583149571572581 4.583149571572581
4.692078038265831 4.610763023639548
4.435497538248698 4.435497538248698
4.3934716945741235 4.3934716945741235
4.439180297851562 4.439180297851562
5.123376351815683 5.123376351815683
4.486565792199337 4.407851800685975
4.782705770956503 4.871129014756945
4.363768204398777 4.49767671472886
4.779815673828125 4.779815673828125
4.841991170247396 4.541719970703125
5.047393798828125 4.33165110712466
4.56139894515749 4.56139894515749
5.428291320800781 5.146732677112926
4.414509609606139 4.235695039695091
5.294893582661946 4.828347682952881
5.047393798828125 4.33165110712466
4.257644841700424 4.281775895939317
4.57784916804387 4.57784916804387
4.444611340034299 4.444611340034299
4.4032370827414775 4.282270159040179
4.267628696986607 4.267628696986607
4.5196856544131325 4.5196856544131325
4.69372745436065 4.6715604720577115
5.285871505737305 4.599246025085449
4.524033657340116 4.524033657340116
4.490692731246208 4.464146649395978
4.530612721162684 4.530612721162684
4.503672724184782 4.404633068647541
4.43053828059016 4.43053828059016
4.772716946072048 4.642161051432292
4.158790139590993 4.174361791366186
4.479692060868818 4.444762868979542
4.52723538145727 4.484956846132383
4.368145441604873 4.368145441604873
4.429654920423353 4.532021701926052
4.450593245656867 4.450593245656867
4.928354211755701 4.81521996786428
5.048018844039352 5.048018844039352
5.226993560791016 4.955449071423761
4.362131006577435 4.489120874649439
4.445431607440837 4.445431607440837
4.509905450994318 4.515681419051996
4.748504638671875 4.719422503215511
4.498485159366689 4.5758256912231445
4.241781992455051 4.241781992455051
4.898460896809896 4.898460896809896
4.263931736801609 4.266270810081846
5.147539138793945 4.518173053700437
5.81148176926833 5.145933068316916
4.045727598900888 4.045727598900888
4.5384089772294205 4.6858945574079245
4.395889718191964 4.395889718191964
4.505099826388889 4.323829650878906
4.507311456853693 4.507311456853693
4.270808778960129 4.2706018342940935
4.35442130796371 4.35442130796371
4.6547688185566605 4.6547688185566605
4.393122080210093 4.512141902272294
5.897332668304443 5.897332668304443
4.76089794921875 4.736416339874268
4.792380939830434 4.816678416972258
4.34432662160773 4.381710913873488
4.601998721852022 4.601998721852022
4.3320333546605605 4.304092721193416
4.665466853550503 4.665466853550503
4.5995941162109375 4.552539861090829
4.254276476408306 4.24731170997191
4.771652364285193 4.756274968927557
4.423797264527739 4.411730396504304
4.480633448040675 4.482079626012731
4.415353001515271 4.356607225206163
4.525127364928464 4.525127364928464
4.233744710286459 4.2403940968699265
4.545779510629024 4.519703885002615
4.7405615234375 4.660027567545573
4.629801432291667 4.629801432291667
4.442967928372896 4.442967928372896
4.398457752574574 4.373725628030711
4.625280547560307 4.728917681981647
4.340828699010019 4.340828699010019
4.686587719207115 4.686587719207115
4.351310729980469 4.403895786830357
4.30817465840081 4.30817465840081
4.496745148597405 4.496745148597405
4.460460316051137 4.460460316051137
