4.935972486223493 4.579324637894082
4.456437091438138 4.456437091438138
4.554837544759114 4.548272931134259
4.901521381578948 4.8020884195963545
4.915998899019682 4.681400246816139
4.65958876020453 4.527295361768018
4.451890854608445 4.285847981770833
4.461896260579427 4.411294974532782
4.369167218889509 4.290769075092516
4.328249918619791 4.328249918619791
4.790707058376736 4.477343620137965
4.202462913876488 4.202462913876488
4.543505777448615 4.535879169395584
4.385654320463466 4.371144321986607
4.516733078729539 4.404304653990502
4.3749065977154356 4.410963270399305
5.548177648473669 5.052204478870738
4.318502388748468 4.318502388748468
4.822347005208333 4.6529522089995154
5.0189666748046875 5.0189666748046875
4.290183899894593 4.2414980287905095
4.774787902832031 4.6922986430506555
4.6869873046875 4.682933553059896
4.287425321691177 4.186769585860403
4.835446472167969 4.7317649711996825
4.358107315866571 4.276665320763221
5.173533389442845 5.0541748046875
4.6770123073032925 4.635579771914725
4.6706016294417845 4.6870744035050675
4.35761246219758 4.35761246219758
4.492138406504756 4.501992451775934
4.5402554992242905 4.5402554992242905
4.5141287276993936 4.532220749627976
4.770506078546697 4.22392124082984
4.623447286671605 4.7843611433699325
4.6384251035493 4.425758283162854
4.568267581969734 4.593817508581913
5.176930477744655 4.706458867982376
4.5411534627278645 4.638350388099408
4.502935682024274 4.4714244974070585
4.59492919921875 4.536535535539899
4.748017467151989 4.742168529613598
4.35856349779212 4.368189283638946
4.4443464279174805 4.387209704322537
4.531400981702302 4.365522965140965
5.609019688197544 5.201932386918501
4.832008361816406 4.832008361816406
4.4327184606481485 4.4327184606481485
4.60554443359375 4.60554443359375
4.518106133274778 4.515969198258197
4.312138771524235 4.337349556587838
4.5527078647806185 4.522731386382004
4.608305931091309 4.542806874150815
4.232354022086935 4.232118586903995
4.504655416032909 4.498832800033244
4.244019717261905 4.244019717261905
4.465487036374536 4.5591780181623935
4.611806233723958 4.62706298828125
4.503781187768076 4.503781187768076
4.162053601495151 4.273294549239309
4.747645729466488 4.727577478745404
4.63195771991082 4.63195771991082
4.953376770019531 4.4350027787057975
4.762847557496489 4.652046588936237
4.455192888286752 4.4501641886123755
4.158058449074074 4.350349875057445
4.909273420061384 4.749794120219216
4.574930513822116 4.4568567043397485
4.919272994995117 4.919272994995117
4.53574507863898 4.459599903651646
4.1617685953776045 4.198130476365396
4.155743208087858 4.1770643346449905
4.330636978149414 4.199012346165155
4.700667953491211 4.376937018500434
4.4370988624291785 4.42443074207989
4.803495366522607 4.726033528645833
4.642338053385417 4.385990004941641
4.561932563781738 4.59818212536798
4.336282903497869 4.2716803117231885
4.27105283065581 4.2677658660502376
4.871817502108487 4.772971471150716
4.207120790586367 4.207120790586367
4.596589645536819 4.483062744140625
4.305807590484619 4.3116539588341345
4.291892921531593 4.31172125400641
4.610267760261657 4.610267760261657
4.423616027832031 4.323225827561211
4.741750829360065 4.564875932173296
4.250201584002293 4.133898579482491
4.507529048596398 4.473287282896436
4.524143763950893 4.282271915011936
5.108450399862753 4.708415985107422
4.714736340092678 4.6400373979048295
4.852793100717905 4.4848935053898735
4.44271969100804 4.432410198709239
4.42387931577621 4.388112386067708
4.761697622445913 4.438964407784598
4.383153915405273 4.4225557388797885
4.619888438349185 4.621058654785156
4.484879280756978 4.484879280756978
4.51751708984375 4.512167440878378
4.733461480391653 4.719451317420373
4.57246574988732 4.614599329824666
4.08997304815995 4.1376427283653845
4.24064685452369 4.24064685452369
4.545922173394097 4.528826522827148
4.673715444711538 4.67785504220546
4.517327670393319 4.517327670393319
4.9561767578125 4.9561767578125
4.416118838922764 4.416118838922764
4.314811982304217 4.276587253146701
4.29748060438368 4.29748060438368
4.557233907408634 4.458603752983941
4.861602381656044 4.655609477650035
4.203557276463771 4.2226498105110375
4.696520516041959 4.696520516041959
5.21794548034668 5.078966064453125
4.6643195519080525 4.664341227213542
4.6703277191558445 4.6703277191558445
4.821606106228298 4.877828353490585
4.529854668511285 4.048937345805921
4.6541558760630934 4.576992958470394
4.172272205352783 3.864415662042026
4.50487227006392 4.4091755192454265
4.447267044422238 4.377176496717665
5.087016352900752 4.502218681469298
4.79966171928074 4.8152103747351696
4.519258197985198 4.290881455207186
4.37766170501709 4.3809876260878164
4.522390897156762 4.43085265427493
4.310037400987413 4.345765366384635
4.330291958512931 4.239032451923077
4.269612722267393 4.269612722267393
4.3990013045494 4.3872737561242054
4.53407844954622 4.53407844954622
4.189492930536685 4.189492930536685
4.226521352703652 4.251577571946747
4.380945579292848 4.406420539407169
4.319692809725068 4.340118128225344
4.448052978515625 4.448052978515625
4.526688372502561 4.379715829525354
4.629040914868551 4.629040914868551
4.306446811609101 4.306446811609101
4.565340750558036 4.391462100449429
4.462796075003488 4.419488427473262
4.404410975085911 4.342252154682958
4.24570134371647 4.265557736766581
4.991906847272601 4.991906847272601
4.927911376953125 4.547136433919271
4.412805627893518 4.452832787437776
4.56716064453125 4.286844187769397
4.46086640053607 4.345461717292444
4.875011243318257 4.875011243318257
4.658962249755859 4.560117721557617
4.225489501953125 4.351283772786458
4.531489551515508 4.469708117809924
4.533933590619992 4.516825640643084
4.65583354670827 4.229347229003906
4.652473449707031 4.590296020507813
4.505271185012091 4.533906379632191
4.988930922288161 4.988930922288161
5.310913487484581 4.981605529785156
4.559651543112362 4.384911346435547
4.5953188295717595 4.603958372085813
4.482851664225261 4.508354994829963
4.716241455078125 4.437310718354725
4.241767578125 4.241767578125
4.236543638516316 4.211702204932851
4.227200317382812 4.227200317382812
4.242085774739583 4.237556554094145
4.22463871882512 4.200237306774172
4.447763391443201 4.454774111793155
4.79161130464994 4.517069359348245
4.384022196785349 4.514364142166941
4.298713890281883 4.307524717928514
4.325538779204747 4.325538779204747
4.766107235314711 4.766107235314711
4.364395543148643 4.334890915572277
4.64862060546875 4.591226276598479
4.873217010498047 4.722709655761719
4.423236519949777 4.320237456775103
4.335672029884913 4.335672029884913
4.30618454339936 4.299572714655346
4.434590657552083 4.4399598587390985
5.000991038787059 4.868808927990141
4.226639066423688 4.310960214349288
4.237174140082465 4.2965588925489735
4.564290853647085 4.723263729319853
4.404499295391614 4.512944714776401
4.4220947265625 4.515479136321504
4.380123944349692 4.380123944349692
4.647724802901105 4.647724802901105
4.517171536959134 4.517171536959134
4.389075142996652 4.389075142996652
4.734324137369792 4.773157905129826
4.273412633825232 4.291769027709961
5.004219673775338 4.803805396670387
4.628354864605402 4.610131435706967
4.385809356842808 4.438488661980314
5.106412887573242 4.492707283266129
5.304054260253906 5.304054260253906
4.783377075195313 4.836356099446615
4.469525347699176 4.469525347699176
4.470977783203125 4.453556941105769
4.746533966064453 4.72525369896079
4.5217132568359375 4.414922937170251
4.486351732937795 4.486351732937795
4.4724097158394605 4.4724097158394605
4.4957391490107 4.4957391490107
4.319957235585088 4.37336830780885
4.6696901674623845 4.63988037109375
4.481906002514983 4.555505605844351
4.454258002123787 4.454258002123787
4.690567144826681 4.663709190802845
4.400601321703767 4.407691243489583
4.519616933969351 4.541121149637613
4.978787612915039 4.978787612915039
4.657404360563858 4.4771996957284435
4.1499755859375 4.233560791015625
4.824280197555955 4.498153502682605
4.563087732651654 4.511207837737008
5.061693464006696 5.061693464006696
4.81188412930103 4.7347509765625
4.604482014973958 4.665346904865746
4.573312486921038 4.511455829326923
4.695384763321787 4.628246410472973
4.6104323928420605 4.6104323928420605
4.894518475199854 4.894518475199854
4.867107250072338 4.867107250072338
4.6547396385063555 4.566058713998368
4.713862609863281 4.6453857421875
4.564028422037761 4.518715054381127
4.600822352155855 4.600822352155855
4.54688193581321 4.546929880350578
4.942789385395665 4.461214065551758
4.567423129300459 4.567423129300459
4.6635197726163 4.622501981431159
4.616443316141765 4.616443316141765
4.4490966796875 4.427620492330411
5.0160489549823835 5.0160489549823835
4.470071072048611 4.449977103910298
4.536773479537459 4.5191318841628085
4.644732267960258 4.370011162512081
4.2573518495301945 4.263068090511274
4.619780711638621 4.546521595546177
4.52142763809419 4.476136412801622
4.605642591203962 4.605642591203962
4.910939534505208 4.780254364013672
4.9165199681332235 4.58113048922631
4.662131754557292 4.524852815221568
4.407174032242572 4.406073905326225
4.528513590494792 4.446295696756114
4.676110744476318 4.655349527994792
4.5356218610491075 4.5356218610491075
4.821977314196135 4.429788805774806
4.846980925529234 4.846980925529234
4.325893260814525 4.246314832899306
4.882716042654855 4.882716042654855
4.778954084529433 4.397937104902194
4.268336528056377 4.1799672444661455
4.426275588173903 4.365875244140625
4.326328822544643 4.316192999118712
4.398310004340278 4.416355538875498
4.386045524872929 4.386045524872929
5.344826507568359 4.001558191636029
4.516109008789062 4.498020717075893
4.520825522286551 4.520825522286551
4.40520869074641 4.270735355845669
4.285450062853225 4.345509769352338
4.8777313232421875 4.795352741823358
5.115904697152072 5.072319362474524
4.2270827293396 4.191228866577148
4.838206747303838 4.890375577486479
4.79550623010706 4.79550623010706
4.721929762098524 4.721929762098524
4.587433432818352 4.566763803468528
4.5294189453125 4.516116519189324
4.249563506155303 4.347808555320457
4.398002799230677 4.44979050580193
4.629383916440218 4.615510163483797
4.383531901041667 4.392128247893258
4.443751455142798 4.416093986265121
4.375145652077415 4.337307563194861
4.710276677058293 4.66172119140625
4.209477015904018 4.291129087790464
4.618739408605239 4.514742533365886
4.603692495694724 4.590709994298331
5.08922847624748 5.08922847624748
4.840811452557964 4.830004119873047
4.222259521484375 4.016690889994304
5.043382008870442 4.8616758074079245
4.562188840379902 4.434518293900923
4.375969071821733 4.299334409425584
4.7601508246527775 4.518610000610352
4.51401718348673 4.413823908025568
4.71414277047822 4.7038812255859375
4.544720736416903 4.4179613667149695
4.507924912851068 4.507924912851068
4.483730792999268 4.525699810390055
4.283668311866554 4.306859835772447
4.7244518280029295 4.7510223388671875
4.293091679962588 4.292826513886977
5.088065837991649 4.886412187056108
4.671313560172303 4.596286507539971
4.71573102966813 4.70098802216199
4.629642148561116 4.52793934581044
4.585243431297508 4.349790445963541
5.122506618499756 4.807606090198863
4.541606251786395 4.541606251786395
4.295746164223583 4.325132581922743
4.706349228367661 4.786342341725419
4.413978427064185 4.36162900253081
4.500412585688572 4.607167389433263
4.908070458306207 4.882971082414899
5.166708628336589 5.042499118381077
4.569300011743473 4.569300011743473
4.779032090130975 4.739670477973091
4.663953653971354 4.663953653971354
4.514720675311511 4.454705011276972
4.629972839355469 4.52579000721807
4.444867955172126 4.444867955172126
5.362400054931641 4.8731249072883704
4.569088040865385 4.6913341946072045
4.740271759033203 4.565556335449219
4.465732828776042 4.414103846396169
4.909447165096507 4.552014519186581
4.9436756078747734 4.502297823546363
4.439506979549632 4.362094916186287
4.804349004005899 4.568394036940586
4.6611539952895225 4.75822279188368
4.699704124813988 4.674349425268955
4.737406804011418 4.705083847045898
4.665609823690878 4.466449675012807
4.5648046875 4.4848933500402115
4.608475394870924 4.683821105957032
4.497317145852482 4.497317145852482
5.246734217593544 5.246734217593544
4.314767548532197 4.216025924682617
4.751178830168968 4.433956643809443
4.771429113439612 4.53147210015191
4.115357561809261 4.388448575647866
4.622082125756048 4.610128302323191
4.6330191476004465 4.669150579543341
4.815033943422379 4.769894790649414
4.4071901236007465 4.4071901236007465
4.830666724671709 4.830666724671709
4.575951046413845 4.575951046413845
5.126896825330011 5.126896825330011
4.3957221344227095 4.357128404591181
4.464456602584484 4.464456602584484
4.524326609141791 4.482053707807492
5.119504656110491 5.119504656110491
5.042293548583984 5.042293548583984
4.329578435309579 4.329578435309579
4.514977847828584 4.496835407457854
5.0076680183410645 4.496844714200949
4.243878996774052 4.243878996774052
5.183229064941406 4.731260880180027
4.387536073342348 4.293673493141352
4.345051484949448 4.32267951965332
4.857670678032769 4.799146247632576
4.68583509657118 4.295417336856618
4.397908325195313 4.0841020153414815
4.205103165064102 4.205103165064102
4.0913280910915795 4.0913280910915795
4.888272094726562 4.888272094726562
4.380043683733259 4.3564320759600905
4.463399938634924 4.463399938634924
4.441518930288462 4.488991939660274
4.415342248004416 4.415342248004416
5.03754768371582 4.79521971482497
4.541020607461735 4.541020607461735
5.140424728393555 5.001869076588115
4.949546390109592 4.788211822509766
4.434895274403331 4.384345397949219
4.9452815336339615 4.811859130859375
4.4504428986580145 4.505851286003389
5.022288731166294 4.99951922307249
4.7270990627915115 4.588024486194957
4.851553344726563 4.851553344726563
4.624447093290441 4.624447093290441
5.114110846268503 4.631929709694602
4.773487091064453 4.396846477801983
4.664268092105263 4.758438803932884
3.9650586102459884 4.074551173618862
4.80435139424092 4.80435139424092
4.320021706065912 4.325706337982753
4.550866831903872 4.550866831903872
4.56774744323928 4.606329767958923
4.282768196159309 4.282768196159309
4.494202295939128 4.453836794252749
4.388715584047379 4.388715584047379
4.4931488037109375 4.4931488037109375
4.482278758081897 4.545477973090278
4.390684489962421 4.436010810766327
4.668457757859003 4.641110172978154
4.396917131212023 4.777986931078361
4.554928779602051 4.659596482368364
4.677989529487782 4.637828776041666
4.732489449637277 4.732489449637277
4.537029374117232 4.551016502010012
4.294400728665865 4.307576239863528
4.8712624686104915 4.8712624686104915
4.279186048005757 4.272162246704101
4.423669210294398 4.447802036830357
5.374985404636549 5.535454383263221
4.505055462872541 4.443877220153809
4.797683253432766 4.745627140653307
4.666565668015253 4.481436920166016
5.342135199185075 4.777702331542969
4.608558067908654 4.608558067908654
4.458616892496745 4.458616892496745
4.300185493800951 4.435417250831528
5.099756577435662 4.90616208031064
4.343668424166166 4.343668424166166
4.303000528304303 4.2415800352354305
4.600461370294744 4.705540466308594
4.6612465598366475 4.57243491118809
4.578594576927923 4.578594576927923
4.416252136230469 4.416252136230469
4.30301767985026 4.233386569552952
4.9820451736450195 4.9150857364430145
5.471250680776743 4.677576065063477
4.2923836959035775 4.522121496367872
4.476549102038872 4.476549102038872
4.221947599712171 4.221947599712171
4.86318842569987 4.3942446027483255
4.674546595982143 4.606429271208934
4.3935606421493905 4.463873969184028
4.618199861966646 4.529888153076172
4.791852753737877 4.791852753737877
4.684623949455492 4.803209881449854
4.542125637248411 4.542125637248411
4.370430501302083 4.183276998585668
4.441736338089924 4.397807183666764
4.60112048733619 4.5815141007706925
4.607174682617187 4.5487382996757075
4.419314872927782 4.45103680645978
4.266450748887173 4.207982472011021
5.023580496651785 5.03804164979516
4.372640132904053 4.236301905672315
4.688016255696614 4.892021179199219
4.481986045837402 4.4748681640625
3.99704647064209 3.9776722301136362
4.328860898561116 4.415325868476942
4.6611183166503904 5.06102180480957
4.978518168131511 5.00140380859375
4.319959852430555 4.350462294116463
4.439683227539063 4.439683227539063
4.497101633172286 4.481385510377209
4.356288285688921 4.31771436788268
4.293292295585558 4.293292295585558
4.455427102481617 4.42514383567954
4.775077633741425 4.612442478989109
5.6257427760532925 5.6257427760532925
4.485819091796875 4.4448091531101666
4.426240524443069 4.3779787437938085
4.513958070336319 4.445795023216392
4.425031661987305 4.4105991270484
4.526882171630859 4.526882171630859
4.512093148580411 4.391863719526544
4.058139241536458 4.058139241536458
4.421350230341372 4.331064297290559
4.5921232096354165 4.534981328015887
4.362702287946429 4.349077362375161
4.400986922414679 4.316309799382716
4.417356979015262 4.307561874389648
5.003357244997608 4.847197969081038
5.022787911551339 5.087607461898053
5.01524756936466 4.4466177804129465
4.355786641438802 4.355786641438802
4.503859732914897 4.480349199487529
4.3927304107363865 4.3927304107363865
4.845616719808923 4.758502006530762
4.411319732666016 4.3049415139591
4.366407012939453 4.379571767953726
4.782361857096354 4.782361857096354
4.232342463667675 4.263051147460938
4.779400165264423 4.906848259691922
3.99704647064209 4.349822411170373
3.897866043390012 3.897866043390012
4.649222579656863 4.55255611359127
4.347175464295504 4.386356490979091
4.113006065631735 4.1224822998046875
4.556375356820913 4.417230314809113
4.278912501351644 4.2690324940697195
4.429542139956825 4.429542139956825
4.575899564302885 4.575899564302885
4.552149846003606 4.415177069769966
4.937941414969308 4.6614501953125
4.70549365234375 4.681126117706299
4.859889332841083 4.445043742986015
4.255098978678386 4.255098978678386
4.496996112898285 4.496996112898285
4.3018435214428195 4.313764246498666
4.519708633422852 4.515980710265457
4.570052407004616 4.550032624101217
4.299631219161184 4.30072645707564
4.76447023664202 4.640162770341083
4.497181352362575 4.381788356329805
4.523636945589321 4.574645569274476
4.3875198170125635 4.3875198170125635
4.518617751014917 4.514265767643961
4.265323612607759 4.3289178342235335
4.534515889485677 4.46747100487184
4.7129974365234375 4.600968424479166
4.638419729764344 4.571308631023378
4.45753104226631 4.562997766443201
4.41573956690797 4.276411320612981
4.610284230065724 4.574937029582698
4.30308837890625 4.255846150716146
4.749851226806641 4.682954069855925
4.400653614717371 4.400653614717371
4.2886682325793855 4.2872903758081895
4.419243327732192 4.440686158459596
4.436755012063419 4.436755012063419
