3.4860017564561634 3.4860017564561634
3.775272678684544 3.775272678684544
3.324679505591299 3.324679505591299
3.715630883569116 3.6866821801962972
3.636331873615896 3.6237739701704546
4.367965153285435 4.17917013168335
3.8850508469801683 3.8850508469801683
3.327456474304199 3.243099728146115
3.4663064646166424 3.587003113793545
3.402286284151133 3.37882080078125
3.536615929236779 3.536615929236779
3.237636644013074 3.29313770238904
3.9153833803923233 3.9153833803923233
3.711815695160801 3.711815695160801
3.5220815297719597 3.5059661865234375
3.4466989878061653 3.4786850286989797
3.824676513671875 3.6798667907714844
3.4615267799014138 3.4289280023789943
3.70348628874748 3.70348628874748
3.2122103373209634 3.2122103373209634
3.657595427139946 3.657595427139946
3.70130189259847 3.70130189259847
3.4903030395507812 3.4903030395507812
3.587671740301724 3.587671740301724
3.8848052978515626 3.8848052978515626
3.4954195295061385 3.457178717491611
3.949745941162109 3.6266204833984377
3.5582669815927184 3.5582669815927184
3.4011737454322075 3.4218239619814117
3.224580244584517 3.3114947509765624
4.279621797449448 3.9403397843644425
3.33299622055172 3.3050128020693323
3.682391611735026 3.4759757302024146
3.09785983436986 3.09785983436986
3.8599331195537863 3.8599331195537863
3.5389789782072367 3.445037218989158
3.5405604044596353 3.5405604044596353
3.4422789982386996 4.3041127522786455
4.557008107503255 5.1852805397727275
3.5514062064034597 3.5514062064034597
3.975916544596354 3.975916544596354
3.42440128326416 3.42440128326416
3.563500527223926 3.563500527223926
3.5156771936149243 3.5156771936149243
4.178505921975161 4.099705782803622
3.606045193142361 3.606045193142361
3.769352839543269 3.769352839543269
3.6118579864501954 3.6118579864501954
3.3827835886101973 3.4441046820746526
3.297240378639915 3.297240378639915
3.6660136347231655 3.6660136347231655
3.5176404424074317 3.5237056544569674
3.704334682888455 3.704334682888455
3.275197246287129 3.275197246287129
3.333349609375 3.3639315341381315
3.248172400132665 3.248172400132665
3.934019276793574 3.824768457657252
3.644972120012556 3.3850905474494484
3.7560375047766645 3.7560375047766645
4.832640075683594 5.061792161729601
3.5861937883988166 3.5861937883988166
3.39109619140625 3.39109619140625
3.4736209698577425 3.4736209698577425
3.177482845908717 3.2569388957938763
3.41717529296875 3.41717529296875
3.348810577392578 3.3374139694940474
3.4284441630045572 3.3269649196315454
3.311125083787907 3.3102467573808703
3.429982965642756 3.3934297723285223
3.1264945438929965 3.4853428734673395
3.211674011859697 3.18143547905816
3.71904296875 3.71904296875
3.605038536919488 3.3908637794288428
4.523843553331163 4.212150573730469
3.4344254678754664 3.4344254678754664
3.593359513716264 3.593359513716264
3.5872597694396973 4.381194374778054
3.6215568991268383 3.6208353457243545
3.0545455188286015 3.133474910960478
3.6754528045654298 3.6890170757587137
3.730931282043457 3.4120146516081573
3.610084865404212 3.610084865404212
4.646961212158203 4.646961212158203
3.1989204192830023 3.1953606856496712
3.4254015506301796 3.4444459955743016
3.309416740171371 3.309416740171371
3.6326731212103547 3.680184615285773
3.695957819620768 3.695957819620768
3.3127204047309027 3.3455422611559853
3.50716315375434 3.50716315375434
3.2192694174276815 3.2722880045572915
3.570512983534071 3.4885400699663767
3.8380367881373356 3.8380367881373356
3.5480074201311385 3.5480074201311385
3.574560414189878 3.574560414189878
4.432574081420898 4.432574081420898
4.051846640450614 3.8953985916940788
3.418057929144965 3.418057929144965
4.316869735717773 4.2081146240234375
3.3619136810302734 3.3669670723580025
3.0724991508152173 3.252898685515873
3.585993766784668 3.6168779072008634
3.824723815917969 3.824723815917969
3.40582275390625 3.3966151646205356
3.983616511027018 3.983616511027018
4.09553367213199 4.09553367213199
3.716578607973845 3.716578607973845
3.8439133255570024 3.705531422684832
3.9807119369506836 3.9807119369506836
3.3538579385747354 3.358616828918457
3.8502876431334254 3.8502876431334254
3.4465962727864583 3.4465962727864583
3.472267468770345 3.472267468770345
4.1612864407626065 3.885819329155816
4.111418951125372 4.111418951125372
3.5676342010498048 3.5771010044642857
3.4277427743334288 3.4277427743334288
3.318560564959491 3.4084627874966325
3.4795241135817307 3.4795241135817307
3.6774316904496174 3.6774316904496174
3.6286916732788086 3.3385543823242188
3.555281775338309 3.16963715986772
3.833759601299579 3.751794702866498
3.355089885432546 3.355089885432546
3.2852728815362005 3.2852728815362005
3.734490167526972 3.734490167526972
3.6905110677083335 3.6905110677083335
3.4610120985243054 3.4610120985243054
4.3402401606241865 4.056497747247869
3.481440840096309 3.481440840096309
3.7188729422433036 3.586953662690662
3.4746810558230377 3.4746810558230377
3.493066538935122 3.520290452606824
4.175812721252441 4.175812721252441
3.9634437561035156 3.9634437561035156
4.156385982737822 3.919091586408944
3.450704150729709 3.450704150729709
3.490676686733584 3.490676686733584
3.6133280786974677 3.6133280786974677
3.549532868141352 3.549992487980769
3.8052936900745737 3.742899258931478
3.4536643650220786 3.4536643650220786
3.4592250901825574 3.4592250901825574
3.2664687545211226 3.3064454844300175
3.525975545247396 3.525975545247396
3.1884946823120117 3.1884946823120117
3.4791016937584005 3.4791016937584005
3.698571857653166 3.698571857653166
3.737499952316284 3.5577984764462425
3.118220503612231 3.118220503612231
3.344054335847907 3.344054335847907
3.1082637310028076 3.8635990142822267
3.2531135822164603 3.271091092017389
4.527667999267578 3.654926300048828
3.4873264857700894 3.7730674743652344
3.291746001003841 3.291746001003841
3.4022957483927407 3.4022957483927407
3.2818756103515625 3.2818756103515625
3.183164743276743 3.30419921875
3.5304229736328123 3.5304229736328123
3.3771311966414306 3.548152707657724
4.10654354095459 3.9464282989501953
3.8485557919456843 3.8485557919456843
3.5982937570345603 3.575811431163878
3.302608160325039 3.3162861761645734
3.2844619750976562 3.2844619750976562
3.540494548740672 3.494117431640625
3.825063532049006 3.737341519059806
3.7568868001302085 3.7568868001302085
3.838560316297743 3.721717171047045
3.3993853614443825 3.3993853614443825
4.113698577880859 4.113698577880859
3.5410277537810497 3.5410277537810497
3.983626516241776 3.8801779174804687
4.217994213104248 3.9011142437274637
3.6457575747841284 3.6265665690104165
4.375580469767253 4.375580469767253
3.3985467208059212 3.3985467208059212
4.084942626953125 3.8588572184244794
3.669118024300838 3.545402495967232
3.6493376112475837 3.6474800857843137
3.8007733070687073 3.5809750764266304
3.3147382463727677 3.3147382463727677
3.284725855267237 3.3081320560339726
3.2516699618980534 3.2516699618980534
3.7074607566550926 3.7074607566550926
3.407009680294296 3.4555067795973557
3.1551467895507814 3.154951844034316
3.398353300898908 3.398353300898908
4.274615478515625 4.274615478515625
4.239008816805753 4.239008816805753
3.3952093857985277 3.3952093857985277
3.2999067306518555 3.497380256652832
3.441551294219628 3.441551294219628
3.65033927330604 3.65033927330604
4.04460334777832 4.04460334777832
3.589969453357515 3.589969453357515
3.6085057751885774 3.591792409012957
3.5824531272605613 3.698503138655323
3.8399483362833657 3.6075684042537914
3.8617434294327446 3.8617434294327446
4.290182431538899 4.290182431538899
3.734319051106771 3.490966796875
3.8007993698120117 4.908374092795632
3.57763671875 3.73202304985687
3.4722798665364585 3.4722798665364585
3.227394421895345 3.346798366970486
4.0354624661532315 3.3620265080378604
3.7113998622110445 3.7113998622110445
3.77166748046875 3.77166748046875
3.5293691987901648 3.5122813029461595
3.251862646828235 3.244023640950521
3.3429443359375 3.2846747204265765
3.2865553356352306 3.2865553356352306
3.7779693603515625 3.7779693603515625
3.391790574596774 3.407940488873106
3.5336924961635043 3.4027699557217685
3.486631344526242 3.486631344526242
3.4477659962809506 3.4477659962809506
3.3539046500493024 3.3539046500493024
3.277554979511336 3.277554979511336
3.2518147648991764 3.2518147648991764
3.5007903429926657 3.4536017702336896
3.3221309407552084 3.3221309407552084
3.4863583311742667 3.4863583311742667
3.6307474772135415 3.6307474772135415
3.284785901085805 3.284785901085805
3.419266487788228 3.419266487788228
3.4650425735524664 3.4897196254298137
3.4814362397065035 3.4251573779914954
3.4430454799107144 3.4430454799107144
3.57404443359375 3.4483304310993974
3.148540355541088 3.148540355541088
3.4246194528978924 3.4483932646194306
3.5591929299490794 3.3162225576547475
3.0157591564820545 3.0656287390906534
3.180688352000957 3.182031019678656
3.2857560377854567 3.4311290067784928
4.211161041259766 3.960914781358507
3.5843266505821076 3.534457337622549
3.2852228904257017 3.3265592906396715
3.5740337540618086 3.6423302283653847
3.237163576305422 3.237163576305422
3.699881291043931 3.7703769631581765
3.552275494831364 3.4737404877284788
3.9586702982584634 3.9586702982584634
3.9586702982584634 3.9586702982584634
3.411545817057292 3.411545817057292
4.375580469767253 4.375580469767253
3.5213053633527056 3.5213053633527056
3.6097732543945313 3.6138029582118407
3.446514518893495 3.462863897186479
3.354024550494026 3.354024550494026
3.8227462768554688 3.8227462768554688
4.030117458767361 4.030117458767361
3.633477046571929 3.5382526454640857
3.8369550704956055 3.6283289429488454
3.845362576571378 3.845362576571378
3.412406725761218 3.5449030627943063
3.5584643133755387 3.5584643133755387
3.662142845892137 3.662142845892137
3.3544083934719278 3.3544083934719278
3.978135681152344 3.978135681152344
3.2652286529541015 3.3481642289595173
3.2653395708869484 3.2653395708869484
3.9276411873953685 3.9276411873953685
3.9072888348553634 3.941789245605469
3.643877752896013 3.643877752896013
3.4482558776285046 3.452369624732906
3.2603272332085504 3.5868359375
3.3542454417158916 3.3542454417158916
3.7957984379359653 3.565463595920139
4.539904276529948 3.4936576722160217
3.981922149658203 3.5045581940681703
3.5180248159222898 3.5371386315211777
3.2721279448112557 3.2721279448112557
3.1812811212225274 3.24232310169148
3.463783995745933 3.463783995745933
3.5955003591684194 3.6425340440538196
3.660375213623047 3.5087429682413735
3.314562577467698 3.040595229791135
3.5071903575550425 3.5860104370117187
3.4679359229835303 3.4679359229835303
3.5514952461674527 3.5750191428444604
3.452866749096942 3.496667226155599
3.70491654245477 3.70491654245477
4.041665213448661 4.041665213448661
3.5358181762695313 3.6178994834969895
3.213468551635742 3.225482177734375
3.8292218017578126 3.723372220993042
3.6640113092237905 3.5480188440393516
3.9792788961659307 3.9792788961659307
3.3724051581488714 3.3724051581488714
3.89258302961077 3.89258302961077
3.924704742431641 3.684309117934283
3.8936065673828124 3.8936065673828124
3.5174385233128325 3.5174385233128325
3.823973711799173 3.823973711799173
3.5005884170532227 3.5005884170532227
3.4480988184611 3.569810950237772
4.550066861239347 4.103256848393654
3.7941391315866024 3.7941391315866024
3.570450128293505 3.570450128293505
4.390202522277832 5.13814263594778
4.34385974590595 4.157070583767361
4.168006420135498 3.4563186320852726
3.9954961140950522 3.9954961140950522
4.1127846457741475 4.1127846457741475
3.7129847208658853 3.5065716014188877
3.354741096496582 3.354741096496582
4.097990813078703 4.097990813078703
3.801218206232244 3.493359375
4.297615898980035 4.297615898980035
3.587453842163086 3.7051866803850446
4.557008107503255 4.97399243441495
3.4627288333953374 3.4627288333953374
3.462082255970348 3.462082255970348
3.8369840424636315 3.8369840424636315
3.5337169372957518 3.5337169372957518
3.597347683376736 3.597347683376736
3.3074277794879414 3.3987869561887254
4.333325522286551 4.333325522286551
4.349541854858399 3.836306819209346
3.7241083780924478 3.39378415621244
3.578127746582031 3.65460205078125
3.4971208243534484 3.4971208243534484
3.4561703205108643 3.341777508075421
4.23918325250799 3.5203389706818955
3.6752957857572115 3.6752957857572115
3.588133021763393 3.5894676414695947
3.5814993722098216 3.5814993722098216
3.46151000030281 3.46151000030281
3.8024966153231534 3.765170738345287
3.634173385496062 3.634173385496062
3.338589816623264 3.43051599573206
3.3614623215024833 3.3614623215024833
3.9265217028166117 3.9265217028166117
3.3871596978635203 3.3871596978635203
3.5300112637606533 3.5300112637606533
3.460709435599191 3.460709435599191
3.8450739007247123 3.8450739007247123
3.5685244887622436 3.4830192633434733
3.5346295082405823 3.5346295082405823
3.7323676215277777 3.805398837002841
3.966880035400391 3.966880035400391
3.331002707009787 3.331002707009787
3.599742889404297 3.5752115557270665
3.8199332101004466 3.792713559907058
3.285129431522254 3.285129431522254
4.51425043741862 4.0359416007995605
3.5207544443558674 3.5207544443558674
4.227109572466682 4.227109572466682
3.337910104305186 3.337910104305186
3.4150711654068586 3.4160233420887214
3.8646918402777777 3.8646918402777777
4.009829521179199 3.7674854823521207
3.6356602544369907 3.6356602544369907
3.3600438435872397 3.306064878191267
3.8459285736083983 3.6572854929956895
4.305072784423828 4.566092173258464
3.6156856830303488 3.6156856830303488
3.3561223347981772 3.34800882542387
3.3242423317649146 3.3242423317649146
4.2470517839704245 3.6849290714707483
4.2470517839704245 3.570850548377404
