3.4897192495840565 3.463950370434467
3.71762414880701 3.71762414880701
3.4219703674316406 3.413621855945122
3.510904752291166 3.5055267776268115
3.6501646041870117 3.6125544586744693
3.9643167768205916 3.9643167768205916
3.9049755096435548 3.750245361328125
3.2783972896746736 3.2783972896746736
3.5417831775754 3.5417831775754
3.433734130859375 3.448244900173611
3.442164252786075 3.5335202100800305
3.217100752160904 3.3370773131588853
3.982328626844618 3.8759351457868303
3.7357879638671876 3.7357879638671876
3.50196533203125 3.5059255467783106
3.627678123680321 3.605316162109375
3.943848860891242 3.8268235729586695
3.40976611328125 3.40976611328125
3.6077037746623413 3.5541951796587776
5.19609006245931 5.19609006245931
3.3760499220628004 3.3760499220628004
3.7614782827871815 3.7614782827871815
3.5874854454627405 3.5874854454627405
3.604381400997899 3.604381400997899
3.601553665964227 3.669603301257622
3.4948529924665177 3.408805084228516
3.710146123712713 3.7481784396701388
3.5405505145037615 3.4719266343390807
3.5117645263671875 3.5117645263671875
3.3295291553844106 3.3363076067985373
4.1176165626162575 4.1176165626162575
3.309648753978588 3.3246079388786764
4.238544191632952 3.9318381569602274
3.767145538330078 3.767145538330078
3.6656276561595775 3.6656276561595775
3.6595434240392737 3.6444869268508184
3.5244658264932753 3.4874933416193183
4.019463675362723 4.019463675362723
3.938845740424262 3.938845740424262
3.6149242625517 3.646238278119992
3.862955093383789 3.862955093383789
3.7783191204071045 3.7783191204071045
3.571555190945264 3.571555190945264
3.4322224934895833 3.4322224934895833
4.125210884289864 4.125210884289864
3.531410548997962 3.5374727602358216
3.6516059426700367 3.6516059426700367
3.5034630515358667 3.5034630515358667
3.3851434326171876 3.3851434326171876
3.256302989612926 3.2713699340820312
3.6767073411207933 3.6681084067134533
3.515950024612551 3.587534662502915
3.6407974906589673 3.664345519183433
3.283031987208946 3.3215545169890874
3.177739461263021 3.138262362093539
3.2792210732736895 3.2792210732736895
3.862413973421664 3.862413973421664
4.606452396937779 4.606452396937779
3.3812637329101562 3.283649444580078
4.235986328125 4.235986328125
3.5851120439547937 3.4769217354910715
3.4407737783137584 3.4393479048840105
3.412915743314303 3.455081490909352
3.272439474587912 3.357141868355348
3.5466657939710116 3.4236505681818183
5.022517395019531 5.022517395019531
3.3378945809823497 3.54729102639591
3.293092248035453 3.2861454995830406
3.4327519734700522 3.4327519734700522
4.3357654147677955 3.7067326632413
3.262599309285482 3.297089316628196
3.383875952826606 3.383875952826606
3.581260172526042 3.4917195638020835
3.676553726196289 3.676553726196289
3.550994873046875 3.53775634765625
3.2090054680319393 3.2090054680319393
3.8609856499565973 4.2523651123046875
3.6996140590933866 3.6957184166036625
2.936805894639757 3.0836031201859595
3.7356582641601563 3.7356582641601563
2.7753944396972656 2.7753944396972656
3.6039789939413267 3.6039789939413267
3.73966916402181 3.6209228515625
3.145361384120556 3.1389802077720903
3.4201445708403715 3.420172489050663
3.292937110452091 3.2931583485704787
3.6030038149302244 3.611283196343316
3.6304915578741777 3.6304915578741777
3.4274256569998607 3.4841370314694524
3.5382027974942836 3.4806550124595903
3.2308662816097864 3.260172401986471
3.6356233055911846 3.6356233055911846
3.4154222276475696 3.3173992450420675
3.530144827706473 3.346268805904665
3.4968204498291016 3.3203151702880858
3.4909133911132812 3.627931382921007
4.4669716574928975 3.571234726324314
3.6226573944091798 3.405107116699219
3.5845536126030817 3.5845536126030817
3.3336286272321427 3.3793617248535157
3.0985481955788354 3.1544407032154225
3.7671109713040867 3.7671109713040867
3.5859733864113137 3.6388829549153647
3.405513386869635 3.372708444183451
4.036111658269709 4.036111658269709
3.811551332473755 3.5599460023822207
3.8652484893798826 3.5455345740685096
3.8494834899902344 3.8494834899902344
3.7313987731933596 3.7313987731933596
3.3330479755302784 3.3330479755302784
3.867881307796556 3.9046597238314353
3.4197763296274037 3.4197763296274037
3.284996759323847 3.597364501953125
3.132237067589393 3.2778565088907876
4.234397464328342 4.276592407226563
3.6383087940705128 3.6620220762310605
3.386501989632009 3.341270732369652
3.381219717172476 3.381219717172476
3.468338240438433 3.468338240438433
3.5228936767578123 3.486797332763672
3.2946291836825283 3.2946291836825283
3.867192586263021 3.394935452208227
3.5880217918982873 3.7221248149871826
3.344722202845982 3.3883612060546877
3.308667351217831 3.308667351217831
3.864804475203804 3.864804475203804
4.977754974365235 3.8943660736083983
3.462798066191621 3.462798066191621
3.6599300384521483 3.3646428725298714
3.4066974094935825 3.4066974094935825
3.721695818219866 3.5532014634874134
3.4498297722785027 3.4498297722785027
3.4415591660366265 3.4415591660366265
3.6960176740373885 3.6960176740373885
3.5926724388485862 3.5926724388485862
3.829645792643229 4.209635221041166
3.411414577536387 3.411414577536387
3.5280241789641202 3.5280241789641202
3.6394405364990234 3.6394405364990234
3.5600759332830254 3.5625694761884974
3.7815991915189304 3.7815991915189304
3.486766497294108 3.486766497294108
3.4704823396643816 3.4704823396643816
3.1820030212402344 3.1866249176393073
3.345674196879069 3.286268989994841
3.0147628784179688 3.0147628784179688
3.550362535702285 3.5937725445171735
3.4511770951120475 3.4511770951120475
3.695160896547379 3.740215903834293
3.194100273980035 3.213522939970999
3.331812540690104 3.3079159943953806
3.7256832122802734 3.7256832122802734
3.236075449798067 3.2129314791771675
3.3225159645080566 3.316478474934896
3.1351728439331055 3.1351728439331055
3.3003666201117317 3.3247134560032894
3.6575078549592392 3.598022969563802
3.37745504176363 3.3118308087904675
3.3491645975315825 3.3044275457208805
4.275554656982422 3.782832554408482
3.391571044921875 3.358150158898305
4.309034892490932 3.9763608891913234
3.8888031005859376 3.8888031005859376
3.624734910867982 3.6310830940877583
3.2815379423253677 3.259545110887097
3.3036827087402343 3.323822380514706
3.3914527893066406 3.2838314056396483
3.7719542891890914 3.9128003242688303
3.6326164350117724 3.6626793872350936
3.556482696533203 3.624847412109375
3.409143206716954 3.409143206716954
3.7154515584309897 3.904488754272461
3.5446331139766807 3.5446331139766807
3.6232827993539662 3.5548390282524958
3.38055419921875 3.357987037071815
3.6576870649288864 3.6576870649288864
4.218639373779297 4.218639373779297
3.7534618377685547 3.7534618377685547
4.2309998406304254 3.9768520991007485
3.6230079933449075 3.567237519054878
3.615579808011968 3.615579808011968
3.8952460038034538 3.8675171608148617
3.242477314584207 3.2499111175537108
3.3260190468134843 3.3310177931145057
3.205469258626302 3.236909422155929
3.7214810353405072 3.6316421031951904
3.425843182732077 3.51661007903343
3.2581021747891863 3.1569623947143555
3.3895374644886362 3.4607533046177457
3.71243647525185 3.4192537815450765
4.368696212768555 3.895107493681066
3.419443858753551 3.505304627499338
4.001479254828559 3.8336189814976285
3.39910721909153 3.418457933247383
3.6198768615722656 3.617059326171875
4.116002009465144 4.237770080566406
3.7265396118164062 3.7265396118164062
3.601230432491491 3.601230432491491
3.4514931732753538 3.4548355905633223
3.8882442656017484 3.9028098583221436
3.8408885451982604 3.8408885451982604
4.043397654657778 4.043397654657778
4.226519266764323 4.226519266764323
3.2621983119419644 3.257281268084491
3.533205394902505 3.6780545673673113
3.4797948201497397 3.551161902291434
3.2560205078125 3.272558288574219
4.921146392822266 4.114605712890625
3.6366255696614584 3.595625636888587
3.727205449884588 3.6915055878308354
3.5394287109375 3.5394287109375
3.2554149766908074 3.2379988269693047
3.3028021240234375 3.327912133587293
3.408518349252096 3.408518349252096
4.941691970825195 4.941691970825195
3.396516081574675 3.376554751824476
3.52469285867982 3.4455322265625
3.388148716517857 3.3727471033732095
3.442793976314484 3.4437654232550523
3.323644893685567 3.391520280104417
3.308324721253034 3.30828857421875
3.276764518336246 3.3643673366970486
3.5162661972866265 3.4993815464256084
3.327771330532962 3.350127391326122
3.382773132324219 3.411138746473524
3.5157384005459873 3.3740330215327994
3.3142829212715954 3.3142829212715954
3.406954838679387 3.406954838679387
3.451603136564556 3.4517975837953627
3.450942357381185 3.450942357381185
3.462095245601624 3.462095245601624
3.5652627235601755 3.5223542270281456
3.187061882019043 3.304866139481707
3.4681901198167067 3.5920099626507676
4.463233947753906 3.5065567429001265
3.0122749114705023 3.1997368147283076
3.1459200298366836 3.1459200298366836
4.249853134155273 3.941685994466146
4.304656346638997 3.6366498542554453
3.599936448890744 3.4596553149020863
3.301677454656093 3.3523980748583697
3.5096563771993172 3.3905784970238093
3.1564557911020463 3.3289331134996916
3.690100236372514 3.53318220845769
3.6574172973632812 3.6194007873535154
3.5367319924490794 4.403100876581101
3.5367319924490794 4.403100876581101
3.2501241994458576 3.327636425311749
3.8721355862087674 3.8721355862087674
3.4301378203601374 3.5565302231732536
3.6015366676932055 3.6227950115593113
3.466136491217581 3.485840457168656
3.2600627089991714 3.5866710734817215
3.677547273181734 3.489841299997249
3.6186866760253906 3.5147902170817056
3.683295113699777 3.7165679931640625
3.900750901963976 3.900750901963976
3.920934823843149 3.953171101022274
3.456647149447737 3.5394468307495117
3.404191913026752 3.404191913026752
3.491046734710238 3.5495205731459065
3.3808847201072565 3.3974427180503732
3.6838274869051846 3.3174136691623266
3.2145496715198862 3.3749139959161933
3.3962636095412235 3.255815448183002
3.755892394018955 3.858405860694679
3.8108169555664064 3.8108169555664064
3.6517247980291194 3.8826815091646636
3.457177618668543 3.457177618668543
3.30773243151213 3.156371802614446
3.381085359597508 3.381085359597508
3.944252438015408 3.6042473736931298
4.611433410644532 4.611433410644532
3.3350321451822915 3.713284419133113
3.5697540544037127 3.5663672275230534
3.2610235973797015 3.2453098770015494
3.270779758029514 3.289886474609375
3.5002495382918792 3.562352701822917
3.5030150780311 3.4851495843184623
4.291904994419643 3.475702158610026
3.3039458702350486 3.5082891016830633
3.1331087748209634 3.496783447265625
3.5030150780311 3.4851495843184623
3.5576495002297794 3.5430024799547697
3.4230255477729883 3.4230255477729883
3.7079889356475517 3.7879280300315368
3.884231294904436 3.884231294904436
3.541937195428527 3.5428338732038225
3.061733436584473 3.1535669275232263
3.9383252461751304 3.788845942570613
3.4394867840935204 3.6058406506554554
4.119869834498355 4.119869834498355
3.342295116848416 3.342295116848416
3.8873870849609373 3.9338131227355073
3.803017356178977 3.803017356178977
3.8612729027157737 3.766680908203125
3.4816300765327783 3.4816300765327783
3.907353295220269 3.7389260653791756
3.4054463704427085 3.360247084673713
4.870236714680989 4.3994915301983175
3.5087366739908856 3.6555191040039063
3.6856432148054536 3.6856432148054536
3.5521697998046875 3.5521697998046875
4.307261572943793 4.307261572943793
4.286514827183315 4.255828857421875
3.7130494798932756 3.7130494798932756
3.8680014610290527 3.8680014610290527
3.948958396911621 3.948958396911621
3.6413345336914062 3.6413345336914062
3.3117372882899954 3.2713769187389965
3.702155113220215 3.702155113220215
3.3436033075506035 3.499831364072602
4.256985346476237 4.909041664817116
3.626457952683972 3.626457952683972
3.940076700846354 4.088112929771686
3.572992632465978 3.5706773840862773
3.6459056712962963 3.781033602627841
3.7875417981828963 3.915279582395392
3.5427281419563905 3.5427281419563905
3.420989207732372 3.3739089965820312
3.176665954589844 3.1325912475585938
3.883817672729492 3.9659768466291756
2.962806913587782 3.313099200908954
4.306551742553711 4.306551742553711
3.5736950568433077 3.5736950568433077
3.5125673467462715 3.5504855685763888
4.4172102610270185 3.3605128696986606
4.256985346476237 3.6728629460410467
3.678166403699277 3.678166403699277
3.623748485858624 3.6048425847833805
3.5929560805812026 3.629654674995236
3.4667985245988175 3.4667985245988175
3.853916713169643 3.7967045307159424
3.6617385864257814 3.5160927673593103
3.5659276450552593 3.5659276450552593
3.357240676879883 3.430366138420483
3.7095118435946377 3.2689521018038974
3.4321269583194813 3.358483715592144
3.5370351938100963 3.5296409948548275
3.462736341688368 3.462736341688368
3.572705782376803 3.572705782376803
3.533111572265625 3.533111572265625
3.4625745500837053 3.48236083984375
3.9357904172411153 3.7684065755208334
4.1631975173950195 4.1631975173950195
3.325236669655055 3.325236669655055
3.68871579851423 5.0840911865234375
3.8327982584635416 3.7887089029947916
3.3406099759615384 3.3406099759615384
3.4801344871520996 3.672485843781502
3.624011004412616 3.624011004412616
4.406526838030134 3.844275297941985
3.33246337890625 3.397948455810547
3.5078981077516236 3.4972122612349485
3.789371143687855 3.789371143687855
4.002249399820964 3.631809821495643
3.6299153645833333 3.581962729400059
3.5060318840874567 3.2751293840079474
3.623088670813519 3.623088670813519
3.8071397145589194 4.678064519708807
3.5005270640055337 3.7561232248942056
3.438088226318359 3.38206453676577
3.406475612095424 3.3638166756465515
3.4931839534214566 3.336496873335405
3.4931839534214566 3.4212337493896485
